Age,Attrition,BusinessTravel,DailyRate,Department,DistanceFromHome,Education,EducationField,EnvironmentSatisfaction,Gender,HourlyRate,JobInvolvement,JobLevel,JobRole,JobSatisfaction,MaritalStatus,MonthlyIncome,MonthlyRate,NumCompaniesWorked,OverTime,PercentSalaryHike,PerformanceRating,RelationshipSatisfaction,StockOptionLevel,TotalWorkingYears,TrainingTimesLastYear,WorkLifeBalance,YearsAtCompany,YearsInCurrentRole,YearsSinceLastPromotion,YearsWithCurrManager,TrancheAge,Ville
48,Yes,Non-Travel,403,Human Resources,30,Doctor,Other,Very High,Homme,61,Very High,5,Research Scientist,Low,Married,11405,182480,0,1,24,Bad,Medium,1,26,5,Bad,7,5,4,2,Senior,Marseille
40,No,Travel_Rarely,1433,Human Resources,46,Bachelor,Technical Degree,Low,Femme,33,High,5,Laboratory Technician,Very High,Single,38621,695178,5,1,2,Bad,Medium,3,18,6,Better,10,4,1,5,Adulte,Marseille
22,No,Travel_Frequently,1259,Support,45,Below College,Marketing,High,Femme,154,High,5,Sales Executive,High,Divorced,48490,242450,5,1,16,Outstanding,High,4,34,5,Better,25,19,24,25,Jeune,Grenoble
24,No,Non-Travel,1218,Software,8,Bachelor,Human Resources,Very High,Homme,150,Low,4,Healthcare Representative,Medium,Divorced,37438,112314,2,0,36,Bad,Low,3,39,6,Good,11,10,8,11,Jeune,Nantes
41,No,Travel_Rarely,987,Software,43,Bachelor,Medical,Medium,Femme,196,Medium,4,Laboratory Technician,Low,Divorced,3220,28980,7,0,3,Good,Medium,2,7,4,Bad,5,5,2,5,Adulte,Nantes
50,Yes,Travel_Rarely,401,Human Resources,40,Master,Medical,Medium,Homme,137,Medium,2,Manager,Very High,Married,9969,29907,5,1,45,Good,Very High,2,2,1,Better,1,1,1,1,Senior,Marseille
45,Yes,Travel_Frequently,670,Sales,35,College,Other,High,Femme,110,High,5,Sales Executive,Low,Married,5544,144144,7,1,2,Good,Very High,3,10,6,Better,7,6,5,6,Adulte,Lyon
44,Yes,Travel_Rarely,1377,Research & Development,8,Below College,Human Resources,Medium,Femme,132,Very High,5,Sales Executive,Low,Divorced,4126,99024,6,1,44,Excellent,Very High,1,38,2,Better,6,1,3,4,Adulte,Paris
41,Yes,Non-Travel,1296,Research & Development,6,College,Other,Very High,Femme,152,High,4,Developer,Medium,Single,8390,8390,1,0,5,Good,High,3,10,2,Better,1,1,1,1,Adulte,Paris
48,No,Non-Travel,1021,Human Resources,36,College,Human Resources,Medium,Homme,147,Very High,1,Healthcare Representative,Low,Single,31383,439362,2,0,12,Good,Very High,1,18,6,Better,18,1,16,4,Senior,Marseille
39,No,Non-Travel,538,Software,33,Doctor,Life Sciences,Very High,Homme,74,High,5,Sales Executive,Low,Married,14197,425910,1,0,27,Outstanding,Low,2,8,4,Better,6,1,4,2,Adulte,Nantes
50,Yes,Non-Travel,1369,Sales,35,Master,Life Sciences,High,Femme,106,High,1,Sales Representative,Medium,Divorced,13144,381176,7,0,43,Outstanding,Very High,1,22,6,Best,17,6,3,10,Senior,Lyon
25,Yes,Travel_Frequently,1247,Software,11,Below College,Technical Degree,Very High,Homme,85,Medium,5,Developer,High,Single,18842,546418,3,0,14,Excellent,Medium,2,8,3,Good,4,2,4,3,Jeune,Nantes
55,Yes,Travel_Rarely,1207,Sales,6,College,Marketing,High,Homme,113,Very High,3,Sales Representative,Very High,Married,29641,503897,7,0,10,Excellent,Low,1,6,3,Better,4,3,3,1,Senior,Lyon
60,No,Travel_Rarely,1328,Hardware,5,College,Other,Very High,Homme,52,Medium,4,Manager,Low,Divorced,46380,649320,3,1,6,Excellent,Very High,3,10,3,Better,3,2,1,2,Senior,Lille
21,No,Travel_Frequently,1115,Research & Development,7,Bachelor,Marketing,Very High,Femme,196,Medium,1,Sales Representative,Very High,Divorced,13562,230554,8,0,47,Excellent,Very High,3,5,5,Bad,3,2,1,3,Jeune,Paris
30,No,Non-Travel,842,Hardware,27,College,Technical Degree,High,Femme,102,High,1,Laboratory Technician,Low,Single,10539,73773,0,0,20,Outstanding,High,1,6,3,Bad,5,4,3,3,Jeune,Lille
34,No,Travel_Rarely,189,Research & Development,48,Doctor,Marketing,Medium,Homme,178,Very High,2,Sales Executive,Very High,Single,43094,646410,3,1,34,Excellent,Very High,1,4,6,Better,1,1,1,1,Adulte,Paris
23,No,Travel_Frequently,908,Research & Development,35,Bachelor,Marketing,Very High,Homme,184,Very High,5,Sales Executive,Low,Married,1420,19880,1,0,22,Bad,Very High,3,17,2,Better,10,9,10,3,Jeune,Paris
19,No,Non-Travel,877,Support,1,Master,Medical,Very High,Femme,44,Low,4,Developer,Very High,Single,1567,37608,4,0,33,Excellent,Low,2,1,3,Bad,1,1,1,1,Jeune,Grenoble
33,Yes,Non-Travel,141,Sales,41,Doctor,Marketing,Low,Homme,122,Low,4,Developer,High,Married,8318,249540,5,0,23,Good,Low,4,35,4,Better,26,9,1,5,Adulte,Lyon
32,Yes,Travel_Frequently,854,Sales,33,College,Technical Degree,Low,Homme,169,Low,4,Human Resources,High,Divorced,33386,66772,5,0,14,Outstanding,Low,4,21,3,Better,8,7,5,1,Adulte,Lyon
44,Yes,Travel_Frequently,303,Human Resources,23,Bachelor,Human Resources,Very High,Femme,195,Very High,3,Healthcare Representative,Low,Single,2127,53175,6,1,9,Outstanding,Medium,2,24,6,Good,1,1,1,1,Adulte,Marseille
28,Yes,Travel_Rarely,274,Research & Development,40,Master,Life Sciences,High,Homme,140,High,4,Sales Representative,High,Divorced,38437,999362,1,1,3,Bad,Medium,1,16,4,Bad,3,2,3,2,Jeune,Paris
23,No,Travel_Frequently,999,Software,20,Master,Other,Very High,Homme,114,High,5,Sales Representative,Very High,Single,13239,357453,0,0,46,Good,Very High,4,34,1,Best,31,10,28,13,Jeune,Nantes
26,No,Travel_Frequently,1232,Support,21,Bachelor,Marketing,High,Homme,90,Low,3,Developer,Very High,Single,9668,29004,4,1,28,Good,High,3,35,5,Better,5,5,5,4,Jeune,Grenoble
58,No,Travel_Rarely,1401,Support,41,Below College,Other,Medium,Femme,86,Very High,5,Laboratory Technician,High,Divorced,3395,44135,5,1,2,Excellent,Low,4,7,2,Better,1,1,1,1,Senior,Grenoble
27,Yes,Travel_Frequently,446,Support,32,Bachelor,Medical,High,Homme,102,Very High,3,Healthcare Representative,Very High,Married,31004,341044,3,1,48,Bad,Low,1,15,6,Bad,14,9,2,5,Jeune,Grenoble
29,Yes,Travel_Frequently,733,Software,19,Bachelor,Other,High,Femme,50,Very High,2,Research Scientist,Medium,Married,42424,806056,2,0,13,Good,Medium,4,19,4,Bad,10,8,3,9,Jeune,Nantes
38,No,Travel_Frequently,337,Support,40,Doctor,Life Sciences,High,Femme,137,High,1,Human Resources,High,Married,15321,199173,0,1,29,Good,High,1,4,6,Good,2,1,2,1,Adulte,Grenoble
55,Yes,Non-Travel,796,Research & Development,17,Below College,Medical,Low,Homme,186,Very High,4,Sales Executive,Very High,Married,13289,398670,1,1,41,Outstanding,High,4,3,4,Better,3,1,3,2,Senior,Paris
25,No,Travel_Rarely,970,Human Resources,37,College,Technical Degree,High,Homme,87,Very High,5,Manufacturing Director,Low,Single,24626,320138,6,1,29,Excellent,Low,3,15,1,Good,6,1,1,5,Jeune,Marseille
44,No,Travel_Rarely,158,Hardware,19,Doctor,Marketing,Medium,Homme,52,High,1,Sales Executive,Very High,Divorced,31405,628100,6,0,40,Bad,Very High,3,30,5,Good,25,6,13,1,Adulte,Lille
57,No,Travel_Rarely,162,Sales,23,Doctor,Life Sciences,Medium,Homme,76,Medium,5,Manager,High,Married,27173,760844,6,0,26,Excellent,Medium,3,1,3,Best,1,1,1,1,Senior,Lyon
21,Yes,Travel_Frequently,805,Support,12,Below College,Life Sciences,Medium,Homme,47,Medium,5,Sales Executive,Medium,Divorced,26642,799260,3,1,46,Excellent,Very High,2,32,6,Bad,25,25,8,21,Jeune,Grenoble
22,Yes,Travel_Frequently,1326,Research & Development,30,Bachelor,Marketing,Medium,Femme,192,Very High,1,Sales Executive,Medium,Single,8656,190432,6,0,22,Good,Very High,1,29,5,Good,2,1,2,1,Jeune,Paris
29,No,Travel_Rarely,766,Software,18,Bachelor,Life Sciences,High,Femme,87,Very High,2,Sales Representative,High,Divorced,48967,979340,3,1,36,Excellent,Medium,2,37,3,Good,34,12,12,9,Jeune,Nantes
40,No,Travel_Rarely,1018,Support,15,Bachelor,Marketing,Very High,Homme,33,High,3,Sales Representative,High,Single,17218,361578,5,0,39,Good,Very High,3,10,2,Best,4,3,3,4,Adulte,Grenoble
22,No,Non-Travel,1212,Software,26,Doctor,Marketing,Low,Femme,122,Low,2,Manager,Medium,Married,21150,634500,2,1,47,Good,High,4,39,2,Best,31,4,18,4,Jeune,Nantes
29,No,Non-Travel,1312,Support,40,Master,Other,Low,Homme,64,Low,1,Developer,Medium,Divorced,34410,68820,7,1,20,Bad,Low,2,19,6,Good,2,1,2,2,Jeune,Grenoble
29,No,Travel_Rarely,846,Research & Development,36,Doctor,Technical Degree,Medium,Homme,37,Very High,5,Research Director,High,Married,24487,342818,6,0,18,Excellent,Medium,4,27,2,Bad,19,16,16,7,Jeune,Paris
23,Yes,Travel_Rarely,1420,Support,31,Bachelor,Life Sciences,High,Femme,127,High,5,Research Director,Low,Single,26835,563535,6,1,7,Outstanding,High,4,39,1,Better,21,13,10,14,Jeune,Grenoble
38,No,Travel_Frequently,1173,Human Resources,6,Below College,Technical Degree,Very High,Femme,60,Very High,3,Laboratory Technician,Very High,Married,15961,478830,7,1,32,Excellent,High,3,37,6,Best,35,24,5,2,Adulte,Marseille
43,Yes,Travel_Frequently,410,Support,45,Below College,Other,Medium,Femme,94,High,5,Laboratory Technician,Low,Divorced,45633,1003926,3,1,4,Good,High,4,26,4,Better,14,7,8,4,Adulte,Grenoble
31,Yes,Non-Travel,371,Hardware,32,College,Technical Degree,Medium,Femme,154,Medium,4,Healthcare Representative,High,Single,37786,37786,6,1,39,Excellent,High,4,12,2,Best,1,1,1,1,Adulte,Lille
24,No,Travel_Frequently,1134,Software,40,Bachelor,Life Sciences,Medium,Homme,144,Medium,5,Manager,Medium,Single,3506,49084,8,0,13,Good,Very High,1,13,6,Good,12,12,12,5,Jeune,Nantes
25,Yes,Travel_Frequently,1470,Support,23,Bachelor,Marketing,Low,Femme,125,Very High,1,Developer,Very High,Married,42775,427750,8,1,8,Outstanding,High,3,26,2,Good,24,15,22,7,Jeune,Grenoble
50,Yes,Travel_Frequently,304,Hardware,30,Below College,Human Resources,Medium,Femme,91,Medium,4,Human Resources,Very High,Single,21473,622717,0,0,23,Outstanding,Medium,3,18,5,Good,15,2,1,4,Senior,Lille
57,No,Non-Travel,622,Human Resources,36,Doctor,Human Resources,High,Femme,195,High,5,Healthcare Representative,Very High,Divorced,21464,21464,2,1,27,Excellent,Very High,2,12,2,Bad,7,3,5,1,Senior,Marseille
41,No,Travel_Rarely,362,Support,2,Master,Human Resources,High,Homme,118,Low,1,Healthcare Representative,High,Married,50036,550396,0,0,22,Excellent,High,1,32,5,Best,18,4,1,8,Adulte,Grenoble
31,No,Travel_Frequently,112,Software,5,Below College,Technical Degree,Low,Femme,97,Medium,2,Manufacturing Director,Medium,Single,29432,412048,2,1,15,Bad,Very High,1,38,5,Better,32,22,12,1,Adulte,Nantes
22,Yes,Travel_Frequently,742,Support,8,Doctor,Medical,Low,Homme,47,Low,2,Sales Representative,High,Married,31947,479205,7,0,36,Good,Medium,2,37,3,Best,13,4,8,13,Jeune,Grenoble
41,Yes,Travel_Frequently,1366,Hardware,43,Below College,Medical,Low,Homme,131,High,5,Sales Executive,Low,Single,25751,154506,2,0,38,Outstanding,Low,2,10,4,Best,1,1,1,1,Adulte,Lille
18,No,Non-Travel,690,Human Resources,19,Bachelor,Other,High,Femme,86,Medium,2,Research Director,Low,Single,36270,616590,1,1,30,Bad,High,2,3,1,Better,3,3,1,1,Jeune,Marseille
60,No,Travel_Rarely,895,Hardware,41,Below College,Medical,Low,Femme,85,High,5,Healthcare Representative,Low,Married,46010,552120,3,0,20,Bad,Low,3,37,4,Best,21,8,20,13,Senior,Lille
26,No,Non-Travel,1353,Hardware,2,Bachelor,Life Sciences,Very High,Femme,94,Very High,2,Developer,High,Divorced,5910,88650,1,1,17,Outstanding,High,1,34,2,Best,21,17,13,13,Jeune,Lille
31,No,Travel_Frequently,1182,Support,15,Doctor,Human Resources,High,Homme,55,Very High,2,Developer,Very High,Married,45846,641844,7,1,21,Bad,Low,3,29,6,Best,2,1,1,1,Adulte,Grenoble
43,No,Non-Travel,771,Human Resources,3,Doctor,Marketing,Very High,Femme,68,High,2,Healthcare Representative,High,Single,23314,582850,4,1,22,Good,Medium,4,36,1,Best,5,1,1,1,Adulte,Marseille
42,Yes,Travel_Frequently,1294,Software,39,College,Marketing,Very High,Femme,200,Very High,2,Sales Representative,Low,Married,13417,26834,0,0,1,Outstanding,Very High,3,21,5,Good,18,8,5,9,Adulte,Nantes
26,Yes,Travel_Frequently,1012,Hardware,45,Doctor,Other,High,Homme,156,Medium,1,Manufacturing Director,Very High,Married,11522,299572,7,0,24,Good,High,3,33,2,Best,4,2,2,2,Jeune,Lille
48,Yes,Non-Travel,946,Hardware,2,Bachelor,Human Resources,Medium,Homme,117,Very High,1,Manufacturing Director,Low,Divorced,11764,270572,8,1,45,Bad,Very High,4,26,3,Bad,8,7,5,1,Senior,Lille
27,Yes,Travel_Frequently,768,Hardware,49,Master,Other,High,Femme,86,Low,3,Sales Representative,High,Single,50252,502520,4,0,3,Good,Medium,2,12,6,Good,9,2,1,2,Jeune,Lille
58,No,Travel_Rarely,324,Human Resources,50,Doctor,Technical Degree,Very High,Homme,86,Medium,1,Research Scientist,Medium,Married,24485,48970,5,0,17,Excellent,Very High,2,26,1,Better,9,1,3,4,Senior,Marseille
59,Yes,Travel_Frequently,357,Human Resources,36,Bachelor,Life Sciences,High,Femme,163,Medium,1,Research Director,Medium,Married,49219,689066,1,1,32,Outstanding,Medium,2,23,1,Better,7,1,6,1,Senior,Marseille
44,Yes,Non-Travel,654,Human Resources,21,Bachelor,Marketing,High,Homme,175,Low,4,Sales Representative,Low,Divorced,40676,854196,7,1,38,Excellent,High,1,35,6,Better,34,32,7,22,Adulte,Marseille
57,Yes,Travel_Rarely,148,Research & Development,30,Master,Other,Very High,Homme,51,High,4,Healthcare Representative,Medium,Single,33364,467096,4,1,29,Good,Very High,3,9,3,Bad,5,4,4,4,Senior,Paris
36,Yes,Travel_Rarely,1144,Hardware,9,Master,Medical,High,Femme,47,Medium,5,Sales Executive,Medium,Married,27561,606342,7,1,20,Outstanding,Very High,4,4,2,Better,1,1,1,1,Adulte,Lille
60,No,Non-Travel,455,Sales,12,College,Technical Degree,Very High,Homme,132,High,5,Manufacturing Director,Medium,Divorced,7182,208278,4,0,19,Outstanding,Medium,1,28,1,Good,17,12,3,16,Senior,Lyon
47,No,Travel_Rarely,798,Human Resources,49,Bachelor,Medical,Medium,Homme,166,Medium,3,Sales Executive,Medium,Divorced,1757,45682,6,1,40,Bad,Medium,1,38,4,Best,38,10,5,18,Senior,Marseille
53,No,Travel_Frequently,1419,Research & Development,45,Below College,Other,Very High,Femme,43,Very High,2,Research Director,Very High,Divorced,27848,306328,7,0,8,Bad,Very High,3,6,3,Bad,2,1,1,2,Senior,Paris
38,Yes,Travel_Rarely,1403,Human Resources,28,Below College,Medical,Very High,Femme,151,Medium,2,Developer,Very High,Single,22607,158249,5,1,46,Bad,Very High,4,8,2,Good,7,4,2,7,Adulte,Marseille
52,Yes,Travel_Rarely,415,Hardware,30,Doctor,Medical,High,Homme,123,Low,4,Healthcare Representative,Very High,Married,29305,586100,0,0,29,Excellent,Very High,2,16,5,Best,1,1,1,1,Senior,Lille
54,No,Travel_Frequently,1301,Human Resources,31,Master,Technical Degree,Medium,Homme,176,Very High,5,Sales Executive,Medium,Divorced,43527,1262283,2,1,19,Outstanding,Medium,1,6,4,Best,3,1,1,1,Senior,Marseille
55,No,Travel_Rarely,219,Research & Development,37,Bachelor,Technical Degree,Very High,Homme,112,Medium,2,Human Resources,Very High,Married,2035,22385,0,0,12,Outstanding,Very High,1,3,4,Best,2,1,1,1,Senior,Paris
57,Yes,Non-Travel,750,Human Resources,15,Below College,Other,Low,Homme,70,Very High,4,Laboratory Technician,Low,Married,19788,79152,4,0,4,Excellent,High,1,15,3,Bad,8,2,7,1,Senior,Marseille
46,No,Travel_Frequently,956,Software,15,Below College,Marketing,Medium,Femme,64,Low,2,Laboratory Technician,High,Married,45663,958923,5,0,36,Excellent,Medium,1,23,6,Best,1,1,1,1,Senior,Nantes
20,No,Travel_Rarely,789,Software,43,College,Technical Degree,Very High,Homme,41,High,2,Healthcare Representative,Very High,Single,33694,707574,3,1,48,Outstanding,Medium,2,31,1,Bad,13,3,1,11,Jeune,Nantes
32,Yes,Travel_Rarely,965,Software,19,College,Life Sciences,Low,Femme,127,Very High,3,Human Resources,Low,Divorced,24112,626912,0,0,2,Bad,High,2,32,5,Bad,1,1,1,1,Adulte,Nantes
38,Yes,Travel_Rarely,285,Research & Development,40,Below College,Life Sciences,Medium,Homme,156,Medium,4,Human Resources,Medium,Single,10568,42272,7,1,42,Bad,High,2,40,4,Best,37,7,12,16,Adulte,Paris
28,Yes,Travel_Frequently,1321,Research & Development,16,Below College,Life Sciences,Very High,Femme,133,Low,2,Manufacturing Director,High,Married,15481,216734,2,0,23,Outstanding,High,3,13,3,Good,13,13,4,13,Jeune,Paris
36,No,Travel_Frequently,421,Research & Development,27,Doctor,Other,Very High,Femme,193,High,1,Research Scientist,Low,Single,11503,115030,2,0,41,Bad,Very High,1,31,4,Good,26,22,19,6,Adulte,Paris
18,No,Travel_Frequently,631,Hardware,12,College,Human Resources,High,Homme,180,High,4,Healthcare Representative,Very High,Married,11336,68016,0,1,14,Excellent,High,1,15,2,Best,3,3,3,3,Jeune,Lille
30,Yes,Non-Travel,962,Support,29,Master,Life Sciences,Very High,Homme,167,High,2,Sales Representative,Low,Single,1304,2608,6,1,12,Bad,Very High,4,30,5,Good,8,8,3,1,Jeune,Grenoble
59,Yes,Non-Travel,744,Sales,33,Below College,Medical,Very High,Femme,159,High,2,Research Director,High,Divorced,32603,228221,2,1,31,Excellent,High,3,17,6,Good,16,11,2,6,Senior,Lyon
37,No,Travel_Rarely,1071,Software,32,College,Medical,High,Homme,146,Medium,4,Sales Executive,High,Divorced,2571,5142,1,1,13,Bad,Medium,4,17,4,Good,1,1,1,1,Adulte,Nantes
27,No,Travel_Frequently,901,Research & Development,1,Below College,Medical,Medium,Femme,177,Very High,4,Research Director,High,Married,41755,167020,5,1,7,Bad,Medium,4,33,3,Better,21,2,11,17,Jeune,Paris
58,Yes,Travel_Rarely,937,Sales,9,Doctor,Other,High,Femme,86,High,3,Research Director,Low,Married,9339,9339,1,0,5,Outstanding,Low,1,36,3,Better,23,22,20,20,Senior,Lyon
24,Yes,Travel_Rarely,265,Software,43,Master,Marketing,Very High,Femme,87,Very High,4,Research Director,Medium,Divorced,43463,260778,3,1,6,Good,Low,3,11,1,Best,6,2,1,5,Jeune,Nantes
46,No,Travel_Rarely,847,Human Resources,19,Doctor,Technical Degree,Very High,Femme,108,High,1,Research Scientist,High,Single,46239,323673,2,0,37,Excellent,Very High,2,17,4,Bad,17,12,5,1,Senior,Marseille
41,Yes,Non-Travel,1052,Hardware,47,Bachelor,Medical,High,Femme,156,Low,3,Laboratory Technician,Medium,Married,28428,312708,3,0,25,Bad,Medium,1,9,4,Best,5,5,5,2,Adulte,Lille
41,No,Non-Travel,282,Software,21,Bachelor,Marketing,High,Femme,132,Medium,5,Laboratory Technician,Low,Divorced,21596,21596,5,1,1,Good,Low,4,1,2,Better,1,1,1,1,Adulte,Nantes
50,No,Travel_Frequently,696,Human Resources,50,Doctor,Other,High,Homme,148,Low,5,Human Resources,Very High,Married,27549,413235,1,1,27,Bad,High,2,36,5,Best,11,9,6,4,Senior,Marseille
29,Yes,Non-Travel,1381,Human Resources,31,Below College,Other,Very High,Homme,74,Low,4,Manager,Low,Married,35413,956151,8,1,26,Bad,Very High,1,10,1,Better,2,1,1,2,Jeune,Marseille
34,No,Non-Travel,995,Support,17,College,Marketing,Medium,Homme,133,Low,4,Manager,Medium,Divorced,6142,36852,1,0,25,Outstanding,Medium,4,32,2,Good,19,11,9,7,Adulte,Grenoble
31,Yes,Travel_Frequently,430,Hardware,44,Bachelor,Medical,Medium,Homme,123,Very High,3,Manager,Low,Single,15673,282114,0,0,21,Outstanding,High,3,35,6,Good,9,3,7,1,Adulte,Lille
27,No,Travel_Frequently,936,Sales,44,College,Medical,High,Femme,43,Medium,3,Sales Executive,Medium,Divorced,40376,888272,0,1,26,Outstanding,Very High,3,17,3,Better,17,3,10,1,Jeune,Lyon
30,Yes,Travel_Rarely,445,Support,22,Bachelor,Human Resources,Medium,Femme,149,Very High,5,Sales Representative,Low,Divorced,18904,472600,8,0,21,Bad,Medium,2,24,3,Better,17,10,15,4,Jeune,Grenoble
59,No,Travel_Rarely,471,Support,19,Master,Technical Degree,Low,Femme,167,High,2,Research Director,High,Single,30632,704536,1,1,9,Outstanding,Very High,4,21,3,Good,17,6,4,1,Senior,Grenoble
18,No,Travel_Rarely,1180,Sales,34,Doctor,Other,High,Homme,84,Low,3,Developer,Low,Divorced,43434,1085850,4,0,5,Outstanding,Low,1,25,1,Better,7,3,4,1,Jeune,Lyon
39,Yes,Travel_Rarely,837,Human Resources,22,Bachelor,Other,Low,Homme,52,Low,5,Research Director,High,Married,18953,379060,1,1,39,Good,High,2,26,6,Good,8,5,6,2,Adulte,Marseille
56,Yes,Travel_Frequently,340,Human Resources,48,Master,Marketing,Medium,Femme,66,Low,3,Sales Representative,Low,Single,16278,293004,5,1,44,Excellent,Low,3,12,2,Best,5,5,2,1,Senior,Marseille
46,Yes,Travel_Rarely,1386,Software,11,Doctor,Technical Degree,High,Homme,119,Low,5,Research Scientist,Low,Single,40296,201480,6,0,23,Good,Very High,4,29,6,Best,18,9,4,17,Senior,Nantes
20,Yes,Travel_Frequently,849,Support,17,College,Other,Low,Homme,43,High,3,Developer,Medium,Married,27104,433664,8,1,41,Good,High,2,12,1,Better,12,1,1,9,Jeune,Grenoble
38,Yes,Travel_Rarely,219,Support,20,College,Life Sciences,High,Homme,135,Medium,1,Manufacturing Director,High,Married,49751,1492530,3,0,8,Good,Very High,3,35,1,Good,33,4,14,20,Adulte,Grenoble
55,No,Travel_Frequently,1216,Support,28,Master,Marketing,Low,Femme,116,Medium,5,Manager,Very High,Divorced,45195,1039485,1,1,13,Outstanding,High,4,10,1,Best,5,4,2,3,Senior,Grenoble
35,Yes,Travel_Frequently,702,Sales,9,Bachelor,Technical Degree,Low,Femme,141,Very High,4,Developer,Low,Single,30422,121688,4,0,25,Excellent,Very High,4,11,1,Best,10,3,2,1,Adulte,Lyon
47,No,Travel_Rarely,978,Human Resources,7,Bachelor,Medical,Low,Femme,36,Very High,1,Sales Executive,Low,Single,17866,446650,4,0,11,Outstanding,Medium,1,14,4,Good,3,1,3,2,Senior,Marseille
45,Yes,Travel_Rarely,1037,Support,9,Doctor,Human Resources,Low,Homme,98,Very High,3,Research Scientist,Very High,Married,49173,1032633,8,1,49,Good,Medium,4,40,1,Bad,28,1,16,25,Adulte,Grenoble
37,Yes,Non-Travel,354,Support,6,Bachelor,Medical,Medium,Homme,63,Very High,2,Developer,Medium,Single,11256,236376,3,0,20,Good,Very High,2,30,5,Bad,5,4,1,2,Adulte,Grenoble
36,Yes,Non-Travel,482,Software,21,Doctor,Human Resources,High,Femme,184,Medium,2,Sales Executive,Low,Married,39896,917608,6,1,1,Outstanding,High,2,23,6,Best,3,1,3,1,Adulte,Nantes
27,Yes,Travel_Rarely,184,Hardware,30,Bachelor,Medical,Low,Femme,160,Medium,3,Research Director,Medium,Divorced,16948,440648,1,1,2,Bad,Very High,1,27,1,Better,15,10,15,8,Jeune,Lille
52,No,Travel_Frequently,1496,Support,7,Below College,Marketing,Low,Femme,147,High,1,Laboratory Technician,Low,Married,6522,71742,3,1,33,Good,Low,1,38,1,Best,37,9,9,15,Senior,Grenoble
35,Yes,Non-Travel,194,Human Resources,34,Doctor,Human Resources,Very High,Femme,156,High,5,Research Scientist,Low,Married,10342,113762,2,0,19,Bad,Very High,3,6,2,Good,5,2,5,4,Adulte,Marseille
28,Yes,Travel_Frequently,1478,Research & Development,32,Master,Other,High,Homme,60,Medium,2,Developer,Very High,Divorced,50431,907758,4,0,7,Outstanding,Low,1,10,1,Best,5,1,4,1,Jeune,Paris
57,Yes,Non-Travel,962,Sales,4,College,Other,Low,Femme,153,Medium,3,Developer,Medium,Divorced,9224,202928,1,1,28,Good,Low,3,28,3,Better,16,4,15,2,Senior,Lyon
30,No,Non-Travel,314,Research & Development,45,Bachelor,Marketing,High,Femme,119,Very High,4,Manager,High,Divorced,39473,1026298,3,1,29,Bad,Low,3,10,4,Best,4,1,1,1,Jeune,Paris
27,No,Travel_Frequently,1314,Software,18,Doctor,Medical,Low,Homme,137,Very High,5,Healthcare Representative,Medium,Single,43465,478115,1,1,28,Bad,Medium,3,19,1,Bad,2,2,1,1,Jeune,Nantes
58,Yes,Travel_Rarely,1269,Sales,8,Bachelor,Marketing,Low,Homme,54,Medium,1,Manager,Low,Divorced,48277,1351756,6,1,17,Bad,High,3,29,4,Better,22,18,20,1,Senior,Lyon
51,No,Non-Travel,1439,Support,48,Master,Marketing,Very High,Homme,43,High,3,Research Director,Very High,Married,9301,204622,0,1,8,Outstanding,High,4,37,4,Best,20,16,16,16,Senior,Grenoble
32,No,Non-Travel,1344,Hardware,5,Below College,Marketing,Medium,Homme,115,Low,2,Developer,Medium,Married,12035,96280,5,1,9,Bad,Medium,2,35,4,Bad,31,11,25,17,Adulte,Lille
50,No,Travel_Rarely,1351,Human Resources,18,College,Life Sciences,High,Femme,163,Medium,3,Developer,Very High,Married,44106,485166,6,0,48,Outstanding,High,2,22,1,Better,14,9,11,10,Senior,Marseille
41,Yes,Travel_Frequently,1155,Human Resources,10,College,Human Resources,Medium,Femme,49,High,5,Manager,Low,Divorced,48447,339129,5,1,35,Excellent,Medium,1,15,6,Good,13,7,7,7,Adulte,Marseille
51,No,Non-Travel,1476,Research & Development,36,College,Human Resources,Low,Homme,156,High,3,Laboratory Technician,Medium,Single,20120,523120,0,0,18,Bad,Low,1,19,1,Good,3,2,2,2,Senior,Paris
44,No,Travel_Rarely,332,Hardware,14,Master,Medical,Medium,Femme,158,Very High,5,Manufacturing Director,Medium,Single,15025,45075,7,0,17,Outstanding,High,4,14,3,Best,12,1,5,10,Adulte,Lille
19,No,Travel_Rarely,1292,Hardware,17,Bachelor,Medical,High,Homme,67,Low,3,Developer,High,Married,18059,397298,8,0,35,Good,Medium,2,15,3,Bad,10,10,6,3,Jeune,Lille
56,Yes,Non-Travel,799,Human Resources,24,Doctor,Medical,Very High,Femme,61,High,5,Research Scientist,Medium,Divorced,31430,157150,7,1,19,Good,Very High,3,23,1,Good,23,23,10,17,Senior,Marseille
29,Yes,Non-Travel,722,Software,23,College,Human Resources,Very High,Homme,141,Very High,1,Manager,Low,Divorced,4042,68714,3,0,47,Outstanding,Low,1,3,1,Better,3,3,2,3,Jeune,Nantes
23,No,Travel_Rarely,1440,Sales,3,Bachelor,Other,Medium,Femme,62,Medium,4,Developer,Very High,Divorced,9036,171684,4,1,48,Good,Very High,2,6,3,Best,3,3,2,3,Jeune,Lyon
27,No,Travel_Rarely,889,Research & Development,7,Master,Human Resources,Low,Femme,31,Low,4,Human Resources,Low,Single,45778,457780,2,1,44,Excellent,High,2,21,5,Good,2,1,2,2,Jeune,Paris
41,Yes,Travel_Rarely,211,Sales,46,Master,Marketing,High,Femme,119,Very High,1,Sales Representative,Medium,Divorced,42414,551382,8,0,14,Outstanding,Low,4,14,6,Good,2,1,2,1,Adulte,Lyon
45,Yes,Travel_Frequently,1221,Support,35,Master,Other,Low,Femme,88,Very High,5,Human Resources,Low,Divorced,16447,361834,8,0,19,Good,Low,3,8,1,Bad,3,3,2,1,Adulte,Grenoble
32,No,Non-Travel,503,Software,27,College,Medical,Very High,Homme,30,High,3,Sales Representative,High,Divorced,29906,598120,1,0,43,Bad,Medium,1,12,6,Better,7,3,7,7,Adulte,Nantes
59,No,Travel_Rarely,1448,Research & Development,25,Bachelor,Life Sciences,Low,Homme,101,Very High,2,Manager,Very High,Single,47218,849924,0,0,28,Excellent,High,3,3,4,Best,3,3,3,3,Senior,Paris
18,No,Travel_Frequently,699,Support,41,Below College,Marketing,Low,Homme,40,High,5,Sales Representative,High,Single,3002,18012,2,0,10,Good,Low,3,38,5,Best,14,3,1,11,Jeune,Grenoble
28,No,Travel_Frequently,556,Sales,14,College,Life Sciences,Low,Homme,154,Very High,5,Research Director,Low,Married,1828,47528,4,0,24,Outstanding,Low,1,23,3,Better,16,15,12,15,Jeune,Lyon
39,No,Travel_Frequently,855,Software,2,Master,Human Resources,High,Homme,92,High,2,Healthcare Representative,Very High,Single,6683,80196,6,0,43,Outstanding,Low,3,6,1,Bad,5,5,3,4,Adulte,Nantes
58,No,Travel_Frequently,547,Sales,12,Master,Medical,Medium,Femme,86,Very High,1,Sales Executive,High,Married,9181,18362,7,0,5,Good,Very High,3,22,2,Bad,17,3,4,2,Senior,Lyon
27,No,Non-Travel,547,Hardware,1,Master,Human Resources,Medium,Homme,79,Low,4,Developer,High,Married,35432,566912,1,0,44,Bad,High,4,40,3,Best,40,19,7,25,Jeune,Lille
43,No,Travel_Frequently,762,Hardware,32,College,Technical Degree,Low,Femme,58,Medium,1,Research Director,Low,Married,2381,45239,5,1,19,Bad,Very High,4,29,5,Better,20,9,18,18,Adulte,Lille
29,No,Travel_Frequently,1486,Human Resources,47,College,Marketing,High,Homme,103,Low,4,Research Scientist,Low,Divorced,42098,757764,7,0,6,Outstanding,Very High,2,26,5,Better,24,1,13,23,Jeune,Marseille
45,No,Travel_Rarely,1125,Support,30,Below College,Technical Degree,Very High,Homme,191,High,4,Laboratory Technician,Very High,Divorced,25158,603792,2,1,37,Good,Low,3,13,1,Best,10,2,3,8,Adulte,Grenoble
34,Yes,Travel_Rarely,867,Research & Development,28,Master,Human Resources,Very High,Homme,98,Very High,1,Human Resources,Very High,Divorced,49297,443673,6,1,32,Excellent,Low,3,24,5,Better,8,7,8,6,Adulte,Paris
50,Yes,Non-Travel,771,Software,16,College,Medical,Very High,Femme,153,Low,1,Sales Executive,Low,Single,29102,465632,0,0,30,Bad,Very High,4,39,6,Better,5,1,3,5,Senior,Nantes
44,Yes,Travel_Rarely,960,Research & Development,44,Master,Technical Degree,High,Homme,128,Very High,3,Research Scientist,Medium,Single,5535,11070,4,0,39,Excellent,Low,4,23,1,Good,15,2,15,2,Adulte,Paris
37,Yes,Travel_Rarely,1299,Sales,44,Below College,Technical Degree,Medium,Homme,144,Low,4,Research Scientist,Low,Married,47671,476710,6,1,14,Good,Medium,2,1,6,Better,1,1,1,1,Adulte,Lyon
51,Yes,Travel_Rarely,582,Support,18,Bachelor,Human Resources,Low,Homme,137,Very High,4,Sales Executive,Low,Divorced,40759,244554,6,1,0,Excellent,Low,4,36,5,Good,7,7,3,3,Senior,Grenoble
18,No,Travel_Frequently,420,Software,31,College,Other,Very High,Homme,157,Very High,1,Sales Executive,Very High,Single,45378,1315962,2,0,31,Excellent,Medium,2,25,4,Good,13,3,1,2,Jeune,Nantes
53,Yes,Travel_Rarely,283,Support,10,Doctor,Technical Degree,High,Femme,179,High,5,Manager,Medium,Married,38493,230958,4,1,41,Bad,High,3,5,4,Best,1,1,1,1,Senior,Grenoble
55,No,Non-Travel,1350,Hardware,13,Below College,Marketing,High,Femme,80,Medium,1,Laboratory Technician,Low,Divorced,3122,71806,8,0,13,Bad,Medium,2,20,6,Best,15,1,14,13,Senior,Lille
23,No,Travel_Frequently,173,Research & Development,20,Doctor,Other,Low,Homme,180,Very High,1,Sales Representative,Very High,Married,4275,123975,2,1,35,Bad,Very High,1,30,4,Best,14,9,11,9,Jeune,Paris
55,Yes,Travel_Rarely,604,Support,34,Doctor,Technical Degree,Low,Homme,143,Medium,3,Human Resources,High,Single,13084,170092,0,0,20,Good,Medium,2,12,5,Best,7,7,3,6,Senior,Grenoble
60,No,Travel_Frequently,519,Software,30,Doctor,Medical,Medium,Femme,171,Medium,4,Laboratory Technician,Low,Single,22562,45124,7,1,9,Good,High,2,36,2,Good,19,4,13,6,Senior,Nantes
26,No,Travel_Frequently,1250,Support,46,College,Other,High,Femme,106,Medium,3,Sales Executive,High,Married,19133,76532,5,1,9,Bad,High,4,28,6,Good,1,1,1,1,Jeune,Grenoble
19,No,Travel_Rarely,162,Support,46,Below College,Life Sciences,High,Femme,128,Very High,3,Manufacturing Director,Medium,Married,6808,13616,1,1,1,Bad,High,4,32,4,Better,27,22,12,27,Jeune,Grenoble
21,Yes,Non-Travel,977,Hardware,33,College,Marketing,Medium,Homme,31,High,1,Manager,Low,Married,1175,34075,7,1,21,Outstanding,Very High,1,30,4,Good,7,4,6,1,Jeune,Lille
38,No,Travel_Frequently,750,Human Resources,4,Below College,Technical Degree,High,Femme,94,Low,5,Research Scientist,Medium,Divorced,9886,148290,3,0,5,Bad,Very High,1,36,1,Bad,3,3,2,3,Adulte,Marseille
24,No,Travel_Rarely,1336,Software,21,Below College,Other,Medium,Femme,68,Low,2,Research Director,Low,Divorced,14388,431640,8,0,3,Excellent,Low,1,5,1,Bad,2,2,2,2,Jeune,Nantes
50,No,Travel_Frequently,1360,Hardware,49,Bachelor,Life Sciences,Low,Homme,161,Medium,4,Research Scientist,Medium,Married,24552,220968,1,0,6,Good,High,4,24,4,Bad,2,2,1,2,Senior,Lille
26,Yes,Travel_Frequently,805,Hardware,10,Master,Other,Low,Femme,156,Medium,2,Research Director,Very High,Single,6778,183006,7,0,37,Excellent,Medium,4,24,3,Better,17,4,10,4,Jeune,Lille
57,Yes,Non-Travel,597,Human Resources,4,College,Medical,High,Femme,45,Low,3,Manufacturing Director,Very High,Single,16136,209768,2,0,34,Good,High,3,39,4,Better,22,5,3,8,Senior,Marseille
18,No,Non-Travel,542,Software,13,Master,Other,Medium,Femme,52,Medium,3,Human Resources,High,Single,50983,509830,1,0,12,Excellent,High,1,10,6,Better,1,1,1,1,Jeune,Nantes
22,No,Travel_Frequently,1251,Software,16,Bachelor,Marketing,Very High,Homme,116,High,3,Manufacturing Director,Medium,Married,42147,126441,0,1,44,Outstanding,Very High,3,8,5,Better,1,1,1,1,Jeune,Nantes
25,Yes,Travel_Rarely,172,Research & Development,11,Below College,Medical,Very High,Homme,161,Medium,2,Manager,Very High,Married,38790,1086120,6,1,28,Bad,High,1,27,4,Good,25,8,2,10,Jeune,Paris
28,No,Non-Travel,284,Support,44,Master,Life Sciences,Low,Femme,148,Low,1,Laboratory Technician,Medium,Divorced,25978,623472,0,1,42,Excellent,High,3,13,6,Best,12,1,7,5,Jeune,Grenoble
60,No,Travel_Rarely,577,Software,41,Below College,Other,Low,Homme,73,Very High,2,Research Scientist,Very High,Married,49264,886752,6,0,21,Good,High,1,15,5,Better,6,2,2,2,Senior,Nantes
51,Yes,Travel_Frequently,540,Sales,17,Master,Technical Degree,Very High,Homme,102,High,5,Research Director,Medium,Single,14401,244817,0,0,41,Good,Very High,2,31,1,Best,24,19,24,20,Senior,Lyon
32,Yes,Travel_Rarely,132,Software,43,Bachelor,Medical,High,Femme,161,High,1,Sales Executive,Very High,Divorced,13967,83802,2,1,38,Good,Medium,4,16,4,Good,2,1,2,2,Adulte,Nantes
20,No,Travel_Frequently,1054,Support,19,Below College,Marketing,High,Femme,161,Medium,4,Research Director,Very High,Married,11039,66234,1,1,19,Good,Medium,4,19,4,Better,5,5,5,4,Jeune,Grenoble
45,Yes,Non-Travel,652,Software,19,Bachelor,Life Sciences,Very High,Homme,146,Very High,3,Research Scientist,High,Divorced,15171,45513,4,1,49,Outstanding,Low,4,28,1,Better,10,5,4,8,Adulte,Nantes
51,No,Travel_Rarely,236,Software,19,Master,Life Sciences,Very High,Femme,136,Medium,2,Sales Executive,Low,Single,40503,202515,3,0,19,Outstanding,High,4,29,5,Best,17,16,2,1,Senior,Nantes
38,Yes,Travel_Rarely,408,Research & Development,38,College,Other,High,Femme,68,Low,5,Sales Executive,Medium,Single,15523,434644,3,0,45,Excellent,Medium,2,14,3,Good,12,6,3,5,Adulte,Paris
29,No,Travel_Frequently,331,Software,45,College,Medical,Medium,Femme,161,Very High,1,Manager,Low,Divorced,10378,72646,7,1,16,Good,Low,3,11,5,Better,1,1,1,1,Jeune,Nantes
47,No,Non-Travel,956,Sales,28,Master,Technical Degree,Very High,Homme,58,Low,4,Sales Representative,Medium,Married,30087,631827,0,1,26,Excellent,Very High,4,22,3,Better,17,5,12,11,Senior,Lyon
24,No,Travel_Rarely,499,Human Resources,17,Bachelor,Medical,Very High,Homme,160,High,1,Research Director,Medium,Married,50750,862750,7,1,20,Good,Low,4,34,6,Better,29,15,12,9,Jeune,Marseille
35,No,Travel_Frequently,251,Human Resources,21,College,Medical,High,Femme,152,Very High,4,Laboratory Technician,High,Divorced,14217,28434,5,1,18,Bad,Very High,2,12,1,Best,11,7,4,1,Adulte,Marseille
57,Yes,Travel_Rarely,1245,Research & Development,19,Below College,Marketing,Low,Femme,69,Low,3,Sales Executive,Low,Married,23456,609856,4,0,26,Bad,High,1,15,5,Good,14,13,10,9,Senior,Paris
24,No,Non-Travel,889,Research & Development,43,College,Human Resources,Medium,Homme,42,High,1,Human Resources,Low,Single,3176,44464,0,1,31,Excellent,Medium,3,39,3,Best,24,11,9,2,Jeune,Paris
18,No,Travel_Rarely,1228,Hardware,23,Below College,Marketing,High,Homme,106,High,5,Developer,High,Single,5758,97886,7,1,41,Good,Medium,2,32,1,Best,29,12,24,2,Jeune,Lille
37,Yes,Non-Travel,1042,Research & Development,6,Bachelor,Medical,Very High,Femme,110,Very High,3,Sales Executive,Medium,Married,1955,13685,3,1,38,Excellent,Very High,2,15,3,Best,15,10,12,2,Adulte,Paris
30,Yes,Travel_Frequently,1485,Research & Development,45,Below College,Life Sciences,Very High,Femme,75,High,1,Developer,Low,Married,15602,46806,1,1,29,Excellent,Low,4,30,3,Bad,16,11,12,12,Jeune,Paris
42,No,Non-Travel,436,Software,28,Bachelor,Technical Degree,Medium,Femme,118,Medium,4,Human Resources,Very High,Single,36229,36229,4,0,48,Excellent,Very High,1,24,5,Good,13,6,5,7,Adulte,Nantes
50,Yes,Travel_Rarely,196,Research & Development,16,Bachelor,Marketing,Very High,Homme,165,Very High,2,Sales Representative,Low,Divorced,8184,98208,0,1,35,Good,Low,4,35,4,Best,30,2,14,10,Senior,Paris
41,No,Travel_Frequently,841,Software,39,College,Technical Degree,Very High,Femme,60,Very High,2,Sales Representative,High,Married,37875,151500,2,0,34,Good,Very High,4,16,1,Best,16,12,15,5,Adulte,Nantes
30,Yes,Travel_Rarely,724,Support,11,Bachelor,Human Resources,Low,Homme,81,High,1,Sales Representative,Very High,Divorced,35982,1043478,1,1,45,Outstanding,Very High,4,21,1,Bad,8,2,8,5,Jeune,Grenoble
42,Yes,Travel_Rarely,499,Sales,42,Bachelor,Life Sciences,High,Homme,169,Medium,1,Research Scientist,Medium,Divorced,1008,23184,1,1,25,Good,Low,4,19,1,Good,6,4,4,2,Adulte,Lyon
39,Yes,Travel_Rarely,1355,Support,8,Bachelor,Technical Degree,High,Femme,86,High,2,Human Resources,Low,Married,26948,350324,2,1,21,Excellent,Low,1,39,3,Bad,7,7,6,7,Adulte,Grenoble
30,No,Non-Travel,494,Research & Development,9,Master,Life Sciences,Low,Homme,30,Very High,3,Developer,High,Single,6949,173725,4,1,26,Outstanding,High,4,27,4,Best,10,10,8,10,Jeune,Paris
20,Yes,Travel_Rarely,1383,Support,38,Below College,Medical,Low,Femme,37,High,3,Sales Representative,Medium,Single,48069,769104,1,0,2,Outstanding,Low,1,10,3,Bad,6,5,5,5,Jeune,Grenoble
46,No,Travel_Rarely,769,Human Resources,3,Below College,Marketing,High,Femme,51,High,4,Laboratory Technician,Low,Married,29090,378170,7,1,9,Outstanding,Very High,4,24,6,Best,14,7,3,4,Senior,Marseille
57,Yes,Travel_Rarely,1060,Software,23,Bachelor,Life Sciences,Very High,Femme,45,Very High,4,Research Scientist,Very High,Single,33946,746812,8,1,12,Excellent,Low,2,33,4,Bad,2,1,2,2,Senior,Nantes
36,No,Travel_Rarely,285,Support,28,Master,Technical Degree,Low,Femme,185,High,3,Sales Representative,Low,Divorced,41069,739242,4,0,33,Bad,Medium,1,32,6,Best,25,3,3,13,Adulte,Grenoble
52,No,Travel_Rarely,1342,Human Resources,40,Below College,Other,Low,Homme,157,Low,4,Research Scientist,Very High,Divorced,22613,384421,3,0,19,Excellent,Very High,4,3,6,Better,1,1,1,1,Senior,Marseille
30,No,Non-Travel,760,Sales,26,Master,Other,Very High,Femme,100,Medium,1,Healthcare Representative,Very High,Single,14209,56836,0,1,30,Outstanding,Very High,3,14,1,Bad,12,2,3,1,Jeune,Lyon
24,Yes,Non-Travel,1272,Support,33,Master,Marketing,Medium,Femme,195,Very High,4,Research Director,Low,Divorced,3270,29430,6,0,46,Excellent,Medium,1,21,3,Best,10,8,8,1,Jeune,Grenoble
38,Yes,Travel_Frequently,1142,Hardware,10,Bachelor,Life Sciences,Very High,Homme,62,Medium,2,Sales Executive,Low,Single,2648,68848,4,1,0,Excellent,Low,3,36,2,Better,31,16,8,11,Adulte,Lille
57,Yes,Travel_Frequently,1012,Research & Development,41,Bachelor,Marketing,Low,Homme,142,Very High,3,Sales Executive,Low,Single,43107,1206996,2,1,46,Outstanding,Medium,3,19,5,Bad,11,3,3,4,Senior,Paris
22,Yes,Travel_Rarely,1185,Sales,7,Below College,Human Resources,Very High,Homme,127,Very High,5,Healthcare Representative,Very High,Married,27103,243927,4,0,4,Bad,Very High,1,11,3,Best,11,7,6,1,Jeune,Lyon
60,Yes,Non-Travel,690,Support,16,College,Life Sciences,Medium,Homme,85,Medium,2,Sales Executive,Very High,Married,22931,229310,7,1,39,Good,Medium,1,7,6,Good,7,6,4,7,Senior,Grenoble
47,No,Non-Travel,581,Software,29,Bachelor,Other,Medium,Homme,78,Very High,1,Laboratory Technician,Medium,Divorced,30708,491328,3,0,25,Bad,Low,2,4,2,Better,3,1,2,3,Senior,Nantes
35,No,Travel_Rarely,946,Support,12,Below College,Medical,Very High,Femme,165,Medium,2,Developer,Medium,Married,23757,522654,5,0,22,Bad,Very High,2,40,3,Better,16,14,15,1,Adulte,Grenoble
42,Yes,Travel_Frequently,1486,Research & Development,36,Doctor,Life Sciences,Low,Homme,182,High,1,Sales Representative,Very High,Single,42853,128559,5,0,1,Bad,Medium,1,9,1,Good,3,2,3,3,Adulte,Paris
40,Yes,Travel_Rarely,251,Human Resources,15,Below College,Life Sciences,Very High,Homme,177,Medium,4,Healthcare Representative,Medium,Single,19073,381460,2,0,47,Good,Very High,4,38,1,Better,13,9,12,9,Adulte,Marseille
27,No,Travel_Rarely,222,Software,22,Doctor,Marketing,Very High,Homme,166,High,4,Research Scientist,Medium,Married,49477,346339,3,0,8,Good,High,2,2,1,Better,1,1,1,1,Jeune,Nantes
33,Yes,Travel_Frequently,1207,Support,19,Below College,Technical Degree,Low,Homme,180,High,1,Human Resources,High,Divorced,39950,519350,3,0,40,Bad,Very High,3,23,1,Bad,15,7,11,11,Adulte,Grenoble
47,Yes,Travel_Frequently,505,Sales,10,Bachelor,Medical,Low,Homme,150,Very High,1,Laboratory Technician,Medium,Married,30732,61464,5,1,19,Excellent,High,2,21,6,Bad,15,5,13,11,Senior,Lyon
48,No,Non-Travel,562,Sales,20,Doctor,Technical Degree,Medium,Homme,153,Low,1,Manufacturing Director,Very High,Divorced,42694,853880,7,0,37,Good,Low,4,12,6,Good,10,6,4,1,Senior,Lyon
41,Yes,Travel_Frequently,1033,Hardware,20,Below College,Technical Degree,Very High,Homme,172,Medium,4,Human Resources,Low,Married,39482,513266,7,1,8,Outstanding,Low,1,39,3,Best,6,3,6,3,Adulte,Lille
58,No,Travel_Frequently,1081,Human Resources,26,Doctor,Medical,Medium,Femme,137,Medium,3,Research Director,Very High,Married,21224,63672,3,1,31,Outstanding,High,3,24,2,Best,17,15,10,9,Senior,Marseille
22,No,Travel_Frequently,323,Support,16,College,Life Sciences,Low,Femme,82,Very High,3,Sales Executive,Low,Married,6545,189805,3,0,26,Good,Very High,2,25,1,Good,15,15,6,2,Jeune,Grenoble
37,Yes,Travel_Rarely,1093,Sales,3,Master,Life Sciences,High,Homme,175,Very High,5,Research Director,High,Married,18864,169776,0,1,28,Excellent,High,2,17,3,Better,6,4,6,3,Adulte,Lyon
20,Yes,Travel_Rarely,334,Software,29,Below College,Marketing,Low,Femme,113,Low,5,Developer,High,Single,21142,634260,3,0,17,Outstanding,Very High,3,31,4,Better,20,1,4,17,Jeune,Nantes
34,Yes,Non-Travel,547,Research & Development,19,Bachelor,Technical Degree,High,Homme,60,Low,2,Research Scientist,High,Divorced,6736,80832,8,0,2,Good,High,2,33,1,Bad,2,1,2,1,Adulte,Paris
33,Yes,Travel_Frequently,630,Software,24,College,Human Resources,Low,Femme,54,Medium,3,Manufacturing Director,Low,Married,47472,1186800,4,0,11,Excellent,Very High,1,34,3,Better,2,1,2,2,Adulte,Nantes
51,No,Travel_Frequently,1120,Human Resources,27,Bachelor,Human Resources,Low,Homme,133,High,1,Research Scientist,Very High,Married,8445,84450,4,0,38,Excellent,High,4,2,5,Good,1,1,1,1,Senior,Marseille
25,Yes,Travel_Frequently,354,Human Resources,36,College,Human Resources,Medium,Femme,152,Low,4,Manager,Medium,Single,50862,1220688,0,1,42,Outstanding,Very High,1,22,4,Bad,2,1,1,2,Jeune,Marseille
38,Yes,Travel_Frequently,688,Support,40,Bachelor,Other,High,Femme,179,High,5,Human Resources,Medium,Married,13232,105856,4,0,0,Good,Low,4,1,5,Best,1,1,1,1,Adulte,Grenoble
37,Yes,Non-Travel,455,Support,39,Master,Marketing,Low,Femme,66,Very High,4,Developer,Low,Single,19419,252447,7,1,1,Good,High,3,17,6,Bad,7,4,5,5,Adulte,Grenoble
35,Yes,Non-Travel,1013,Human Resources,3,Below College,Marketing,Medium,Femme,134,Low,2,Sales Executive,High,Married,32306,904568,2,0,44,Bad,Very High,4,14,5,Better,7,6,4,6,Adulte,Marseille
29,No,Non-Travel,332,Human Resources,14,Master,Other,Medium,Homme,83,Low,2,Sales Representative,High,Married,29630,859270,6,0,0,Excellent,Low,3,4,1,Better,2,2,2,1,Jeune,Marseille
21,Yes,Non-Travel,259,Human Resources,33,Master,Technical Degree,Medium,Homme,67,High,2,Research Scientist,High,Divorced,15513,46539,7,1,19,Outstanding,High,1,6,4,Good,4,3,3,2,Jeune,Marseille
47,Yes,Travel_Rarely,247,Sales,25,Below College,Technical Degree,Low,Femme,160,Medium,2,Manager,High,Married,16850,370700,2,0,33,Bad,High,4,35,4,Better,1,1,1,1,Senior,Lyon
34,No,Travel_Rarely,1080,Hardware,25,Doctor,Medical,Medium,Femme,178,High,2,Sales Representative,Very High,Single,8049,128784,8,1,9,Excellent,Very High,1,9,2,Better,1,1,1,1,Adulte,Lille
30,Yes,Travel_Rarely,169,Hardware,50,Bachelor,Technical Degree,Medium,Femme,72,Very High,5,Manager,Low,Single,24103,457957,3,1,27,Outstanding,Medium,1,40,5,Bad,20,19,16,4,Jeune,Lille
60,No,Travel_Frequently,1004,Sales,3,Master,Marketing,Medium,Homme,50,Very High,5,Research Scientist,High,Single,39406,354654,8,0,40,Outstanding,Low,3,29,6,Good,11,6,10,11,Senior,Lyon
43,No,Non-Travel,1499,Hardware,31,College,Medical,Low,Femme,61,Low,4,Manufacturing Director,Medium,Married,15143,408861,1,1,2,Bad,High,3,17,4,Better,6,4,3,6,Adulte,Lille
22,Yes,Non-Travel,753,Human Resources,3,Doctor,Medical,High,Homme,51,High,5,Sales Executive,High,Married,49219,1033599,1,0,19,Excellent,Low,4,32,2,Better,27,24,12,27,Jeune,Marseille
33,No,Travel_Frequently,233,Research & Development,32,Doctor,Other,Very High,Femme,64,High,5,Healthcare Representative,Medium,Divorced,50210,100420,7,1,3,Excellent,Medium,3,29,2,Good,28,2,3,3,Adulte,Paris
22,No,Non-Travel,717,Sales,33,Doctor,Life Sciences,Very High,Homme,95,High,2,Laboratory Technician,Very High,Single,17231,465237,1,1,17,Good,High,3,18,3,Better,1,1,1,1,Jeune,Lyon
33,Yes,Non-Travel,1128,Research & Development,35,Bachelor,Other,Medium,Homme,66,Low,1,Human Resources,Very High,Single,35423,425076,2,0,5,Outstanding,Low,4,37,1,Bad,37,15,12,36,Adulte,Paris
44,No,Travel_Rarely,932,Support,20,Master,Medical,High,Femme,112,High,2,Research Scientist,Low,Divorced,27030,513570,2,1,28,Bad,High,3,4,2,Good,1,1,1,1,Adulte,Grenoble
46,No,Travel_Rarely,110,Sales,44,College,Human Resources,Low,Femme,92,Very High,5,Research Director,Low,Single,19238,442474,8,1,27,Outstanding,Medium,2,1,3,Good,1,1,1,1,Senior,Lyon
50,No,Travel_Rarely,664,Human Resources,25,College,Life Sciences,Very High,Homme,100,Very High,4,Developer,Very High,Married,5774,69288,8,0,39,Excellent,Medium,2,40,1,Best,6,5,3,1,Senior,Marseille
32,No,Travel_Rarely,203,Human Resources,49,Below College,Marketing,High,Femme,84,Low,1,Laboratory Technician,Low,Divorced,21915,175320,4,1,13,Outstanding,Very High,3,31,2,Good,17,2,7,5,Adulte,Marseille
59,Yes,Travel_Frequently,1074,Hardware,47,Master,Technical Degree,Medium,Femme,69,Low,5,Sales Executive,Very High,Single,44579,757843,1,1,26,Bad,Low,3,4,5,Best,4,3,2,4,Senior,Lille
45,Yes,Travel_Frequently,512,Hardware,35,Below College,Other,Low,Homme,113,Very High,2,Human Resources,High,Divorced,46431,46431,2,0,23,Outstanding,Low,2,27,2,Good,5,4,4,1,Adulte,Lille
29,Yes,Travel_Frequently,743,Sales,39,College,Marketing,High,Femme,70,Very High,4,Manufacturing Director,Low,Divorced,16750,16750,8,0,40,Excellent,Medium,4,10,3,Good,10,4,2,5,Jeune,Lyon
50,Yes,Travel_Frequently,427,Hardware,38,Master,Technical Degree,High,Homme,98,High,2,Manufacturing Director,Low,Married,31780,667380,6,1,44,Outstanding,High,1,15,6,Bad,2,2,2,2,Senior,Lille
19,Yes,Non-Travel,836,Human Resources,15,Doctor,Other,High,Femme,199,Very High,2,Manufacturing Director,High,Single,23566,471320,1,1,8,Excellent,Low,4,36,5,Good,15,8,5,9,Jeune,Marseille
39,No,Travel_Frequently,1321,Sales,35,Doctor,Medical,Low,Homme,58,High,2,Laboratory Technician,Medium,Single,22082,397476,8,1,42,Excellent,High,1,12,6,Good,2,2,1,1,Adulte,Lyon
55,No,Travel_Rarely,601,Hardware,6,Bachelor,Human Resources,Low,Femme,154,High,2,Sales Executive,Very High,Married,9775,48875,0,1,39,Good,Very High,1,19,2,Bad,18,7,14,4,Senior,Lille
57,Yes,Travel_Frequently,956,Research & Development,50,Doctor,Marketing,Very High,Femme,151,Very High,1,Manufacturing Director,Low,Married,37464,74928,1,0,2,Good,Medium,3,22,2,Good,7,1,5,3,Senior,Paris
41,No,Non-Travel,661,Hardware,13,Master,Medical,Medium,Femme,41,Very High,5,Healthcare Representative,Very High,Married,3516,101964,6,1,11,Excellent,Medium,4,9,3,Bad,1,1,1,1,Adulte,Lille
47,No,Non-Travel,1403,Software,48,Below College,Marketing,Low,Homme,97,Very High,5,Manager,High,Married,45126,992772,6,0,34,Outstanding,Low,4,28,3,Bad,9,2,3,3,Senior,Nantes
53,Yes,Travel_Rarely,1103,Human Resources,47,Doctor,Human Resources,Medium,Femme,42,Very High,5,Healthcare Representative,Low,Married,47834,1387186,1,0,23,Excellent,Low,2,5,3,Good,1,1,1,1,Senior,Marseille
33,Yes,Travel_Rarely,1186,Sales,11,Master,Other,Medium,Homme,31,Low,5,Developer,Low,Married,41541,1163148,0,0,34,Bad,Low,4,15,4,Best,12,8,3,9,Adulte,Lyon
26,Yes,Travel_Frequently,1325,Hardware,31,Doctor,Technical Degree,Low,Femme,36,High,5,Research Director,Very High,Married,3492,83808,5,1,19,Excellent,High,3,10,6,Better,5,5,1,2,Jeune,Lille
20,No,Non-Travel,151,Support,50,Bachelor,Medical,Very High,Homme,93,High,5,Sales Executive,Very High,Married,19233,230796,1,1,36,Good,High,4,3,1,Bad,1,1,1,1,Jeune,Grenoble
51,Yes,Travel_Frequently,542,Research & Development,9,Bachelor,Medical,High,Homme,119,High,5,Human Resources,Low,Married,15251,152510,6,0,11,Excellent,Low,2,23,3,Good,9,7,3,9,Senior,Paris
38,No,Travel_Rarely,1075,Hardware,25,Below College,Marketing,High,Homme,200,Low,2,Laboratory Technician,Very High,Married,4053,44583,8,1,40,Excellent,Medium,2,8,3,Better,3,2,3,2,Adulte,Lille
27,Yes,Non-Travel,1020,Hardware,35,Doctor,Marketing,Low,Femme,136,High,3,Research Scientist,Low,Divorced,46319,231595,3,1,18,Outstanding,Low,3,16,3,Better,8,5,3,7,Jeune,Lille
54,No,Travel_Rarely,799,Human Resources,46,College,Technical Degree,Low,Homme,120,Low,4,Healthcare Representative,Low,Married,11405,262315,0,1,11,Outstanding,Low,2,35,1,Better,30,14,3,1,Senior,Marseille
29,Yes,Non-Travel,1012,Research & Development,7,Doctor,Medical,Medium,Homme,93,Low,2,Developer,Low,Married,48154,1396466,5,1,17,Bad,Medium,1,12,2,Good,7,4,7,7,Jeune,Paris
31,Yes,Travel_Frequently,427,Software,48,College,Medical,Very High,Femme,197,Medium,3,Developer,Low,Married,32357,582426,2,0,4,Outstanding,Medium,4,3,5,Best,1,1,1,1,Adulte,Nantes
21,No,Non-Travel,1202,Human Resources,34,College,Technical Degree,High,Femme,169,Very High,5,Laboratory Technician,Very High,Divorced,45300,1041900,6,1,22,Outstanding,High,3,31,5,Bad,8,8,7,1,Jeune,Marseille
24,No,Non-Travel,1464,Hardware,1,Doctor,Life Sciences,Low,Femme,175,Medium,2,Sales Executive,Very High,Divorced,23067,645876,6,0,12,Good,Medium,4,23,5,Bad,3,3,1,2,Jeune,Lille
48,Yes,Travel_Frequently,1115,Sales,35,Bachelor,Technical Degree,Low,Femme,63,Low,4,Research Scientist,High,Married,27450,823500,7,1,32,Bad,High,3,5,6,Best,5,5,3,1,Senior,Lyon
41,Yes,Travel_Rarely,1316,Human Resources,15,Bachelor,Other,High,Homme,167,High,2,Laboratory Technician,Very High,Single,33471,903717,0,0,33,Outstanding,Medium,2,4,4,Bad,3,2,3,2,Adulte,Marseille
38,No,Travel_Rarely,177,Research & Development,28,Below College,Life Sciences,Very High,Homme,64,High,4,Healthcare Representative,Medium,Married,3433,85825,5,1,11,Excellent,Very High,4,20,2,Better,19,15,12,18,Adulte,Paris
47,Yes,Non-Travel,555,Human Resources,23,College,Marketing,High,Homme,98,High,5,Manager,Medium,Divorced,23663,662564,3,1,2,Outstanding,Very High,4,38,2,Good,36,24,25,17,Senior,Marseille
40,No,Non-Travel,231,Hardware,39,Master,Medical,Low,Homme,84,Very High,3,Laboratory Technician,Medium,Single,34288,548608,2,0,16,Good,Medium,2,39,4,Bad,27,13,12,7,Adulte,Lille
55,No,Travel_Frequently,1061,Software,34,Doctor,Human Resources,Very High,Homme,33,Low,2,Manager,Medium,Divorced,28912,578240,8,0,6,Outstanding,Very High,4,14,4,Bad,1,1,1,1,Senior,Nantes
42,Yes,Travel_Frequently,1045,Research & Development,8,College,Marketing,Low,Homme,134,Medium,4,Research Director,High,Single,25136,402176,1,0,32,Bad,Very High,4,23,3,Best,8,8,1,2,Adulte,Paris
42,No,Non-Travel,1127,Human Resources,12,Doctor,Medical,Low,Homme,49,Low,1,Sales Executive,High,Single,46745,1308860,8,0,36,Excellent,Low,2,21,2,Good,17,12,17,6,Adulte,Marseille
31,No,Travel_Frequently,339,Human Resources,48,Below College,Medical,High,Femme,130,Very High,4,Manager,Medium,Married,18029,252406,2,0,4,Good,Medium,3,27,1,Best,10,2,8,7,Adulte,Marseille
39,No,Travel_Rarely,964,Human Resources,42,Bachelor,Other,Very High,Femme,80,Low,3,Research Director,Very High,Married,32043,769032,3,0,43,Bad,Low,1,37,6,Better,8,3,7,4,Adulte,Marseille
40,No,Travel_Frequently,384,Research & Development,17,College,Life Sciences,Medium,Femme,191,Low,3,Sales Executive,High,Married,40458,647328,2,1,6,Bad,High,4,27,3,Best,25,5,15,17,Adulte,Paris
43,Yes,Travel_Rarely,182,Sales,23,Doctor,Life Sciences,Very High,Femme,181,Medium,3,Laboratory Technician,Medium,Married,48574,1117202,4,0,9,Excellent,High,1,2,3,Better,2,1,2,1,Adulte,Lyon
46,Yes,Non-Travel,1171,Software,20,College,Life Sciences,High,Homme,82,Low,2,Healthcare Representative,Low,Single,26717,721359,8,1,27,Good,Low,4,1,5,Best,1,1,1,1,Senior,Nantes
59,Yes,Non-Travel,1380,Sales,21,Doctor,Marketing,High,Femme,47,Medium,1,Sales Executive,Low,Married,37918,303344,2,0,31,Outstanding,High,4,8,3,Bad,4,4,4,1,Senior,Lyon
22,No,Non-Travel,1102,Sales,33,Doctor,Medical,High,Femme,80,High,2,Laboratory Technician,Very High,Divorced,41804,877884,7,1,5,Excellent,Medium,2,25,2,Good,19,18,13,15,Jeune,Lyon
43,Yes,Travel_Frequently,722,Software,40,Master,Human Resources,Medium,Homme,169,Low,2,Sales Executive,Very High,Single,29207,496519,8,0,12,Bad,Low,4,28,4,Bad,7,5,1,1,Adulte,Nantes
58,No,Travel_Rarely,1336,Research & Development,1,Bachelor,Technical Degree,Medium,Femme,117,Low,5,Research Director,High,Married,50048,550528,5,0,36,Bad,High,4,8,6,Best,4,3,2,2,Senior,Paris
25,Yes,Travel_Frequently,1345,Human Resources,31,Doctor,Life Sciences,Low,Femme,137,High,4,Manager,High,Single,25623,768690,7,0,14,Excellent,Low,4,14,6,Best,11,6,4,9,Jeune,Marseille
52,Yes,Travel_Rarely,412,Support,6,Doctor,Medical,High,Homme,83,Low,2,Research Scientist,High,Married,33151,198906,8,0,38,Bad,Medium,2,28,5,Bad,24,2,3,2,Senior,Grenoble
26,No,Travel_Rarely,353,Human Resources,12,Doctor,Life Sciences,Very High,Femme,163,Medium,5,Developer,Medium,Single,16095,434565,0,0,7,Outstanding,Very High,3,39,3,Better,32,20,3,12,Jeune,Marseille
33,No,Travel_Frequently,1184,Support,48,Below College,Marketing,Very High,Homme,102,Very High,1,Manufacturing Director,Medium,Married,24833,471827,2,1,2,Good,High,3,13,2,Good,1,1,1,1,Adulte,Grenoble
46,Yes,Travel_Rarely,1361,Hardware,50,College,Other,Low,Homme,195,High,4,Developer,Medium,Divorced,23122,23122,6,0,44,Excellent,Very High,4,10,6,Bad,3,1,1,2,Senior,Lille
59,No,Travel_Rarely,591,Support,10,College,Medical,Low,Homme,166,Very High,2,Sales Executive,Very High,Single,41765,1127655,8,0,2,Excellent,Medium,2,18,3,Good,16,8,15,16,Senior,Grenoble
43,Yes,Travel_Rarely,1239,Hardware,3,Doctor,Technical Degree,High,Homme,70,Medium,2,Manager,Medium,Divorced,10174,274698,7,0,8,Good,Low,1,15,4,Better,7,7,5,4,Adulte,Lille
34,Yes,Travel_Frequently,419,Support,10,Master,Human Resources,Very High,Femme,67,Very High,4,Manufacturing Director,Medium,Married,2975,44625,7,1,15,Excellent,Low,1,17,4,Better,5,4,4,1,Adulte,Grenoble
27,No,Travel_Rarely,915,Research & Development,35,Below College,Marketing,Very High,Femme,115,High,4,Research Director,Low,Divorced,34597,830328,7,0,48,Bad,Very High,3,15,2,Good,4,2,1,1,Jeune,Paris
35,No,Non-Travel,454,Sales,8,College,Marketing,Very High,Homme,131,Medium,4,Research Scientist,Very High,Divorced,42424,933328,6,0,41,Outstanding,High,2,24,5,Bad,17,4,6,3,Adulte,Lyon
55,No,Travel_Frequently,800,Software,3,Master,Other,High,Femme,73,Very High,1,Healthcare Representative,Very High,Married,44462,1022626,1,0,25,Outstanding,Low,4,33,4,Better,25,22,13,23,Senior,Nantes
32,No,Travel_Rarely,272,Hardware,25,Bachelor,Technical Degree,Medium,Femme,196,Medium,5,Healthcare Representative,Very High,Married,31931,31931,1,0,8,Bad,Very High,1,16,1,Best,15,14,3,2,Adulte,Lille
45,No,Travel_Rarely,565,Hardware,32,Below College,Technical Degree,Medium,Femme,135,High,1,Sales Representative,Very High,Divorced,30298,696854,5,0,3,Good,Medium,1,11,2,Good,8,1,4,8,Adulte,Lille
60,Yes,Non-Travel,1207,Software,30,Master,Other,Medium,Homme,141,Very High,5,Sales Representative,Very High,Single,44134,750278,1,0,22,Good,High,1,18,2,Good,15,11,10,11,Senior,Nantes
33,No,Non-Travel,974,Hardware,4,Bachelor,Medical,High,Femme,169,Low,2,Sales Representative,High,Married,5149,82384,3,0,29,Good,High,1,34,6,Best,33,25,23,6,Adulte,Lille
26,No,Travel_Frequently,405,Support,29,Master,Medical,High,Femme,188,Medium,1,Research Scientist,Low,Single,47685,47685,8,1,31,Good,Low,2,19,2,Good,14,5,3,1,Jeune,Grenoble
49,Yes,Travel_Rarely,165,Human Resources,13,Below College,Life Sciences,Low,Femme,133,High,1,Developer,High,Divorced,48882,439938,7,1,28,Good,Low,3,37,3,Best,21,16,3,18,Senior,Marseille
48,No,Travel_Frequently,1427,Human Resources,16,Master,Other,Very High,Homme,101,High,2,Human Resources,Very High,Single,39348,393480,2,0,22,Excellent,Medium,1,4,5,Best,2,1,1,1,Senior,Marseille
30,Yes,Travel_Frequently,1012,Hardware,33,Master,Technical Degree,Low,Femme,93,High,2,Manager,Medium,Married,15195,455850,5,0,16,Excellent,Low,1,19,4,Better,12,11,12,5,Jeune,Lille
54,Yes,Non-Travel,386,Support,26,Doctor,Technical Degree,Medium,Femme,192,High,3,Healthcare Representative,High,Divorced,30213,604260,1,1,2,Good,High,2,31,2,Best,31,3,6,7,Senior,Grenoble
49,Yes,Non-Travel,241,Support,17,Master,Human Resources,Low,Homme,172,Low,1,Research Director,Very High,Married,12256,281888,2,0,34,Good,Very High,3,27,4,Best,15,13,12,8,Senior,Grenoble
56,Yes,Travel_Rarely,811,Software,9,Bachelor,Medical,Low,Femme,105,Very High,5,Laboratory Technician,Low,Divorced,15685,78425,2,1,24,Good,High,3,20,2,Best,17,5,13,16,Senior,Nantes
51,Yes,Travel_Frequently,436,Software,6,College,Other,Very High,Homme,136,Low,3,Sales Representative,High,Married,30417,912510,5,1,44,Excellent,Medium,2,37,3,Bad,3,2,2,2,Senior,Nantes
30,Yes,Travel_Rarely,101,Human Resources,25,Doctor,Marketing,High,Homme,80,High,5,Sales Representative,Low,Single,21457,214570,5,0,5,Bad,Low,3,10,4,Good,10,10,1,2,Jeune,Marseille
47,No,Non-Travel,922,Human Resources,2,Below College,Medical,High,Femme,58,High,4,Sales Representative,High,Married,2926,81928,6,1,43,Bad,Medium,1,11,2,Better,4,1,3,2,Senior,Marseille
48,No,Non-Travel,1465,Human Resources,31,Bachelor,Marketing,Medium,Femme,68,High,5,Manager,Very High,Single,30148,90444,6,0,35,Good,Medium,3,5,4,Bad,1,1,1,1,Senior,Marseille
57,Yes,Travel_Frequently,940,Research & Development,36,Bachelor,Human Resources,Medium,Homme,130,Medium,1,Manufacturing Director,Medium,Single,48092,1250392,7,0,32,Good,Medium,3,2,6,Bad,1,1,1,1,Senior,Paris
32,No,Travel_Frequently,521,Support,30,Bachelor,Other,High,Homme,125,Low,5,Laboratory Technician,Very High,Divorced,5788,150488,7,0,11,Good,Very High,1,25,5,Best,15,9,4,15,Adulte,Grenoble
36,Yes,Travel_Rarely,1218,Research & Development,21,Bachelor,Human Resources,Medium,Homme,140,Very High,1,Research Director,Very High,Divorced,3834,53676,0,1,11,Excellent,Medium,3,2,6,Bad,1,1,1,1,Adulte,Paris
54,Yes,Non-Travel,1141,Human Resources,4,Doctor,Medical,Very High,Femme,88,High,4,Research Director,High,Married,45845,1100280,3,0,2,Excellent,Low,3,18,5,Good,1,1,1,1,Senior,Marseille
27,No,Travel_Frequently,242,Research & Development,8,Doctor,Other,Medium,Femme,178,Very High,2,Manager,Medium,Married,28043,224344,8,1,11,Good,Medium,1,17,3,Better,11,4,6,3,Jeune,Paris
34,Yes,Travel_Rarely,615,Research & Development,4,Bachelor,Medical,Low,Femme,190,Low,4,Human Resources,Very High,Divorced,2979,5958,7,0,9,Good,Medium,4,39,4,Good,10,9,6,4,Adulte,Paris
37,No,Non-Travel,1446,Human Resources,43,College,Technical Degree,Very High,Homme,99,Very High,3,Manufacturing Director,Medium,Married,50708,1470532,4,0,18,Excellent,High,4,24,4,Best,2,1,2,2,Adulte,Marseille
45,No,Travel_Frequently,829,Support,38,Doctor,Human Resources,High,Femme,166,Very High,4,Developer,Very High,Single,31206,561708,0,0,7,Good,High,4,12,6,Good,4,2,4,1,Adulte,Grenoble
34,Yes,Travel_Rarely,293,Research & Development,18,Below College,Human Resources,Medium,Femme,71,Low,5,Research Scientist,Medium,Divorced,26236,734608,8,1,4,Outstanding,Medium,4,18,1,Bad,16,2,10,15,Adulte,Paris
47,No,Travel_Frequently,219,Software,38,Below College,Technical Degree,Very High,Femme,149,Low,1,Developer,Medium,Divorced,23670,165690,8,1,0,Good,Very High,3,7,3,Best,2,1,2,1,Senior,Nantes
32,No,Travel_Rarely,410,Software,3,Bachelor,Medical,Low,Homme,175,High,2,Manager,Very High,Married,46902,1219452,5,1,23,Good,Medium,3,22,1,Bad,21,18,21,2,Adulte,Nantes
20,No,Travel_Rarely,101,Sales,41,Master,Life Sciences,Low,Homme,135,Medium,3,Research Director,Medium,Single,21700,520800,3,0,9,Excellent,Low,3,24,3,Best,17,13,4,16,Jeune,Lyon
21,No,Travel_Frequently,420,Software,19,Bachelor,Technical Degree,Medium,Homme,100,Very High,1,Sales Representative,Medium,Single,40873,286111,2,1,0,Good,Very High,1,29,1,Best,9,5,9,9,Jeune,Nantes
41,Yes,Travel_Rarely,450,Human Resources,35,Master,Other,High,Femme,188,Low,1,Laboratory Technician,High,Single,37342,112026,8,1,47,Good,High,1,31,3,Better,2,1,1,1,Adulte,Marseille
29,Yes,Non-Travel,1331,Support,5,Master,Technical Degree,Medium,Homme,43,Low,2,Research Scientist,Low,Divorced,40740,1181460,7,0,30,Excellent,Low,1,21,2,Better,1,1,1,1,Jeune,Grenoble
37,No,Non-Travel,1200,Sales,27,College,Other,Very High,Femme,156,Very High,1,Research Scientist,Very High,Divorced,44059,264354,4,0,12,Good,Medium,1,17,4,Bad,15,12,5,3,Adulte,Lyon
26,Yes,Travel_Frequently,641,Hardware,34,Doctor,Medical,Medium,Femme,43,Medium,1,Manager,Medium,Divorced,20988,251856,5,1,11,Outstanding,Medium,4,33,2,Good,27,15,23,25,Jeune,Lille
60,No,Travel_Frequently,271,Human Resources,5,Doctor,Human Resources,Very High,Femme,113,Low,1,Sales Executive,High,Divorced,2781,11124,7,1,1,Bad,High,2,8,2,Best,1,1,1,1,Senior,Marseille
49,No,Travel_Frequently,1318,Human Resources,39,Master,Marketing,High,Femme,120,Low,3,Human Resources,High,Married,15361,445469,0,0,8,Good,Medium,2,22,4,Good,20,18,15,13,Senior,Marseille
21,No,Travel_Rarely,875,Sales,44,College,Medical,Very High,Femme,46,Low,1,Laboratory Technician,Low,Single,2991,2991,7,1,35,Bad,Medium,1,7,4,Better,6,5,3,2,Jeune,Lyon
28,Yes,Travel_Frequently,1106,Human Resources,31,Master,Marketing,Medium,Femme,70,High,4,Sales Representative,Very High,Single,37536,375360,6,0,21,Bad,High,3,6,1,Good,2,1,2,1,Jeune,Marseille
46,Yes,Non-Travel,407,Hardware,26,Doctor,Medical,High,Femme,79,Low,3,Human Resources,High,Single,11047,243034,3,1,24,Bad,High,2,40,2,Better,27,23,27,4,Senior,Lille
50,No,Travel_Rarely,806,Support,12,Doctor,Marketing,Medium,Homme,190,High,1,Sales Executive,Medium,Married,41063,451693,7,1,41,Outstanding,High,4,20,2,Bad,8,3,2,3,Senior,Grenoble
29,Yes,Travel_Frequently,781,Support,19,Master,Technical Degree,Low,Homme,198,High,3,Manufacturing Director,Medium,Married,30403,668866,2,0,48,Bad,Medium,2,3,3,Best,2,2,1,1,Jeune,Grenoble
19,No,Non-Travel,510,Support,10,Bachelor,Medical,Low,Femme,152,Very High,3,Research Scientist,High,Divorced,16992,339840,1,0,11,Excellent,Very High,1,5,6,Best,4,2,1,4,Jeune,Grenoble
54,Yes,Travel_Rarely,612,Human Resources,11,College,Other,High,Homme,156,Very High,2,Research Scientist,High,Divorced,40946,204730,1,0,39,Excellent,Low,1,23,2,Bad,7,3,5,7,Senior,Marseille
18,No,Travel_Frequently,725,Software,43,Doctor,Medical,Medium,Femme,116,Very High,5,Manager,Medium,Divorced,40144,562016,0,0,21,Outstanding,Low,2,40,6,Best,6,2,6,3,Jeune,Nantes
39,Yes,Travel_Rarely,1412,Hardware,3,College,Technical Degree,Medium,Homme,146,High,2,Manufacturing Director,Low,Married,47116,800972,1,1,28,Outstanding,Very High,4,35,1,Better,25,2,18,20,Adulte,Lille
45,Yes,Travel_Frequently,443,Software,50,Doctor,Marketing,Medium,Homme,198,Low,2,Sales Executive,Medium,Divorced,37441,1010907,8,1,44,Excellent,High,3,23,2,Good,12,7,3,4,Adulte,Nantes
58,Yes,Travel_Frequently,1483,Research & Development,47,Below College,Marketing,High,Homme,114,Low,1,Research Scientist,Very High,Married,26998,242982,6,0,27,Bad,Low,1,37,1,Good,32,24,14,2,Senior,Paris
39,No,Travel_Frequently,1435,Human Resources,16,Doctor,Technical Degree,High,Femme,77,High,2,Developer,High,Single,14250,384750,8,1,20,Outstanding,Very High,3,15,3,Bad,13,3,13,2,Adulte,Marseille
59,No,Travel_Rarely,595,Support,44,Doctor,Medical,Low,Homme,79,Low,4,Sales Representative,Very High,Divorced,37087,1001349,6,1,10,Bad,Medium,3,38,1,Bad,36,10,22,29,Senior,Grenoble
36,Yes,Travel_Frequently,290,Support,22,Below College,Other,Low,Femme,60,High,1,Developer,Very High,Married,37173,1003671,7,0,9,Outstanding,Medium,1,20,2,Good,10,3,6,1,Adulte,Grenoble
58,Yes,Travel_Frequently,1026,Software,36,College,Life Sciences,High,Femme,108,Medium,5,Manufacturing Director,Medium,Divorced,39901,957624,1,1,3,Bad,High,3,32,3,Better,23,10,4,18,Senior,Nantes
27,No,Travel_Rarely,598,Software,49,Bachelor,Human Resources,High,Homme,180,High,4,Manager,Low,Divorced,34215,68430,0,1,12,Bad,Very High,2,2,2,Best,1,1,1,1,Jeune,Nantes
30,Yes,Travel_Frequently,734,Sales,6,College,Marketing,Very High,Femme,177,Medium,4,Laboratory Technician,High,Married,34127,102381,5,0,23,Excellent,Very High,4,14,3,Bad,5,2,1,2,Jeune,Lyon
47,No,Non-Travel,889,Software,13,College,Technical Degree,Low,Femme,102,Low,2,Laboratory Technician,High,Married,35778,715560,0,0,31,Good,Very High,4,36,3,Good,23,20,1,6,Senior,Nantes
35,No,Travel_Rarely,1373,Hardware,6,Bachelor,Marketing,Very High,Homme,197,Medium,3,Sales Executive,Very High,Divorced,29506,531108,8,0,44,Good,Very High,3,3,5,Better,1,1,1,1,Adulte,Lille
33,No,Non-Travel,1215,Human Resources,24,Master,Other,Medium,Femme,95,Very High,4,Healthcare Representative,High,Single,42407,212035,7,1,17,Bad,Very High,4,37,2,Best,8,3,3,3,Adulte,Marseille
41,Yes,Non-Travel,992,Support,14,Master,Technical Degree,Low,Homme,158,Medium,4,Sales Executive,Low,Married,21119,443499,1,0,16,Good,High,2,20,3,Bad,1,1,1,1,Adulte,Grenoble
23,No,Non-Travel,127,Software,15,College,Marketing,Low,Femme,93,Very High,2,Developer,High,Married,17737,195107,8,1,40,Excellent,High,1,39,6,Good,13,3,13,12,Jeune,Nantes
41,No,Travel_Frequently,443,Human Resources,35,Below College,Marketing,Low,Homme,92,Medium,1,Research Director,Low,Divorced,30283,545094,4,0,27,Outstanding,Low,1,14,5,Good,4,3,1,4,Adulte,Marseille
40,No,Non-Travel,391,Research & Development,31,College,Other,Very High,Femme,118,High,3,Developer,Medium,Single,17569,52707,3,1,0,Excellent,Very High,1,16,6,Bad,9,7,6,9,Adulte,Paris
36,Yes,Travel_Rarely,1038,Research & Development,6,Bachelor,Other,Very High,Femme,66,High,2,Laboratory Technician,Medium,Divorced,41736,626040,4,0,14,Excellent,Low,3,28,4,Bad,27,7,12,25,Adulte,Paris
55,Yes,Travel_Rarely,105,Sales,21,College,Technical Degree,Low,Homme,197,Low,5,Sales Representative,Very High,Divorced,28519,370747,3,0,6,Bad,Medium,4,21,4,Good,20,7,20,19,Senior,Lyon
38,No,Travel_Rarely,766,Software,27,Below College,Life Sciences,Medium,Homme,135,Very High,5,Healthcare Representative,Medium,Single,29290,468640,7,0,43,Good,Low,2,34,2,Bad,19,16,15,3,Adulte,Nantes
26,Yes,Non-Travel,878,Software,21,Doctor,Technical Degree,Very High,Femme,40,High,2,Research Scientist,Medium,Divorced,2168,2168,2,1,39,Good,Very High,1,11,5,Good,10,2,4,2,Jeune,Nantes
51,Yes,Travel_Frequently,937,Human Resources,46,Bachelor,Marketing,Very High,Homme,77,High,3,Laboratory Technician,Very High,Single,24661,147966,0,1,30,Bad,Low,3,14,2,Bad,10,3,3,2,Senior,Marseille
45,Yes,Non-Travel,628,Human Resources,37,Doctor,Other,High,Homme,130,Low,4,Research Director,Very High,Single,33171,132684,8,0,35,Outstanding,Very High,4,28,3,Best,23,5,1,22,Adulte,Marseille
60,No,Non-Travel,440,Research & Development,16,Bachelor,Human Resources,Very High,Homme,96,Low,3,Sales Executive,High,Married,46640,139920,1,0,8,Excellent,Low,4,16,3,Bad,8,5,2,2,Senior,Paris
49,Yes,Travel_Frequently,541,Support,29,Master,Human Resources,Medium,Femme,123,High,3,Human Resources,Low,Single,42233,1140291,5,1,0,Excellent,Low,3,1,4,Bad,1,1,1,1,Senior,Grenoble
32,No,Travel_Rarely,1389,Support,4,College,Other,High,Femme,178,High,3,Human Resources,Low,Divorced,20308,121848,4,1,32,Bad,Low,3,39,2,Best,20,10,12,7,Adulte,Grenoble
23,No,Non-Travel,1467,Sales,7,College,Life Sciences,Very High,Homme,64,Very High,4,Sales Representative,Very High,Single,37416,411576,6,1,29,Bad,Medium,4,34,3,Better,10,10,5,5,Jeune,Lyon
31,No,Travel_Frequently,1252,Software,19,Master,Life Sciences,Very High,Femme,72,Medium,5,Sales Executive,High,Married,28474,370162,0,1,46,Good,Low,2,38,3,Bad,29,25,5,28,Adulte,Nantes
27,Yes,Travel_Frequently,392,Support,47,Master,Life Sciences,High,Homme,55,Very High,4,Laboratory Technician,High,Divorced,39701,317608,5,0,27,Good,Very High,1,18,1,Bad,2,1,1,2,Jeune,Grenoble
45,No,Travel_Frequently,121,Software,43,Master,Medical,High,Femme,51,Medium,2,Laboratory Technician,Low,Divorced,50034,1050714,8,0,40,Outstanding,Medium,2,34,6,Bad,24,2,15,22,Adulte,Nantes
50,No,Travel_Rarely,758,Sales,3,Bachelor,Medical,High,Homme,34,Low,5,Healthcare Representative,Very High,Single,21244,297416,6,0,5,Outstanding,High,3,29,4,Better,6,1,6,4,Senior,Lyon
27,Yes,Travel_Rarely,340,Research & Development,11,College,Human Resources,Medium,Homme,55,High,2,Sales Representative,Medium,Married,2424,65448,7,1,35,Excellent,Very High,2,4,3,Bad,1,1,1,1,Jeune,Paris
54,Yes,Travel_Frequently,367,Human Resources,24,Below College,Other,Very High,Femme,178,Very High,4,Manufacturing Director,Medium,Divorced,17263,241682,2,0,45,Bad,Medium,4,17,2,Better,5,4,5,1,Senior,Marseille
33,No,Travel_Rarely,1228,Human Resources,21,Doctor,Marketing,Medium,Homme,38,Medium,2,Sales Representative,Very High,Married,17865,464490,5,0,16,Outstanding,Very High,4,28,6,Better,6,6,2,4,Adulte,Marseille
38,Yes,Non-Travel,757,Research & Development,17,Bachelor,Marketing,Low,Homme,79,Medium,5,Manager,Very High,Divorced,35005,630090,1,0,28,Excellent,High,3,34,3,Best,15,1,5,6,Adulte,Paris
37,Yes,Non-Travel,415,Human Resources,6,Bachelor,Human Resources,Very High,Homme,58,Medium,5,Research Director,Medium,Divorced,45587,1002914,6,1,6,Excellent,Very High,2,37,5,Better,36,25,2,34,Adulte,Marseille
38,Yes,Travel_Rarely,1057,Software,19,Bachelor,Medical,Medium,Femme,196,Low,5,Research Scientist,Very High,Single,45704,1234008,1,0,26,Bad,Medium,3,36,5,Good,32,20,6,3,Adulte,Nantes
50,No,Non-Travel,1058,Support,10,Bachelor,Medical,Very High,Femme,91,High,1,Manufacturing Director,Low,Married,34712,485968,5,0,32,Good,Very High,4,23,2,Best,7,7,2,5,Senior,Grenoble
18,Yes,Travel_Frequently,1342,Sales,29,Bachelor,Life Sciences,Low,Femme,74,Very High,1,Research Scientist,Very High,Married,8005,56035,8,0,9,Excellent,Very High,4,11,1,Bad,10,1,1,9,Jeune,Lyon
28,Yes,Travel_Rarely,716,Software,5,Master,Technical Degree,Medium,Femme,111,High,3,Sales Executive,Medium,Married,14992,224880,3,0,15,Outstanding,Medium,2,9,4,Best,2,2,1,2,Jeune,Nantes
36,No,Travel_Rarely,177,Support,16,College,Medical,Very High,Femme,140,Very High,4,Research Director,Very High,Married,33750,810000,7,0,14,Outstanding,Very High,2,11,2,Bad,10,4,2,10,Adulte,Grenoble
33,Yes,Travel_Rarely,1064,Research & Development,19,College,Medical,High,Homme,127,High,5,Healthcare Representative,High,Married,5087,106827,2,1,40,Outstanding,Low,2,12,1,Bad,12,4,11,1,Adulte,Paris
33,No,Travel_Rarely,867,Support,29,Below College,Marketing,Low,Homme,128,Very High,2,Sales Representative,High,Married,19599,450777,3,1,14,Bad,Low,1,17,2,Bad,9,5,9,4,Adulte,Grenoble
28,Yes,Travel_Frequently,937,Human Resources,1,College,Marketing,Very High,Homme,132,Low,1,Manufacturing Director,Low,Married,40567,365103,5,0,25,Excellent,Low,2,27,3,Better,4,3,2,2,Jeune,Marseille
39,Yes,Travel_Frequently,608,Human Resources,9,Below College,Life Sciences,Medium,Femme,184,High,1,Manager,Low,Married,30407,760175,7,0,16,Outstanding,High,3,36,2,Bad,9,5,2,6,Adulte,Marseille
60,Yes,Travel_Frequently,1381,Hardware,37,Doctor,Marketing,Medium,Femme,95,Low,2,Healthcare Representative,Medium,Divorced,26327,131635,4,0,14,Good,Low,3,30,2,Best,22,17,5,10,Senior,Lille
29,No,Travel_Rarely,163,Support,3,College,Human Resources,Medium,Femme,160,Medium,4,Manager,Very High,Divorced,32786,622934,5,0,33,Bad,High,1,15,2,Good,14,9,1,4,Jeune,Grenoble
44,Yes,Travel_Rarely,1285,Support,5,Doctor,Life Sciences,Medium,Femme,182,Medium,3,Research Scientist,High,Single,30610,581590,3,1,45,Bad,Low,2,25,2,Good,9,1,8,2,Adulte,Grenoble
29,Yes,Travel_Frequently,560,Hardware,43,College,Life Sciences,Low,Femme,166,Low,4,Healthcare Representative,Very High,Married,39812,597180,8,1,4,Bad,Very High,3,36,1,Better,15,5,15,12,Jeune,Lille
20,Yes,Non-Travel,379,Research & Development,33,Master,Life Sciences,High,Homme,80,High,1,Laboratory Technician,Low,Divorced,50309,251545,8,0,41,Outstanding,Medium,3,28,3,Best,26,16,25,19,Jeune,Paris
32,No,Travel_Frequently,1299,Human Resources,33,Master,Other,Low,Femme,37,Low,3,Research Scientist,Medium,Single,40297,483564,2,1,15,Excellent,Low,4,4,1,Best,3,3,1,3,Adulte,Marseille
34,Yes,Travel_Frequently,1498,Research & Development,28,Below College,Human Resources,Low,Homme,74,Very High,5,Sales Representative,Low,Married,39756,119268,5,1,39,Excellent,Low,2,34,5,Best,24,11,18,23,Adulte,Paris
45,Yes,Travel_Rarely,914,Software,19,Bachelor,Human Resources,Very High,Homme,168,Medium,2,Healthcare Representative,Low,Single,48570,388560,4,0,32,Excellent,Low,1,7,6,Bad,5,4,1,5,Adulte,Nantes
57,No,Travel_Rarely,145,Research & Development,22,Bachelor,Marketing,Very High,Femme,103,High,5,Manager,Medium,Divorced,7668,69012,5,0,42,Excellent,Medium,3,33,4,Best,25,18,2,10,Senior,Paris
21,No,Travel_Frequently,1069,Hardware,10,Below College,Life Sciences,Very High,Homme,96,Medium,2,Developer,Medium,Divorced,23198,324772,7,1,14,Outstanding,Low,4,12,6,Better,7,3,2,7,Jeune,Lille
18,Yes,Travel_Frequently,209,Sales,23,Master,Technical Degree,Medium,Homme,54,Very High,5,Sales Representative,High,Married,49448,1137304,5,0,39,Bad,Very High,4,29,4,Best,13,6,4,1,Jeune,Lyon
48,Yes,Non-Travel,290,Research & Development,13,College,Marketing,Low,Homme,119,Medium,3,Research Director,Low,Divorced,15601,140409,8,1,8,Good,Medium,4,31,1,Better,27,5,4,14,Senior,Paris
48,No,Non-Travel,1130,Hardware,41,Doctor,Marketing,Low,Homme,147,Medium,5,Developer,High,Married,44521,311647,0,1,38,Outstanding,High,2,32,6,Better,1,1,1,1,Senior,Lille
35,Yes,Non-Travel,263,Human Resources,5,Doctor,Life Sciences,Low,Homme,168,Medium,1,Research Scientist,Medium,Married,21976,351616,3,1,47,Outstanding,Medium,4,12,6,Bad,5,3,5,1,Adulte,Marseille
33,Yes,Travel_Rarely,270,Sales,50,Bachelor,Life Sciences,Low,Femme,163,Very High,5,Research Director,High,Married,10903,163545,7,0,34,Outstanding,Very High,4,20,6,Bad,17,11,15,1,Adulte,Lyon
47,Yes,Travel_Frequently,281,Human Resources,4,Bachelor,Human Resources,High,Homme,127,Low,3,Healthcare Representative,High,Divorced,24485,195880,3,1,41,Bad,High,2,14,3,Best,10,9,3,10,Senior,Marseille
30,Yes,Travel_Rarely,1331,Software,42,Bachelor,Other,Medium,Homme,39,Very High,5,Manufacturing Director,Medium,Divorced,21679,520296,5,0,44,Outstanding,Medium,4,38,5,Better,38,8,5,34,Jeune,Nantes
29,No,Travel_Frequently,659,Sales,9,Below College,Medical,Low,Homme,183,Medium,5,Healthcare Representative,Medium,Divorced,20136,483264,7,0,15,Excellent,Very High,1,5,1,Good,4,2,3,3,Jeune,Lyon
47,Yes,Non-Travel,403,Hardware,44,Bachelor,Life Sciences,Medium,Femme,142,Medium,4,Healthcare Representative,High,Divorced,50584,1011680,4,1,3,Excellent,Low,3,1,3,Better,1,1,1,1,Senior,Lille
30,No,Travel_Frequently,1227,Support,21,Master,Marketing,High,Femme,163,High,4,Laboratory Technician,Low,Divorced,48301,676214,6,1,37,Outstanding,Medium,3,40,2,Best,23,13,5,3,Jeune,Grenoble
39,No,Travel_Frequently,1441,Hardware,41,Master,Medical,High,Femme,77,High,3,Research Director,High,Divorced,26371,105484,3,0,12,Good,Very High,2,35,6,Bad,14,6,12,1,Adulte,Lille
44,No,Travel_Frequently,981,Human Resources,30,College,Medical,Medium,Homme,138,High,3,Human Resources,High,Married,40295,120885,1,0,37,Good,High,1,2,1,Bad,1,1,1,1,Adulte,Marseille
19,No,Travel_Frequently,1229,Support,46,College,Life Sciences,Low,Femme,75,Very High,1,Manufacturing Director,Low,Divorced,38164,1144920,4,0,27,Bad,Very High,2,20,1,Better,3,1,1,2,Jeune,Grenoble
29,No,Non-Travel,1146,Research & Development,46,Master,Other,Low,Femme,132,Low,2,Sales Executive,Medium,Single,26975,134875,8,0,18,Good,Very High,2,15,3,Better,7,2,4,2,Jeune,Paris
42,Yes,Travel_Rarely,534,Research & Development,33,Doctor,Other,Low,Homme,140,Very High,5,Human Resources,Medium,Divorced,46460,650440,4,1,47,Good,Very High,1,20,6,Best,15,3,2,6,Adulte,Paris
39,No,Non-Travel,198,Research & Development,6,Below College,Human Resources,Low,Homme,102,Low,2,Human Resources,High,Divorced,2774,33288,8,0,47,Bad,Very High,1,7,5,Good,3,2,3,3,Adulte,Paris
57,Yes,Non-Travel,423,Support,4,Bachelor,Marketing,Medium,Homme,43,Medium,5,Manager,Very High,Married,17000,425000,8,1,7,Good,Low,3,25,1,Good,13,8,13,7,Senior,Grenoble
25,No,Travel_Frequently,612,Hardware,33,Bachelor,Other,Very High,Femme,165,Medium,3,Healthcare Representative,Low,Divorced,7124,64116,4,1,48,Outstanding,Low,1,33,3,Best,18,14,17,17,Jeune,Lille
19,Yes,Non-Travel,510,Software,24,Below College,Other,High,Femme,60,High,4,Sales Executive,Very High,Married,7163,150423,0,1,29,Good,Very High,4,9,1,Best,8,8,7,5,Jeune,Nantes
42,No,Travel_Rarely,1183,Hardware,28,College,Human Resources,Very High,Homme,100,Very High,5,Manufacturing Director,High,Divorced,46695,747120,8,0,2,Excellent,Very High,3,15,3,Good,9,4,1,2,Adulte,Lille
21,Yes,Travel_Frequently,842,Sales,29,College,Medical,Very High,Femme,163,High,2,Healthcare Representative,Very High,Married,47099,753584,0,0,40,Good,Low,1,40,2,Good,3,3,2,2,Jeune,Lyon
37,No,Travel_Rarely,982,Hardware,35,Bachelor,Marketing,Medium,Homme,84,Very High,2,Healthcare Representative,High,Single,44396,266376,1,0,21,Good,Very High,1,5,5,Better,1,1,1,1,Adulte,Lille
37,Yes,Non-Travel,1080,Support,13,Below College,Marketing,Very High,Homme,187,High,3,Research Scientist,Very High,Married,20269,324304,2,1,49,Good,Very High,2,21,4,Good,2,2,2,2,Adulte,Grenoble
45,Yes,Travel_Frequently,708,Research & Development,28,College,Medical,Very High,Femme,31,Medium,2,Research Director,Medium,Married,13569,81414,6,1,1,Good,High,3,20,5,Good,9,1,1,8,Adulte,Paris
45,Yes,Travel_Rarely,776,Hardware,16,Bachelor,Marketing,Low,Homme,158,High,1,Laboratory Technician,High,Divorced,10587,31761,0,0,15,Excellent,Low,2,27,4,Better,27,21,27,5,Adulte,Lille
47,Yes,Travel_Frequently,173,Research & Development,2,Master,Technical Degree,Low,Homme,123,Medium,3,Research Scientist,Low,Married,18316,439584,1,0,16,Excellent,Very High,1,5,3,Best,1,1,1,1,Senior,Paris
57,No,Travel_Frequently,708,Human Resources,3,Bachelor,Life Sciences,Medium,Femme,130,Medium,1,Laboratory Technician,Very High,Married,45857,1146425,5,0,13,Excellent,Low,2,23,6,Bad,15,5,3,2,Senior,Marseille
51,Yes,Travel_Rarely,806,Software,29,College,Life Sciences,Low,Homme,148,Very High,1,Manager,Low,Married,43397,216985,1,1,22,Excellent,Very High,2,31,3,Best,23,16,10,21,Senior,Nantes
38,No,Non-Travel,1376,Support,29,College,Medical,Low,Homme,169,Medium,3,Human Resources,Low,Divorced,29677,118708,2,1,20,Bad,Medium,4,1,5,Best,1,1,1,1,Adulte,Grenoble
25,No,Travel_Frequently,1396,Support,35,Below College,Human Resources,Very High,Femme,141,High,5,Human Resources,High,Married,9632,260064,7,1,12,Outstanding,Medium,3,35,1,Bad,16,14,12,14,Jeune,Grenoble
30,Yes,Travel_Rarely,709,Research & Development,7,College,Technical Degree,Low,Femme,100,Medium,1,Laboratory Technician,Low,Divorced,16518,49554,1,0,47,Excellent,High,4,12,2,Bad,9,2,6,2,Jeune,Paris
31,Yes,Travel_Rarely,869,Human Resources,2,College,Life Sciences,Medium,Homme,41,Low,3,Research Scientist,Low,Divorced,33257,831425,7,1,16,Excellent,High,2,18,5,Better,14,13,5,10,Adulte,Marseille
52,No,Travel_Rarely,412,Research & Development,44,College,Marketing,Low,Homme,67,High,4,Healthcare Representative,High,Divorced,47141,1414230,6,0,7,Good,Medium,1,36,2,Good,16,1,15,14,Senior,Paris
50,Yes,Travel_Rarely,1223,Hardware,2,Master,Human Resources,High,Femme,80,Low,2,Human Resources,Very High,Divorced,40154,1084158,0,1,12,Good,High,4,36,5,Good,24,14,20,2,Senior,Lille
25,No,Travel_Rarely,1278,Hardware,34,Bachelor,Medical,Very High,Femme,75,Low,4,Sales Executive,Medium,Married,24069,144414,8,1,27,Outstanding,High,2,24,6,Bad,12,7,8,5,Jeune,Lille
34,No,Non-Travel,1301,Research & Development,49,Below College,Marketing,High,Femme,55,Low,3,Manager,High,Divorced,8404,218504,7,1,16,Excellent,Very High,4,32,2,Bad,24,19,11,9,Adulte,Paris
20,No,Travel_Rarely,393,Research & Development,12,Bachelor,Life Sciences,Low,Homme,174,Medium,2,Sales Representative,Low,Single,19273,134911,8,0,22,Outstanding,Low,3,36,2,Bad,30,13,5,27,Jeune,Paris
51,Yes,Travel_Frequently,428,Software,19,Below College,Human Resources,Low,Femme,125,High,5,Laboratory Technician,Very High,Divorced,25101,426717,4,0,37,Good,High,3,31,3,Better,5,4,4,3,Senior,Nantes
47,Yes,Travel_Rarely,688,Sales,21,Master,Human Resources,High,Femme,30,High,1,Sales Executive,Low,Married,18776,337968,1,0,10,Outstanding,Very High,1,32,4,Bad,9,2,7,4,Senior,Lyon
37,No,Travel_Rarely,522,Hardware,28,Below College,Other,Very High,Femme,186,Low,4,Sales Executive,Medium,Married,5857,35142,0,1,8,Excellent,High,3,7,6,Better,7,6,1,7,Adulte,Lille
59,No,Non-Travel,231,Hardware,26,Doctor,Medical,Medium,Homme,154,High,4,Sales Representative,Very High,Single,21363,213630,7,1,3,Outstanding,High,2,5,2,Good,3,1,2,3,Senior,Lille
37,No,Travel_Frequently,1158,Hardware,45,Doctor,Life Sciences,High,Femme,42,Medium,5,Manager,Low,Single,37944,227664,1,0,26,Outstanding,Medium,3,35,5,Better,17,5,14,2,Adulte,Lille
53,Yes,Travel_Frequently,431,Software,43,Doctor,Medical,Low,Femme,41,Medium,2,Research Scientist,Medium,Divorced,21071,316065,1,0,40,Good,Low,2,17,6,Good,8,8,7,1,Senior,Nantes
37,No,Non-Travel,723,Software,13,College,Other,Very High,Femme,48,Very High,4,Laboratory Technician,Very High,Single,20500,225500,1,1,14,Bad,Low,4,22,1,Good,15,13,4,12,Adulte,Nantes
58,No,Non-Travel,1255,Human Resources,7,Below College,Marketing,Low,Femme,162,Low,4,Research Director,High,Divorced,15665,187980,0,0,28,Outstanding,High,2,33,3,Best,12,2,9,10,Senior,Marseille
37,No,Travel_Rarely,257,Support,35,Master,Marketing,Very High,Femme,115,High,3,Manufacturing Director,Very High,Single,37751,1057028,4,0,0,Excellent,Very High,2,16,4,Good,9,9,4,8,Adulte,Grenoble
56,Yes,Travel_Frequently,905,Support,19,Master,Technical Degree,Medium,Femme,94,Low,2,Research Scientist,Medium,Married,45770,640780,6,1,5,Outstanding,Low,1,7,4,Bad,7,7,2,2,Senior,Grenoble
49,Yes,Non-Travel,1368,Hardware,1,Doctor,Medical,Low,Femme,75,High,1,Sales Executive,Low,Single,13669,341725,2,1,42,Good,Medium,4,2,4,Better,2,2,1,1,Senior,Lille
49,Yes,Travel_Rarely,979,Human Resources,1,Bachelor,Medical,High,Homme,156,Low,1,Manufacturing Director,Very High,Single,31862,637240,3,0,40,Good,High,2,29,4,Bad,1,1,1,1,Senior,Marseille
41,No,Travel_Rarely,1157,Research & Development,10,College,Marketing,Very High,Homme,56,Medium,4,Developer,Low,Divorced,9026,99286,6,0,42,Excellent,High,4,32,4,Bad,27,26,27,18,Adulte,Paris
29,Yes,Travel_Rarely,255,Software,49,Master,Other,Low,Homme,100,Low,3,Healthcare Representative,High,Married,38792,193960,5,0,10,Good,Very High,2,6,3,Best,3,2,1,3,Jeune,Nantes
45,Yes,Travel_Rarely,1443,Hardware,34,College,Life Sciences,Medium,Femme,35,Very High,5,Sales Representative,High,Single,34251,924777,8,0,38,Excellent,High,1,2,3,Bad,1,1,1,1,Adulte,Lille
25,Yes,Travel_Rarely,1217,Software,34,Below College,Medical,High,Homme,111,High,3,Research Scientist,Low,Divorced,10040,190760,1,0,23,Outstanding,Very High,1,11,4,Good,10,2,7,5,Jeune,Nantes
53,Yes,Non-Travel,892,Sales,36,Bachelor,Other,Very High,Femme,194,High,5,Research Director,Very High,Married,14061,210915,8,0,35,Outstanding,Medium,1,7,6,Better,7,7,7,1,Senior,Lyon
35,No,Non-Travel,567,Sales,47,Below College,Other,Low,Homme,128,Very High,2,Healthcare Representative,Very High,Single,26381,342953,7,1,20,Good,High,3,13,1,Bad,9,5,1,2,Adulte,Lyon
22,No,Non-Travel,665,Sales,40,College,Other,Low,Femme,150,Medium,3,Manager,Medium,Single,2275,36400,6,1,11,Good,High,2,8,5,Better,6,1,6,3,Jeune,Lyon
32,Yes,Travel_Frequently,1148,Hardware,36,Doctor,Life Sciences,Medium,Homme,99,High,4,Sales Representative,Medium,Divorced,6153,166131,0,0,48,Excellent,High,2,9,4,Bad,6,3,1,1,Adulte,Lille
55,No,Travel_Rarely,1287,Support,19,Below College,Life Sciences,Low,Femme,131,Very High,4,Laboratory Technician,Low,Single,7770,155400,7,0,15,Good,Very High,2,6,4,Bad,3,2,2,1,Senior,Grenoble
58,No,Non-Travel,406,Sales,45,Bachelor,Marketing,Very High,Femme,168,High,1,Developer,Low,Married,26818,536360,1,0,3,Good,Very High,3,12,2,Good,4,4,3,4,Senior,Lyon
42,Yes,Travel_Frequently,1034,Hardware,31,Doctor,Marketing,Medium,Femme,33,High,2,Manufacturing Director,Low,Divorced,5004,100080,1,1,18,Excellent,Medium,2,36,4,Better,18,9,16,14,Adulte,Lille
60,No,Non-Travel,532,Research & Development,23,Below College,Other,High,Homme,75,High,4,Research Director,Medium,Married,9992,299760,5,0,24,Good,High,2,23,1,Better,14,3,4,14,Senior,Paris
35,No,Travel_Frequently,877,Hardware,5,Doctor,Life Sciences,Medium,Homme,190,Low,5,Sales Executive,Medium,Married,15042,45126,6,1,34,Outstanding,Low,1,37,3,Best,13,8,5,5,Adulte,Lille
35,Yes,Non-Travel,307,Software,8,Bachelor,Life Sciences,Low,Homme,106,Medium,3,Laboratory Technician,Low,Single,24647,123235,1,0,44,Excellent,Low,3,12,3,Good,3,2,3,3,Adulte,Nantes
28,No,Travel_Frequently,333,Sales,12,Doctor,Marketing,Low,Femme,67,Very High,2,Manufacturing Director,Medium,Single,5535,121770,3,1,8,Good,Low,1,1,5,Better,1,1,1,1,Jeune,Lyon
20,No,Non-Travel,478,Sales,46,Below College,Marketing,High,Homme,43,High,1,Manager,High,Single,25656,487464,6,0,21,Bad,High,1,25,4,Bad,22,2,20,15,Jeune,Lyon
59,Yes,Travel_Rarely,1195,Sales,8,College,Marketing,Medium,Homme,152,Low,2,Manufacturing Director,High,Married,20578,226358,6,1,42,Bad,Very High,1,20,1,Good,8,8,2,2,Senior,Lyon
48,No,Travel_Rarely,214,Human Resources,12,College,Life Sciences,Medium,Femme,87,Medium,3,Developer,Low,Married,7389,44334,0,0,20,Outstanding,Low,2,15,2,Best,1,1,1,1,Senior,Marseille
35,No,Non-Travel,1385,Research & Development,11,College,Life Sciences,Very High,Femme,84,Medium,4,Manufacturing Director,Very High,Single,13886,124974,2,0,28,Bad,High,1,30,4,Bad,22,2,21,20,Adulte,Paris
42,No,Travel_Rarely,353,Support,45,Master,Medical,High,Femme,100,Medium,3,Research Director,Medium,Married,14519,14519,0,0,48,Excellent,High,1,14,3,Best,9,5,3,1,Adulte,Grenoble
20,Yes,Non-Travel,791,Support,28,College,Other,Medium,Homme,106,Very High,1,Laboratory Technician,High,Single,21237,233607,2,0,21,Outstanding,Very High,4,14,2,Better,9,4,3,6,Jeune,Grenoble
30,No,Travel_Frequently,1477,Human Resources,35,Doctor,Medical,High,Homme,59,Very High,4,Laboratory Technician,High,Married,14762,324764,1,0,36,Bad,High,2,36,5,Good,6,1,2,4,Jeune,Marseille
24,No,Non-Travel,651,Hardware,8,Bachelor,Medical,High,Homme,147,Very High,4,Laboratory Technician,Very High,Single,20595,61785,8,1,1,Excellent,Very High,3,30,4,Best,24,6,12,8,Jeune,Lille
50,Yes,Travel_Frequently,655,Software,24,Bachelor,Medical,Medium,Femme,172,Very High,3,Research Director,High,Divorced,50699,1064679,1,0,46,Outstanding,Medium,3,3,5,Bad,3,1,1,3,Senior,Nantes
36,Yes,Travel_Frequently,817,Sales,6,Below College,Human Resources,Low,Femme,131,High,3,Manufacturing Director,High,Married,40881,490572,4,1,42,Good,High,4,4,3,Good,3,1,2,3,Adulte,Lyon
31,No,Travel_Frequently,782,Sales,6,Bachelor,Other,Very High,Femme,55,High,2,Manager,High,Single,50402,50402,5,0,24,Good,Very High,2,12,2,Good,7,1,5,2,Adulte,Lyon
30,No,Non-Travel,990,Sales,40,Below College,Marketing,Medium,Femme,168,Very High,3,Manufacturing Director,Very High,Divorced,42807,428070,2,1,2,Excellent,Medium,4,27,4,Bad,16,8,2,15,Jeune,Lyon
34,Yes,Non-Travel,625,Human Resources,33,Below College,Other,Low,Femme,141,High,5,Developer,Medium,Married,39027,351243,3,1,43,Bad,Medium,2,6,6,Good,3,1,1,3,Adulte,Marseille
43,Yes,Non-Travel,1149,Research & Development,20,Below College,Technical Degree,Low,Femme,31,Medium,5,Research Director,Medium,Divorced,7718,84898,2,1,26,Good,Medium,4,24,4,Bad,6,4,6,1,Adulte,Paris
24,Yes,Travel_Rarely,1251,Software,23,Master,Human Resources,Low,Femme,161,High,1,Healthcare Representative,High,Divorced,6078,6078,3,1,3,Good,Low,4,4,5,Bad,2,1,1,2,Jeune,Nantes
42,Yes,Travel_Rarely,955,Software,12,Doctor,Marketing,Very High,Femme,94,Medium,5,Research Director,Medium,Divorced,32878,32878,5,1,10,Excellent,Very High,4,31,2,Best,25,23,4,25,Adulte,Nantes
34,Yes,Travel_Frequently,413,Software,13,Below College,Other,Medium,Homme,188,High,4,Sales Representative,Medium,Married,45515,1137875,8,1,25,Excellent,Low,4,10,2,Best,2,1,2,1,Adulte,Nantes
44,Yes,Travel_Frequently,1070,Hardware,9,Below College,Other,Very High,Homme,130,High,1,Healthcare Representative,High,Single,44144,927024,4,0,27,Good,Very High,3,12,3,Better,4,2,1,4,Adulte,Lille
20,Yes,Non-Travel,1480,Support,26,Master,Technical Degree,Very High,Homme,199,High,1,Healthcare Representative,Medium,Single,48412,290472,5,0,10,Excellent,High,1,40,1,Best,24,23,3,4,Jeune,Grenoble
58,Yes,Non-Travel,1253,Support,20,Master,Life Sciences,Low,Homme,119,Medium,3,Sales Executive,Very High,Single,49457,1285882,3,1,13,Excellent,Low,1,33,3,Better,12,7,5,1,Senior,Grenoble
48,Yes,Travel_Frequently,794,Human Resources,7,Doctor,Other,Low,Femme,143,High,4,Healthcare Representative,Very High,Married,40327,1129156,8,1,12,Excellent,Very High,2,28,4,Best,11,10,3,2,Senior,Marseille
26,Yes,Travel_Rarely,295,Software,50,Below College,Technical Degree,Very High,Femme,60,Very High,1,Laboratory Technician,Very High,Single,19090,515430,5,1,14,Good,Low,1,27,1,Best,22,22,11,15,Jeune,Nantes
30,Yes,Travel_Rarely,326,Software,43,Master,Technical Degree,High,Femme,127,Low,3,Manufacturing Director,High,Married,18100,235300,2,0,26,Excellent,Very High,4,23,4,Bad,6,2,4,5,Jeune,Nantes
38,Yes,Non-Travel,342,Software,37,Bachelor,Technical Degree,Medium,Femme,105,Medium,3,Developer,Very High,Divorced,41090,123270,2,0,30,Bad,Very High,1,12,5,Better,5,2,4,2,Adulte,Nantes
36,Yes,Non-Travel,432,Research & Development,30,Doctor,Marketing,High,Femme,85,Medium,5,Sales Representative,Very High,Divorced,3244,84344,7,1,4,Good,Low,1,40,2,Bad,20,14,17,17,Adulte,Paris
57,Yes,Non-Travel,355,Human Resources,3,Bachelor,Other,Low,Femme,166,Medium,4,Sales Executive,Medium,Married,12862,321550,6,1,30,Bad,Medium,2,4,1,Bad,2,2,1,2,Senior,Marseille
24,No,Travel_Frequently,654,Software,38,College,Human Resources,Low,Homme,146,Low,2,Developer,High,Single,41629,874209,3,0,35,Bad,Medium,1,33,2,Good,5,4,3,4,Jeune,Nantes
20,Yes,Travel_Rarely,189,Sales,13,Master,Life Sciences,Very High,Homme,50,Medium,5,Developer,High,Single,42308,1100008,1,0,46,Outstanding,High,1,34,5,Good,6,2,2,5,Jeune,Lyon
24,No,Non-Travel,499,Research & Development,3,Below College,Human Resources,Very High,Femme,127,Medium,5,Manufacturing Director,Very High,Single,41637,41637,5,0,35,Good,Low,1,28,5,Best,3,3,1,1,Jeune,Paris
56,Yes,Travel_Frequently,716,Software,15,Bachelor,Human Resources,Medium,Homme,32,Medium,4,Sales Representative,High,Married,44488,133464,3,1,3,Bad,High,1,37,1,Good,13,10,6,7,Senior,Nantes
47,No,Travel_Frequently,822,Human Resources,27,Bachelor,Medical,Low,Femme,158,High,4,Human Resources,Very High,Single,5493,27465,7,0,32,Good,Medium,2,10,1,Best,1,1,1,1,Senior,Marseille
46,Yes,Non-Travel,1170,Sales,38,Bachelor,Medical,Low,Homme,104,Medium,2,Healthcare Representative,Very High,Married,32220,579960,3,0,6,Outstanding,Low,4,34,2,Better,27,9,16,11,Senior,Lyon
40,No,Travel_Frequently,1239,Hardware,47,Bachelor,Technical Degree,Very High,Femme,65,Very High,3,Healthcare Representative,High,Divorced,20932,313980,3,1,42,Outstanding,Low,3,25,3,Better,3,2,3,2,Adulte,Lille
36,No,Travel_Frequently,862,Human Resources,40,Master,Marketing,Low,Femme,135,Low,1,Healthcare Representative,Very High,Married,11561,161854,7,0,27,Excellent,Medium,1,27,1,Bad,14,11,3,8,Adulte,Marseille
28,No,Non-Travel,522,Hardware,6,College,Life Sciences,Low,Homme,133,High,3,Research Scientist,Low,Single,42918,386262,0,0,43,Bad,Low,2,3,1,Good,3,1,1,1,Jeune,Lille
53,No,Non-Travel,123,Human Resources,15,Below College,Technical Degree,Very High,Homme,100,Low,5,Developer,Very High,Married,5612,134688,7,1,27,Excellent,High,1,18,1,Best,11,6,9,1,Senior,Marseille
25,Yes,Travel_Frequently,280,Sales,44,Below College,Life Sciences,Very High,Homme,108,Medium,4,Research Director,Low,Single,7581,45486,2,0,46,Bad,Very High,4,4,2,Best,1,1,1,1,Jeune,Lyon
24,No,Non-Travel,1326,Software,18,Doctor,Marketing,Low,Femme,129,Medium,5,Healthcare Representative,Medium,Married,42580,1192240,1,0,46,Outstanding,Low,1,27,1,Better,1,1,1,1,Jeune,Nantes
42,No,Travel_Frequently,1377,Sales,39,Below College,Marketing,Medium,Femme,166,Very High,5,Sales Executive,High,Divorced,33075,760725,5,0,21,Good,Medium,1,28,2,Best,9,9,8,8,Adulte,Lyon
25,No,Travel_Rarely,1354,Software,46,Doctor,Technical Degree,Low,Femme,165,Low,2,Sales Executive,High,Married,6535,196050,1,1,12,Bad,Very High,4,25,2,Bad,1,1,1,1,Jeune,Nantes
53,Yes,Non-Travel,1107,Support,7,Bachelor,Life Sciences,Medium,Femme,105,Low,1,Research Scientist,Very High,Divorced,24530,515130,0,0,43,Excellent,Medium,2,24,5,Better,9,5,9,5,Senior,Grenoble
32,Yes,Travel_Rarely,860,Support,16,Master,Human Resources,Low,Femme,62,Very High,1,Developer,Low,Single,11799,259578,4,1,14,Outstanding,High,3,32,5,Better,11,9,11,7,Adulte,Grenoble
59,Yes,Travel_Frequently,872,Research & Development,12,Doctor,Human Resources,Low,Homme,70,Low,4,Manager,Medium,Single,12802,320050,5,0,35,Excellent,Low,4,19,1,Best,17,9,13,9,Senior,Paris
39,No,Travel_Frequently,1386,Hardware,34,Doctor,Other,Very High,Homme,173,Very High,3,Healthcare Representative,High,Divorced,24404,732120,5,1,42,Good,Medium,1,30,2,Bad,3,1,2,3,Adulte,Lille
42,No,Travel_Frequently,871,Support,15,Below College,Marketing,Medium,Femme,179,Medium,4,Sales Representative,High,Divorced,19189,38378,4,1,10,Excellent,Very High,2,27,1,Best,11,8,3,11,Adulte,Grenoble
32,Yes,Travel_Rarely,975,Sales,38,Doctor,Other,Medium,Homme,112,High,2,Sales Executive,Medium,Married,16564,364408,4,0,2,Excellent,Medium,4,23,4,Good,13,4,8,13,Adulte,Lyon
53,Yes,Non-Travel,654,Sales,48,Master,Medical,High,Femme,36,High,2,Research Director,Low,Single,50822,1219728,6,1,41,Excellent,High,1,28,1,Good,3,1,2,2,Senior,Lyon
52,Yes,Travel_Rarely,667,Software,39,Below College,Human Resources,Low,Femme,89,Low,5,Human Resources,High,Married,2586,36204,5,1,18,Excellent,Very High,3,6,1,Bad,2,1,2,2,Senior,Nantes
42,Yes,Travel_Rarely,958,Software,6,Doctor,Marketing,Very High,Homme,47,Medium,5,Developer,Medium,Divorced,43898,175592,3,1,24,Bad,High,4,37,4,Good,14,8,9,2,Adulte,Nantes
39,Yes,Travel_Frequently,1006,Support,41,Below College,Other,Low,Femme,187,Low,2,Laboratory Technician,Medium,Single,17164,514920,5,1,32,Outstanding,Medium,1,16,5,Good,9,4,3,1,Adulte,Grenoble
34,No,Travel_Frequently,1166,Hardware,32,Below College,Medical,Low,Femme,138,Low,4,Healthcare Representative,Low,Divorced,34460,895960,8,0,49,Excellent,Low,4,31,3,Good,21,10,9,15,Adulte,Lille
53,No,Travel_Rarely,220,Sales,11,Below College,Medical,High,Femme,198,Low,1,Sales Executive,Medium,Single,9499,113988,3,1,19,Excellent,Very High,3,1,2,Good,1,1,1,1,Senior,Lyon
57,No,Travel_Frequently,1104,Support,41,College,Marketing,Very High,Homme,82,Medium,2,Research Scientist,High,Single,48898,1173552,1,0,42,Bad,Low,1,22,4,Best,14,6,6,14,Senior,Grenoble
24,Yes,Travel_Frequently,549,Sales,12,Doctor,Other,High,Femme,84,High,2,Research Director,Medium,Single,39170,783400,4,1,12,Bad,High,3,7,3,Bad,5,4,3,3,Jeune,Lyon
43,No,Travel_Frequently,838,Research & Development,6,Bachelor,Marketing,High,Femme,51,Low,3,Developer,Medium,Married,18865,94325,7,0,14,Good,High,3,31,3,Better,13,13,11,7,Adulte,Paris
44,Yes,Travel_Frequently,1447,Hardware,17,Doctor,Human Resources,Low,Homme,169,Very High,4,Human Resources,Low,Married,22203,266436,7,1,25,Excellent,Low,2,27,2,Bad,9,6,3,9,Adulte,Lille
45,Yes,Non-Travel,859,Hardware,18,Master,Other,High,Femme,197,Very High,2,Healthcare Representative,Very High,Divorced,37799,907176,8,1,45,Bad,Low,2,29,3,Better,5,3,5,3,Adulte,Lille
57,Yes,Travel_Frequently,838,Support,16,Bachelor,Other,Low,Homme,200,Very High,1,Human Resources,Low,Married,38278,76556,8,0,41,Good,High,1,2,6,Good,1,1,1,1,Senior,Grenoble
39,No,Non-Travel,1234,Sales,13,Master,Medical,Low,Homme,186,High,3,Human Resources,Very High,Single,38727,38727,7,0,33,Outstanding,Medium,2,5,1,Bad,2,2,1,2,Adulte,Lyon
42,No,Non-Travel,679,Support,49,Master,Technical Degree,Low,Homme,45,Very High,4,Developer,High,Single,22494,517362,4,1,47,Outstanding,Very High,4,38,4,Good,2,1,2,1,Adulte,Grenoble
24,Yes,Non-Travel,1407,Human Resources,10,Master,Human Resources,Very High,Homme,149,Very High,2,Healthcare Representative,Low,Married,35550,639900,4,0,40,Bad,Very High,2,27,2,Better,25,15,24,10,Jeune,Marseille
28,Yes,Travel_Rarely,868,Human Resources,1,Master,Human Resources,Low,Homme,67,High,5,Manager,High,Married,27657,110628,1,0,24,Excellent,Very High,4,19,3,Best,9,3,2,5,Jeune,Marseille
45,No,Non-Travel,1334,Human Resources,22,Bachelor,Technical Degree,Very High,Femme,122,Very High,5,Developer,Very High,Divorced,32494,584892,1,0,7,Outstanding,Low,4,25,5,Best,17,15,11,7,Adulte,Marseille
37,No,Non-Travel,885,Software,28,Master,Medical,Medium,Femme,83,Medium,4,Manager,Very High,Divorced,5499,153972,2,0,29,Bad,Low,1,31,4,Good,5,3,4,1,Adulte,Nantes
56,No,Travel_Rarely,725,Sales,13,Below College,Other,High,Femme,39,Low,4,Healthcare Representative,High,Divorced,18906,264684,8,0,33,Excellent,Low,4,25,3,Better,14,12,3,4,Senior,Lyon
28,Yes,Travel_Rarely,881,Human Resources,11,Below College,Human Resources,Very High,Femme,175,Low,3,Manufacturing Director,Very High,Married,17790,480330,1,1,46,Excellent,Very High,4,20,3,Bad,13,5,5,12,Jeune,Marseille
52,Yes,Travel_Rarely,581,Hardware,45,Master,Technical Degree,Low,Femme,165,Low,2,Research Scientist,Very High,Married,29094,523692,5,1,18,Outstanding,Medium,4,26,3,Best,6,5,3,6,Senior,Lille
60,Yes,Non-Travel,1322,Hardware,35,Bachelor,Marketing,Low,Femme,118,Medium,4,Developer,Low,Single,50767,507670,3,0,3,Outstanding,Very High,3,10,2,Best,6,1,4,1,Senior,Lille
20,Yes,Travel_Frequently,306,Research & Development,49,Bachelor,Medical,Medium,Femme,191,Low,2,Manager,Very High,Single,9395,18790,5,0,4,Excellent,Low,3,13,5,Best,4,4,3,2,Jeune,Paris
45,No,Travel_Rarely,586,Software,23,Master,Other,Low,Femme,83,High,3,Manufacturing Director,Low,Single,18819,244647,3,0,18,Good,Low,4,12,2,Best,6,2,4,3,Adulte,Nantes
18,Yes,Travel_Rarely,870,Software,37,Doctor,Life Sciences,Very High,Homme,44,Medium,4,Sales Representative,High,Single,47152,471520,7,1,12,Good,Very High,4,26,3,Bad,10,8,2,4,Jeune,Nantes
35,Yes,Travel_Frequently,135,Research & Development,43,Doctor,Human Resources,Low,Femme,172,High,4,Healthcare Representative,Medium,Single,5867,52803,3,1,7,Excellent,Medium,1,28,5,Better,13,9,1,13,Adulte,Paris
54,Yes,Travel_Frequently,1018,Hardware,40,Master,Other,Very High,Femme,32,High,1,Sales Executive,High,Married,28794,86382,8,0,5,Bad,High,4,18,6,Best,6,3,2,2,Senior,Lille
27,Yes,Travel_Rarely,544,Support,36,Doctor,Life Sciences,High,Femme,149,Very High,4,Sales Representative,Very High,Married,5385,161550,1,1,22,Excellent,High,2,2,6,Best,1,1,1,1,Jeune,Grenoble
49,Yes,Non-Travel,485,Software,39,Below College,Life Sciences,Medium,Homme,38,High,2,Sales Representative,Very High,Divorced,6708,201240,6,0,49,Good,Medium,4,36,2,Best,19,11,10,11,Senior,Nantes
35,No,Non-Travel,118,Software,18,Master,Technical Degree,Low,Femme,77,Very High,5,Research Scientist,Very High,Married,32478,324780,1,1,27,Excellent,Very High,1,7,2,Bad,4,1,1,1,Adulte,Nantes
48,No,Travel_Rarely,723,Human Resources,45,Bachelor,Life Sciences,Medium,Femme,99,Medium,5,Research Director,Very High,Divorced,17088,512640,2,1,12,Bad,Medium,3,24,2,Better,2,2,1,2,Senior,Marseille
27,No,Non-Travel,1092,Human Resources,25,Master,Technical Degree,Low,Femme,74,Low,5,Developer,Low,Single,43978,307846,4,0,31,Excellent,Medium,1,35,5,Best,17,12,8,13,Jeune,Marseille
35,No,Non-Travel,996,Hardware,49,College,Other,High,Femme,99,High,5,Laboratory Technician,High,Single,3439,37829,8,0,17,Outstanding,Medium,3,19,1,Better,9,5,7,6,Adulte,Lille
32,No,Travel_Rarely,811,Sales,30,Doctor,Life Sciences,Very High,Femme,163,Medium,3,Manufacturing Director,Low,Divorced,14983,254711,6,1,35,Excellent,Very High,4,2,4,Good,2,2,2,1,Adulte,Lyon
20,No,Non-Travel,645,Sales,49,Doctor,Life Sciences,Medium,Femme,157,Very High,3,Manager,Very High,Single,12947,181258,0,1,46,Excellent,High,3,18,4,Better,18,7,2,13,Jeune,Lyon
29,No,Travel_Rarely,221,Research & Development,16,Master,Technical Degree,Medium,Homme,32,Very High,4,Healthcare Representative,Medium,Married,32775,983250,7,1,36,Outstanding,Medium,3,8,2,Good,8,4,8,1,Jeune,Paris
24,Yes,Travel_Rarely,493,Research & Development,49,Below College,Other,Very High,Femme,39,High,5,Research Scientist,Very High,Married,45374,453740,2,0,3,Bad,High,3,17,2,Good,13,9,4,2,Jeune,Paris
44,Yes,Travel_Frequently,751,Human Resources,29,Below College,Other,Very High,Homme,117,Low,5,Sales Executive,Very High,Divorced,31565,441910,1,0,0,Excellent,Low,4,40,2,Good,8,4,3,2,Adulte,Marseille
18,No,Travel_Rarely,878,Hardware,28,Doctor,Technical Degree,High,Femme,94,Very High,3,Sales Executive,Low,Married,46690,793730,0,0,49,Bad,Medium,1,39,1,Best,16,14,4,6,Jeune,Lille
31,Yes,Non-Travel,207,Software,7,Below College,Medical,High,Femme,153,Very High,2,Research Director,Low,Married,3989,115681,7,0,34,Outstanding,Low,4,13,2,Good,6,2,1,1,Adulte,Nantes
51,No,Travel_Rarely,1183,Research & Development,40,College,Human Resources,Very High,Homme,108,Low,4,Laboratory Technician,Low,Single,2113,12678,6,1,33,Good,Medium,1,15,2,Good,13,9,12,10,Senior,Paris
34,No,Travel_Rarely,1483,Sales,30,Master,Other,High,Femme,102,High,3,Laboratory Technician,Very High,Divorced,37801,982826,1,1,13,Excellent,High,1,7,4,Better,3,2,3,2,Adulte,Lyon
46,Yes,Travel_Frequently,461,Sales,15,Below College,Other,Medium,Femme,174,Low,1,Manager,Medium,Single,45755,823590,6,0,31,Excellent,Very High,3,4,4,Bad,1,1,1,1,Senior,Lyon
59,Yes,Travel_Frequently,588,Human Resources,19,College,Technical Degree,Medium,Femme,35,Medium,3,Sales Representative,High,Single,38706,38706,0,1,29,Good,Low,2,5,4,Good,4,2,2,1,Senior,Marseille
57,Yes,Travel_Frequently,525,Human Resources,49,Master,Medical,Very High,Femme,70,Medium,4,Research Scientist,Very High,Divorced,16551,380673,2,1,19,Outstanding,Very High,1,7,1,Bad,6,1,3,1,Senior,Marseille
37,Yes,Travel_Frequently,707,Sales,12,College,Marketing,Very High,Homme,34,High,5,Research Director,Medium,Divorced,12752,102016,0,1,14,Good,Medium,1,21,2,Better,9,3,7,8,Adulte,Lyon
28,Yes,Travel_Frequently,587,Hardware,37,College,Life Sciences,Low,Femme,136,Medium,1,Research Director,Very High,Married,2669,80070,8,1,25,Good,Medium,1,26,6,Good,24,11,22,23,Jeune,Lille
21,Yes,Travel_Rarely,1291,Support,48,Bachelor,Medical,Medium,Homme,183,High,1,Manufacturing Director,Low,Married,44237,530844,5,1,1,Outstanding,High,1,7,3,Best,6,1,5,3,Jeune,Grenoble
48,No,Non-Travel,925,Hardware,45,Below College,Technical Degree,Very High,Femme,36,Low,5,Research Director,Medium,Married,29087,116348,5,0,20,Excellent,Very High,2,36,6,Better,32,21,6,3,Senior,Lille
36,No,Non-Travel,1184,Human Resources,31,College,Life Sciences,Low,Homme,106,Very High,5,Healthcare Representative,High,Married,17560,87800,5,0,43,Good,Very High,1,25,3,Best,5,4,1,2,Adulte,Marseille
56,No,Non-Travel,1170,Software,12,Doctor,Life Sciences,Medium,Homme,47,Low,2,Developer,High,Single,5514,60654,8,0,2,Outstanding,Low,1,15,3,Bad,10,1,9,2,Senior,Nantes
39,Yes,Travel_Frequently,508,Human Resources,31,Master,Marketing,Low,Homme,74,Very High,1,Manufacturing Director,Very High,Single,43954,483494,4,0,31,Outstanding,Medium,3,2,5,Bad,1,1,1,1,Adulte,Marseille
31,Yes,Non-Travel,173,Software,9,Below College,Medical,High,Homme,136,Low,2,Sales Representative,Medium,Married,14355,86130,5,1,19,Bad,High,1,4,4,Better,1,1,1,1,Adulte,Nantes
28,Yes,Travel_Frequently,385,Hardware,44,Bachelor,Life Sciences,Low,Homme,155,Low,5,Research Director,Medium,Married,16541,446607,1,1,49,Bad,Medium,1,20,3,Good,1,1,1,1,Jeune,Lille
37,No,Non-Travel,562,Sales,2,Below College,Life Sciences,Low,Homme,174,Very High,1,Sales Executive,High,Married,30899,30899,0,0,6,Excellent,Low,4,11,3,Best,11,7,2,9,Adulte,Lyon
23,No,Travel_Frequently,1332,Software,30,Master,Technical Degree,Very High,Homme,197,Low,1,Research Director,High,Divorced,29640,118560,2,0,41,Outstanding,Very High,4,34,5,Better,32,6,27,18,Jeune,Nantes
20,No,Travel_Rarely,437,Hardware,33,Below College,Human Resources,High,Femme,74,Medium,5,Sales Executive,Low,Married,30430,882470,8,0,9,Good,Very High,2,11,6,Good,1,1,1,1,Jeune,Lille
46,Yes,Non-Travel,102,Human Resources,46,Doctor,Human Resources,High,Homme,99,High,3,Laboratory Technician,High,Divorced,10778,183226,0,0,5,Bad,Very High,2,32,3,Better,26,25,9,1,Senior,Marseille
41,No,Travel_Frequently,1219,Support,42,Doctor,Other,Low,Femme,34,Very High,3,Human Resources,Low,Divorced,49426,1136798,1,1,43,Outstanding,Very High,4,12,4,Bad,2,1,2,2,Adulte,Grenoble
26,No,Travel_Frequently,526,Human Resources,25,Below College,Marketing,Very High,Homme,196,High,3,Manager,Low,Married,26327,684502,2,1,46,Good,Low,2,37,2,Good,4,3,2,4,Jeune,Marseille
42,Yes,Travel_Frequently,801,Sales,17,Master,Technical Degree,Low,Femme,83,Low,2,Manager,Medium,Divorced,30558,580602,6,0,38,Excellent,High,4,23,6,Better,16,14,4,4,Adulte,Lyon
33,Yes,Travel_Frequently,994,Software,15,Doctor,Other,High,Homme,68,Very High,3,Human Resources,Medium,Divorced,34216,307944,0,0,49,Outstanding,High,4,10,4,Best,10,3,6,10,Adulte,Nantes
19,No,Non-Travel,313,Support,16,Master,Medical,Low,Homme,66,High,5,Sales Executive,Very High,Married,43661,611254,6,0,38,Good,High,1,8,5,Better,3,2,3,3,Jeune,Grenoble
56,Yes,Travel_Frequently,1458,Hardware,17,Bachelor,Marketing,Medium,Femme,146,Low,5,Sales Executive,Low,Married,19646,58938,6,0,20,Good,High,4,5,3,Bad,1,1,1,1,Senior,Lille
32,No,Non-Travel,1357,Research & Development,32,College,Other,High,Homme,44,Low,4,Developer,Medium,Divorced,37368,298944,3,1,29,Bad,Medium,2,35,4,Bad,6,4,5,1,Adulte,Paris
60,Yes,Travel_Frequently,291,Research & Development,32,Below College,Life Sciences,Low,Homme,74,Very High,1,Laboratory Technician,Medium,Single,12255,306375,5,1,26,Bad,Very High,3,13,3,Best,10,3,3,1,Senior,Paris
39,No,Non-Travel,304,Hardware,8,College,Life Sciences,Very High,Femme,84,Low,1,Research Director,High,Married,38600,733400,3,0,3,Good,High,2,23,2,Best,10,5,7,9,Adulte,Lille
19,No,Travel_Rarely,773,Support,45,Bachelor,Medical,Medium,Homme,149,Very High,5,Laboratory Technician,Medium,Single,45664,547968,0,0,21,Bad,Low,4,32,4,Better,5,5,1,3,Jeune,Grenoble
35,No,Travel_Frequently,644,Research & Development,5,Below College,Marketing,Very High,Femme,196,Very High,5,Sales Executive,Low,Divorced,29591,562229,2,0,45,Excellent,Medium,4,37,5,Best,37,6,9,9,Adulte,Paris
46,No,Travel_Rarely,1051,Research & Development,48,College,Technical Degree,High,Femme,63,High,4,Sales Representative,Medium,Divorced,32843,985290,5,0,47,Outstanding,Low,2,5,6,Better,2,2,2,2,Senior,Paris
28,No,Travel_Rarely,248,Hardware,9,Doctor,Marketing,High,Femme,174,High,4,Sales Executive,High,Divorced,44641,758897,4,0,18,Excellent,High,4,9,3,Best,7,5,7,7,Jeune,Lille
29,No,Non-Travel,628,Sales,23,Below College,Marketing,Very High,Femme,155,Medium,1,Research Scientist,Low,Married,43234,86468,1,1,34,Bad,Low,2,27,4,Better,8,3,7,2,Jeune,Lyon
31,No,Non-Travel,442,Support,50,Master,Marketing,Very High,Homme,163,Medium,4,Healthcare Representative,Medium,Married,41282,123846,1,1,32,Excellent,Low,2,35,5,Bad,5,3,4,4,Adulte,Grenoble
43,No,Travel_Rarely,758,Research & Development,22,Doctor,Medical,Medium,Femme,176,Medium,2,Laboratory Technician,Medium,Married,30071,902130,7,1,11,Good,High,4,24,3,Good,6,4,4,5,Adulte,Paris
27,No,Non-Travel,1470,Software,38,Below College,Medical,Low,Femme,94,High,3,Research Scientist,Medium,Single,13049,39147,5,1,24,Outstanding,Medium,1,35,1,Good,15,11,5,9,Jeune,Nantes
24,Yes,Non-Travel,264,Research & Development,24,College,Life Sciences,High,Homme,158,Very High,4,Human Resources,High,Single,18834,263676,0,1,22,Bad,Low,3,15,1,Best,11,10,7,8,Jeune,Paris
36,Yes,Travel_Rarely,1110,Sales,26,College,Medical,Low,Femme,92,Very High,5,Healthcare Representative,Low,Single,23537,23537,4,0,17,Bad,Very High,1,38,1,Best,32,14,14,3,Adulte,Lyon
19,No,Non-Travel,1282,Research & Development,25,College,Other,Very High,Femme,31,Medium,5,Human Resources,Medium,Married,30268,393484,0,0,38,Excellent,Very High,3,37,4,Better,21,19,18,13,Jeune,Paris
44,Yes,Non-Travel,970,Research & Development,26,Master,Technical Degree,Very High,Homme,82,Very High,3,Laboratory Technician,Medium,Divorced,3931,70758,0,1,25,Outstanding,Low,2,36,1,Good,36,29,5,15,Adulte,Paris
59,Yes,Travel_Rarely,538,Sales,43,Master,Life Sciences,High,Femme,97,Medium,5,Research Director,Very High,Single,23915,95660,6,1,39,Outstanding,Low,1,25,4,Bad,5,1,3,2,Senior,Lyon
34,No,Non-Travel,1476,Support,1,Master,Other,Medium,Femme,108,Very High,4,Manufacturing Director,High,Single,18711,187110,2,0,18,Good,Medium,2,22,2,Good,6,4,1,4,Adulte,Grenoble
37,Yes,Travel_Rarely,973,Human Resources,45,Bachelor,Medical,Very High,Homme,102,Low,1,Laboratory Technician,Very High,Married,10590,264750,8,1,16,Bad,Very High,1,11,2,Good,7,3,4,6,Adulte,Marseille
28,No,Travel_Rarely,602,Support,10,Below College,Marketing,Very High,Femme,169,Medium,3,Research Scientist,Medium,Married,16696,16696,8,0,12,Bad,High,2,21,4,Good,17,16,7,2,Jeune,Grenoble
30,Yes,Travel_Rarely,399,Sales,10,Doctor,Marketing,Very High,Femme,147,Very High,1,Manager,Medium,Divorced,44740,850060,7,1,10,Excellent,Medium,1,19,5,Better,18,12,13,16,Jeune,Lyon
51,Yes,Travel_Rarely,479,Software,28,Bachelor,Medical,Medium,Homme,168,Low,1,Laboratory Technician,Low,Married,47137,329959,5,0,20,Excellent,Low,2,16,3,Bad,12,8,7,2,Senior,Nantes
57,Yes,Travel_Rarely,1122,Sales,16,College,Other,Low,Femme,56,Very High,3,Research Director,Very High,Divorced,20119,261547,2,0,7,Outstanding,Medium,3,22,4,Best,5,5,1,1,Senior,Lyon
41,No,Travel_Rarely,1179,Human Resources,48,Bachelor,Marketing,High,Femme,51,Very High,5,Developer,Medium,Divorced,33031,396372,3,1,39,Outstanding,Very High,1,6,3,Good,1,1,1,1,Adulte,Marseille
25,Yes,Non-Travel,717,Support,26,Master,Marketing,Very High,Homme,187,Low,4,Manufacturing Director,High,Divorced,4731,28386,2,1,20,Excellent,Medium,3,36,1,Good,18,11,6,16,Jeune,Grenoble
26,No,Travel_Frequently,559,Human Resources,34,College,Human Resources,Medium,Femme,122,Medium,3,Manufacturing Director,Medium,Divorced,6348,57132,2,0,9,Bad,Low,3,39,3,Good,36,20,30,22,Jeune,Marseille
52,No,Non-Travel,162,Software,3,Master,Human Resources,Medium,Homme,46,Very High,5,Manager,Very High,Single,13455,67275,7,0,21,Outstanding,Medium,4,31,5,Best,27,21,16,22,Senior,Nantes
46,Yes,Non-Travel,1141,Support,30,College,Other,Very High,Homme,192,Very High,4,Human Resources,Low,Divorced,22366,357856,3,0,18,Outstanding,Medium,4,36,1,Good,9,3,3,6,Senior,Grenoble
33,No,Travel_Rarely,1461,Research & Development,47,Master,Other,Very High,Homme,174,Very High,2,Human Resources,Low,Single,29313,29313,5,1,16,Outstanding,Low,3,23,4,Good,5,3,1,4,Adulte,Paris
38,No,Non-Travel,200,Human Resources,25,Master,Marketing,Very High,Femme,155,Medium,2,Research Director,Low,Single,32790,754170,3,0,27,Bad,Low,2,18,3,Better,9,9,5,3,Adulte,Marseille
47,No,Non-Travel,819,Sales,50,Below College,Life Sciences,Low,Homme,161,Low,4,Research Scientist,High,Single,46806,1216956,3,0,0,Excellent,Very High,3,14,1,Bad,12,12,2,10,Senior,Lyon
50,Yes,Non-Travel,1173,Software,20,Below College,Life Sciences,High,Femme,76,High,5,Manufacturing Director,High,Married,9846,236304,6,1,22,Excellent,Very High,1,26,6,Better,5,2,4,2,Senior,Nantes
56,No,Travel_Rarely,627,Hardware,49,Below College,Other,Medium,Femme,45,Low,2,Laboratory Technician,Medium,Divorced,23255,372080,4,1,21,Excellent,High,4,36,4,Good,15,10,3,9,Senior,Lille
22,Yes,Non-Travel,818,Sales,1,Bachelor,Other,Very High,Femme,81,Very High,5,Developer,High,Divorced,26045,130225,0,0,25,Excellent,Very High,2,15,6,Better,14,6,6,14,Jeune,Lyon
43,No,Travel_Rarely,815,Research & Development,45,Below College,Medical,Low,Femme,96,Very High,1,Healthcare Representative,Low,Single,36590,768390,8,0,9,Excellent,Very High,1,32,5,Better,9,9,5,5,Adulte,Paris
47,No,Non-Travel,768,Hardware,1,Below College,Marketing,Low,Homme,79,Low,4,Human Resources,Very High,Divorced,6794,101910,7,1,6,Good,Medium,1,39,2,Good,4,3,4,3,Senior,Lille
56,No,Non-Travel,517,Human Resources,40,Bachelor,Medical,Medium,Femme,171,Low,3,Developer,Low,Married,10518,294504,1,1,14,Bad,Low,4,12,3,Good,8,2,5,8,Senior,Marseille
20,No,Travel_Rarely,1400,Human Resources,31,Below College,Life Sciences,Low,Femme,48,Very High,3,Developer,Low,Married,35549,959823,6,1,47,Excellent,High,1,10,1,Best,6,3,4,5,Jeune,Marseille
30,No,Non-Travel,726,Software,41,College,Human Resources,Very High,Homme,51,Very High,1,Research Scientist,Very High,Married,30519,30519,7,0,2,Bad,Very High,1,28,3,Good,11,5,2,9,Jeune,Nantes
51,No,Travel_Frequently,745,Research & Development,28,Doctor,Technical Degree,High,Homme,145,High,4,Developer,High,Married,3687,14748,3,1,37,Good,Low,1,21,5,Good,8,1,6,3,Senior,Paris
42,No,Non-Travel,367,Sales,44,College,Medical,High,Homme,149,High,1,Sales Representative,Medium,Married,36593,219558,6,0,18,Good,Medium,4,34,5,Bad,10,9,9,3,Adulte,Lyon
46,No,Travel_Rarely,498,Support,41,Bachelor,Life Sciences,Very High,Homme,85,Low,5,Sales Representative,Low,Married,9808,147120,4,1,9,Excellent,Medium,1,28,3,Better,28,7,27,18,Senior,Grenoble
22,Yes,Non-Travel,979,Support,44,Bachelor,Medical,Low,Homme,150,Low,2,Sales Representative,Very High,Single,41201,329608,3,0,37,Outstanding,Very High,3,33,1,Better,23,14,5,18,Jeune,Grenoble
20,Yes,Non-Travel,514,Support,6,Doctor,Life Sciences,Very High,Femme,39,Very High,4,Sales Representative,Very High,Divorced,25620,102480,1,0,34,Good,Medium,1,30,3,Best,24,17,3,4,Jeune,Grenoble
43,Yes,Travel_Rarely,522,Sales,40,Master,Life Sciences,Medium,Homme,199,Low,5,Sales Representative,Very High,Divorced,33349,66698,6,0,0,Bad,Very High,2,37,5,Bad,34,32,29,31,Adulte,Lyon
59,Yes,Non-Travel,1371,Support,24,Below College,Medical,Medium,Homme,31,Very High,1,Healthcare Representative,Very High,Divorced,8123,211198,2,0,1,Excellent,Very High,3,16,3,Bad,11,4,6,5,Senior,Grenoble
48,Yes,Travel_Frequently,608,Research & Development,12,Doctor,Marketing,High,Femme,54,Low,4,Sales Representative,High,Divorced,42229,211145,4,1,13,Outstanding,Very High,4,21,5,Better,17,1,17,4,Senior,Paris
39,Yes,Travel_Frequently,1289,Human Resources,18,Doctor,Technical Degree,Low,Homme,153,Medium,5,Research Director,Low,Divorced,50273,1156279,6,0,27,Excellent,Very High,2,25,6,Better,2,2,2,1,Adulte,Marseille
40,No,Non-Travel,1369,Sales,21,College,Other,Medium,Homme,39,Very High,5,Manager,Very High,Single,46378,788426,1,1,42,Bad,Very High,2,16,6,Good,15,3,14,11,Adulte,Lyon
22,No,Travel_Frequently,668,Hardware,46,Bachelor,Life Sciences,Low,Homme,33,Medium,2,Research Director,High,Married,24801,595224,4,0,0,Good,High,1,2,2,Best,2,2,1,1,Jeune,Lille
33,No,Travel_Frequently,558,Sales,19,Bachelor,Technical Degree,Low,Femme,174,Low,5,Developer,Very High,Single,26777,267770,0,0,14,Excellent,Very High,1,21,2,Good,4,1,1,3,Adulte,Lyon
46,No,Travel_Frequently,1256,Hardware,26,Bachelor,Medical,Very High,Homme,143,Medium,2,Manager,Low,Single,38388,345492,2,1,24,Good,Low,2,34,3,Good,14,3,7,4,Senior,Lille
49,No,Non-Travel,1211,Sales,11,College,Technical Degree,Very High,Femme,196,High,3,Manufacturing Director,High,Married,24834,273174,8,0,13,Bad,Medium,2,33,1,Good,6,2,3,6,Senior,Lyon
23,Yes,Travel_Rarely,1280,Support,30,Doctor,Human Resources,Medium,Femme,43,Medium,1,Healthcare Representative,Low,Single,25879,569338,3,0,43,Bad,Medium,2,19,1,Better,6,5,3,1,Jeune,Grenoble
33,No,Travel_Frequently,337,Research & Development,24,Doctor,Medical,Medium,Homme,179,Very High,2,Healthcare Representative,High,Single,28690,803320,7,1,19,Excellent,Very High,3,30,3,Best,12,6,9,9,Adulte,Paris
43,No,Travel_Rarely,889,Support,26,Below College,Marketing,High,Femme,158,Low,2,Laboratory Technician,Medium,Married,26727,427632,7,0,39,Excellent,Medium,1,7,2,Bad,4,3,3,2,Adulte,Grenoble
35,Yes,Travel_Rarely,1499,Human Resources,44,Master,Other,High,Homme,113,Medium,3,Human Resources,Medium,Married,23779,642033,6,1,9,Excellent,Low,1,3,3,Good,1,1,1,1,Adulte,Marseille
56,Yes,Travel_Rarely,318,Human Resources,42,Below College,Technical Degree,Medium,Femme,55,High,4,Sales Representative,High,Married,48342,1305234,0,0,12,Good,Low,2,11,2,Better,8,4,1,7,Senior,Marseille
45,Yes,Travel_Frequently,620,Research & Development,13,Master,Other,Low,Homme,115,Very High,1,Laboratory Technician,Very High,Single,6085,121700,2,0,24,Outstanding,Very High,3,18,2,Bad,8,7,8,2,Adulte,Paris
56,Yes,Non-Travel,216,Research & Development,20,Master,Other,Low,Femme,72,Very High,4,Manager,Medium,Divorced,33551,268408,8,0,41,Good,Low,4,39,3,Good,1,1,1,1,Senior,Paris
53,Yes,Non-Travel,1205,Software,10,Doctor,Human Resources,Very High,Homme,59,Very High,3,Human Resources,Medium,Single,19029,152232,0,0,10,Bad,Low,4,2,5,Good,1,1,1,1,Senior,Nantes
35,No,Travel_Rarely,1267,Hardware,44,College,Technical Degree,Very High,Femme,36,Low,4,Human Resources,Medium,Married,11840,213120,3,0,37,Excellent,Low,2,19,3,Bad,3,1,2,2,Adulte,Lille
50,Yes,Travel_Rarely,599,Support,45,Master,Life Sciences,Medium,Homme,32,High,5,Manufacturing Director,Low,Divorced,37436,1123080,2,1,21,Bad,High,4,31,5,Bad,13,5,7,3,Senior,Grenoble
22,No,Non-Travel,632,Support,50,College,Human Resources,High,Femme,122,Low,1,Sales Representative,Low,Single,26580,292380,3,1,0,Good,Medium,3,8,1,Good,4,4,1,1,Jeune,Grenoble
55,Yes,Travel_Frequently,1357,Human Resources,7,College,Life Sciences,High,Homme,173,High,2,Research Scientist,High,Divorced,34494,793362,1,1,40,Bad,Medium,1,32,5,Best,16,16,11,16,Senior,Marseille
25,No,Travel_Rarely,1262,Sales,11,College,Life Sciences,Very High,Femme,76,Very High,2,Manufacturing Director,High,Divorced,42908,772344,3,0,5,Good,Very High,1,19,5,Better,6,6,5,5,Jeune,Lyon
18,Yes,Travel_Frequently,1290,Software,17,Master,Technical Degree,Medium,Homme,158,Low,3,Sales Executive,Low,Single,30175,633675,1,1,2,Excellent,Low,3,13,2,Best,5,4,3,4,Jeune,Nantes
30,Yes,Travel_Rarely,1468,Research & Development,44,Doctor,Technical Degree,High,Homme,52,Very High,4,Laboratory Technician,High,Married,3468,97104,8,0,16,Good,High,1,15,3,Best,7,3,4,1,Jeune,Paris
58,No,Travel_Rarely,110,Software,12,Below College,Marketing,Medium,Homme,70,Medium,1,Research Director,Very High,Divorced,32025,288225,0,1,46,Bad,High,3,31,4,Better,1,1,1,1,Senior,Nantes
22,Yes,Travel_Frequently,1142,Support,5,College,Human Resources,High,Homme,61,Low,5,Laboratory Technician,Low,Divorced,11684,58420,2,1,34,Outstanding,Medium,2,14,3,Good,9,9,8,6,Jeune,Grenoble
56,Yes,Non-Travel,783,Software,31,Bachelor,Medical,Low,Homme,99,Medium,1,Laboratory Technician,Medium,Married,41782,626730,0,1,8,Good,Medium,1,4,6,Good,3,1,2,1,Senior,Nantes
56,Yes,Travel_Frequently,1101,Hardware,27,Bachelor,Marketing,Low,Homme,173,Very High,1,Manager,High,Divorced,34768,660592,6,1,40,Excellent,Medium,2,3,5,Better,1,1,1,1,Senior,Lille
55,Yes,Non-Travel,780,Support,7,Below College,Other,Medium,Femme,193,Very High,2,Human Resources,Medium,Divorced,13753,206295,7,0,39,Outstanding,Medium,3,16,6,Good,6,5,3,2,Senior,Grenoble
31,Yes,Non-Travel,431,Hardware,18,Bachelor,Marketing,Low,Femme,80,Very High,3,Developer,Very High,Divorced,31130,933900,6,1,12,Good,Very High,3,13,1,Better,2,1,2,2,Adulte,Lille
50,No,Non-Travel,1050,Support,42,Doctor,Technical Degree,Medium,Homme,126,Low,5,Healthcare Representative,Medium,Single,13379,40137,3,1,8,Excellent,Very High,4,27,2,Good,16,3,15,6,Senior,Grenoble
56,No,Travel_Frequently,1227,Software,35,Below College,Other,Medium,Homme,88,High,4,Manager,Very High,Divorced,19403,310448,8,0,22,Excellent,Low,2,17,4,Good,10,3,9,8,Senior,Nantes
32,Yes,Travel_Frequently,617,Hardware,29,Below College,Marketing,High,Femme,133,Medium,1,Research Scientist,Medium,Divorced,36939,664902,8,0,44,Excellent,Low,3,34,5,Better,23,22,21,9,Adulte,Lille
39,Yes,Non-Travel,1087,Sales,21,Below College,Human Resources,Low,Femme,183,High,1,Sales Representative,Very High,Single,18747,224964,1,0,44,Outstanding,Low,1,21,6,Bad,9,3,2,7,Adulte,Lyon
51,No,Travel_Rarely,1093,Research & Development,47,Doctor,Human Resources,Very High,Femme,119,Low,2,Sales Representative,Medium,Divorced,15824,205712,5,1,30,Bad,Low,1,26,3,Good,9,9,7,9,Senior,Paris
22,Yes,Travel_Rarely,272,Software,7,Bachelor,Medical,Low,Homme,174,Very High,5,Sales Executive,High,Single,2634,63216,0,1,16,Good,Very High,4,1,1,Good,1,1,1,1,Jeune,Nantes
30,Yes,Non-Travel,937,Support,19,Master,Medical,Medium,Homme,68,Low,5,Healthcare Representative,Very High,Divorced,41315,1115505,1,1,16,Excellent,High,3,3,6,Better,3,1,1,2,Jeune,Grenoble
34,No,Non-Travel,383,Research & Development,34,Master,Other,Low,Homme,192,Low,3,Research Scientist,Very High,Divorced,20796,62388,2,1,14,Excellent,Low,4,33,5,Better,9,1,1,8,Adulte,Paris
60,No,Travel_Rarely,246,Support,50,Below College,Other,High,Homme,81,Medium,3,Manufacturing Director,Very High,Divorced,8308,41540,3,1,5,Outstanding,Low,3,11,2,Better,9,8,9,7,Senior,Grenoble
55,Yes,Non-Travel,1159,Research & Development,26,Doctor,Life Sciences,Low,Homme,49,Very High,5,Manufacturing Director,High,Divorced,6527,13054,4,0,47,Bad,Medium,3,2,5,Better,2,2,2,1,Senior,Paris
56,Yes,Non-Travel,799,Support,43,Doctor,Other,High,Femme,195,Medium,4,Research Director,Low,Single,38925,389250,5,1,19,Outstanding,Medium,2,8,5,Good,5,1,3,2,Senior,Grenoble
33,No,Travel_Frequently,957,Software,47,Doctor,Marketing,High,Femme,54,Low,4,Developer,Medium,Married,49018,1225450,5,1,12,Outstanding,Medium,1,14,4,Bad,13,8,5,9,Adulte,Nantes
57,No,Travel_Rarely,438,Software,41,College,Human Resources,Low,Femme,198,Very High,1,Manufacturing Director,Very High,Divorced,9442,94420,7,1,29,Excellent,Low,2,17,1,Best,14,12,7,14,Senior,Nantes
52,No,Travel_Rarely,1223,Human Resources,30,Bachelor,Marketing,High,Homme,148,High,1,Sales Representative,Low,Single,22926,527298,1,0,42,Bad,Very High,2,22,2,Good,5,3,5,3,Senior,Marseille
35,No,Non-Travel,832,Research & Development,23,Below College,Life Sciences,Low,Homme,34,Low,2,Developer,Low,Single,16473,214149,8,1,14,Good,Low,2,37,6,Bad,35,25,29,35,Adulte,Paris
44,Yes,Travel_Frequently,196,Research & Development,13,Bachelor,Marketing,Medium,Homme,80,High,1,Research Scientist,Very High,Divorced,29851,358212,3,1,15,Excellent,Very High,3,25,2,Best,1,1,1,1,Adulte,Paris
20,No,Non-Travel,382,Software,25,Doctor,Life Sciences,Low,Femme,67,Medium,4,Healthcare Representative,Very High,Married,30856,431984,8,1,30,Excellent,Medium,1,28,2,Best,9,8,3,2,Jeune,Nantes
60,Yes,Non-Travel,675,Hardware,29,College,Other,Medium,Femme,96,High,4,Sales Executive,Low,Married,18918,454032,3,1,22,Good,High,3,9,4,Best,8,2,5,8,Senior,Lille
45,No,Travel_Rarely,415,Software,27,College,Technical Degree,Very High,Femme,163,Medium,1,Sales Representative,Medium,Married,50165,401320,4,1,10,Bad,High,2,18,3,Better,7,5,7,4,Adulte,Nantes
31,No,Non-Travel,979,Support,3,Master,Marketing,Very High,Femme,191,Medium,1,Manager,Low,Single,16147,64588,3,0,43,Excellent,Very High,2,26,3,Best,20,10,19,14,Adulte,Grenoble
56,No,Non-Travel,1340,Software,25,Master,Technical Degree,Low,Femme,38,Very High,4,Developer,High,Single,23293,465860,7,0,7,Good,Medium,3,36,4,Good,35,20,6,14,Senior,Nantes
30,Yes,Travel_Rarely,223,Sales,46,Bachelor,Medical,Very High,Homme,200,Medium,4,Research Director,High,Divorced,4801,67214,5,1,9,Good,Low,2,1,4,Better,1,1,1,1,Jeune,Lyon
34,No,Travel_Frequently,803,Research & Development,29,Below College,Marketing,Low,Homme,74,Low,5,Healthcare Representative,Very High,Married,33051,991530,0,1,32,Excellent,Very High,3,18,6,Best,6,5,3,5,Adulte,Paris
18,No,Travel_Frequently,368,Sales,16,Master,Marketing,Medium,Femme,66,Medium,1,Laboratory Technician,High,Single,11395,68370,4,0,16,Excellent,Low,3,23,5,Bad,2,1,2,2,Jeune,Lyon
21,No,Travel_Rarely,619,Software,45,Below College,Human Resources,Medium,Femme,192,Medium,1,Human Resources,High,Married,35199,246393,8,0,21,Bad,High,2,30,2,Best,26,26,3,14,Jeune,Nantes
19,No,Travel_Frequently,433,Sales,6,Doctor,Marketing,Medium,Femme,82,Very High,2,Manufacturing Director,Medium,Married,14558,320276,1,1,44,Excellent,Very High,1,21,4,Better,18,16,2,5,Jeune,Lyon
28,No,Travel_Frequently,208,Sales,20,Master,Life Sciences,High,Homme,162,High,3,Human Resources,Very High,Divorced,14872,118976,3,1,47,Bad,Very High,1,14,5,Bad,11,1,4,8,Jeune,Lyon
39,No,Non-Travel,1050,Human Resources,8,Below College,Medical,High,Homme,186,High,5,Manager,Low,Single,6436,115848,6,0,29,Outstanding,Medium,1,8,4,Better,3,2,1,2,Adulte,Marseille
50,Yes,Travel_Frequently,828,Sales,43,Doctor,Life Sciences,High,Homme,50,High,4,Research Scientist,Low,Married,33819,338190,3,0,6,Bad,Very High,1,25,1,Good,3,2,3,1,Senior,Lyon
50,Yes,Non-Travel,1446,Sales,47,Below College,Technical Degree,Low,Homme,82,Medium,5,Research Director,Low,Divorced,48820,634660,4,0,13,Excellent,Very High,1,5,3,Best,3,2,3,1,Senior,Lyon
49,No,Non-Travel,423,Software,48,Bachelor,Marketing,Low,Femme,176,High,4,Sales Representative,Low,Married,4402,35216,8,0,3,Outstanding,Medium,1,39,3,Best,24,24,24,12,Senior,Nantes
49,No,Travel_Frequently,723,Software,35,College,Human Resources,Very High,Homme,187,Low,3,Manufacturing Director,Medium,Single,28685,114740,1,0,40,Outstanding,Low,2,10,6,Good,1,1,1,1,Senior,Nantes
35,Yes,Travel_Frequently,1280,Support,16,Doctor,Other,Low,Homme,35,Medium,3,Sales Representative,Very High,Single,38791,1124939,4,0,41,Bad,High,2,40,1,Better,25,24,18,10,Adulte,Grenoble
35,No,Travel_Frequently,239,Human Resources,43,Doctor,Life Sciences,Medium,Femme,150,Medium,1,Developer,Medium,Married,30337,151685,1,0,49,Excellent,Medium,2,26,3,Best,3,1,1,1,Adulte,Marseille
39,No,Travel_Frequently,1206,Sales,2,Master,Marketing,Medium,Femme,103,Medium,4,Sales Representative,Very High,Married,34291,788693,4,0,32,Good,High,3,10,3,Good,6,3,4,5,Adulte,Lyon
19,No,Travel_Rarely,1441,Sales,49,Bachelor,Medical,Medium,Homme,158,High,1,Sales Representative,Very High,Single,3846,84612,8,0,19,Good,High,4,10,6,Best,2,2,2,2,Jeune,Lyon
43,Yes,Travel_Rarely,942,Hardware,2,Below College,Marketing,Medium,Homme,70,High,3,Laboratory Technician,High,Married,18240,127680,3,1,32,Good,Very High,2,25,6,Bad,12,9,6,3,Adulte,Lille
47,No,Non-Travel,854,Support,35,College,Technical Degree,Low,Femme,137,Very High,4,Sales Executive,Medium,Divorced,21950,43900,8,0,29,Outstanding,Medium,3,14,5,Best,11,7,11,9,Senior,Grenoble
57,No,Travel_Rarely,600,Sales,22,College,Life Sciences,Medium,Femme,71,Low,5,Research Scientist,High,Divorced,38412,384120,8,1,15,Excellent,High,4,12,3,Best,1,1,1,1,Senior,Lyon
45,Yes,Travel_Frequently,1103,Support,20,Bachelor,Medical,Medium,Homme,108,Medium,4,Sales Representative,Medium,Single,30134,783484,0,0,9,Good,Very High,4,16,1,Better,3,2,1,3,Adulte,Grenoble
26,Yes,Travel_Frequently,344,Support,39,Bachelor,Medical,Medium,Homme,96,Very High,2,Manager,Very High,Married,47371,1136904,4,1,6,Outstanding,High,2,13,3,Better,1,1,1,1,Jeune,Grenoble
43,No,Non-Travel,1146,Support,28,Master,Medical,Medium,Homme,138,High,5,Sales Executive,Very High,Single,7052,28208,0,1,44,Excellent,Low,1,33,5,Good,18,1,16,18,Adulte,Grenoble
55,Yes,Travel_Frequently,1220,Sales,18,Below College,Human Resources,Low,Femme,117,Very High,2,Research Scientist,Low,Married,41700,291900,7,0,9,Excellent,Low,1,29,2,Better,14,14,12,2,Senior,Lyon
36,No,Travel_Rarely,692,Hardware,7,College,Medical,Medium,Homme,152,Very High,3,Laboratory Technician,Medium,Divorced,14992,269856,1,1,1,Outstanding,Medium,4,37,2,Best,27,13,19,16,Adulte,Lille
58,Yes,Travel_Frequently,1030,Hardware,41,Below College,Marketing,Low,Femme,128,High,4,Developer,High,Divorced,29561,561659,3,1,27,Outstanding,Very High,3,37,3,Good,31,8,25,8,Senior,Lille
34,No,Travel_Frequently,911,Hardware,1,Doctor,Medical,Low,Femme,188,Medium,5,Research Scientist,Very High,Divorced,32565,423345,3,1,33,Outstanding,Very High,3,22,5,Best,2,2,1,2,Adulte,Lille
51,No,Travel_Frequently,1475,Human Resources,47,Below College,Marketing,High,Homme,178,Low,3,Healthcare Representative,Medium,Divorced,12499,374970,1,0,38,Outstanding,Medium,2,4,4,Bad,4,1,2,1,Senior,Marseille
53,No,Non-Travel,672,Sales,2,Below College,Human Resources,Medium,Femme,64,Medium,5,Research Director,Very High,Married,24311,267421,4,0,18,Bad,Very High,1,20,1,Best,12,10,8,10,Senior,Lyon
56,No,Travel_Rarely,1155,Research & Development,36,College,Marketing,High,Femme,172,High,5,Developer,Low,Married,29956,59912,5,1,7,Excellent,Low,2,13,2,Best,3,2,3,2,Senior,Paris
45,Yes,Travel_Frequently,549,Hardware,26,Doctor,Other,Medium,Femme,174,Very High,1,Developer,Medium,Married,14404,417716,1,1,23,Excellent,Medium,4,14,2,Better,3,2,3,3,Adulte,Lille
58,Yes,Travel_Frequently,1147,Software,9,Below College,Marketing,Very High,Femme,120,Very High,1,Sales Representative,Medium,Married,27406,630338,6,1,44,Good,High,4,35,1,Best,17,11,12,1,Senior,Nantes
25,No,Travel_Frequently,519,Software,32,Below College,Marketing,Very High,Femme,58,Very High,5,Manufacturing Director,Very High,Married,44148,662220,1,0,19,Outstanding,High,4,37,3,Best,18,1,18,10,Jeune,Nantes
38,Yes,Non-Travel,1249,Software,12,Bachelor,Medical,High,Femme,195,Very High,5,Manager,Very High,Divorced,21564,539100,0,0,48,Good,Medium,1,3,4,Bad,3,3,2,3,Adulte,Nantes
41,Yes,Travel_Rarely,1478,Software,2,Master,Human Resources,High,Femme,134,Medium,5,Healthcare Representative,Medium,Divorced,5446,81690,3,1,35,Outstanding,Medium,1,15,5,Best,15,14,12,12,Adulte,Nantes
19,Yes,Travel_Rarely,322,Research & Development,48,College,Medical,Low,Femme,151,Very High,1,Developer,Very High,Single,48611,680554,4,1,2,Good,High,2,16,3,Good,15,14,1,6,Jeune,Paris
21,Yes,Non-Travel,1420,Research & Development,21,Bachelor,Medical,Medium,Femme,88,Low,1,Research Director,Low,Single,4943,79088,6,0,7,Bad,Medium,3,9,4,Best,8,1,7,8,Jeune,Paris
45,Yes,Non-Travel,511,Support,30,Bachelor,Marketing,Very High,Femme,127,Medium,5,Developer,Medium,Married,43848,1096200,8,0,33,Excellent,High,2,36,3,Bad,16,11,8,14,Adulte,Grenoble
45,Yes,Non-Travel,1298,Support,2,Below College,Other,Very High,Femme,79,High,3,Healthcare Representative,High,Divorced,26002,598046,7,0,0,Bad,High,2,6,4,Better,5,4,2,1,Adulte,Grenoble
57,Yes,Non-Travel,1467,Research & Development,27,Master,Technical Degree,Very High,Homme,78,Medium,1,Manager,Medium,Single,13747,206205,0,0,46,Excellent,Medium,2,3,5,Bad,1,1,1,1,Senior,Paris
27,Yes,Travel_Frequently,907,Sales,20,Master,Human Resources,High,Femme,33,Medium,4,Manager,Medium,Married,18241,127687,6,1,5,Good,Medium,3,31,6,Better,25,3,10,24,Jeune,Lyon
29,Yes,Travel_Frequently,467,Human Resources,50,Doctor,Other,Very High,Femme,92,High,3,Manager,Low,Married,23817,404889,7,1,39,Good,Medium,4,27,1,Good,10,7,5,5,Jeune,Marseille
44,No,Travel_Frequently,511,Software,30,Below College,Life Sciences,Low,Femme,37,Medium,3,Healthcare Representative,High,Married,6780,169500,6,0,44,Good,Low,1,34,2,Bad,27,13,13,21,Adulte,Nantes
50,Yes,Travel_Frequently,654,Human Resources,2,College,Technical Degree,Medium,Femme,155,Very High,3,Manager,High,Married,38227,802767,2,0,14,Good,Low,3,5,2,Best,1,1,1,1,Senior,Marseille
33,No,Non-Travel,454,Human Resources,47,Bachelor,Marketing,Very High,Homme,100,Very High,5,Developer,Medium,Single,25910,440470,0,1,42,Bad,Medium,1,37,6,Best,22,7,10,9,Adulte,Marseille
55,No,Non-Travel,572,Research & Development,15,Master,Marketing,Very High,Femme,149,Medium,2,Laboratory Technician,High,Divorced,9626,115512,2,1,3,Outstanding,Low,4,26,1,Best,16,11,10,14,Senior,Paris
33,Yes,Travel_Rarely,1184,Research & Development,46,College,Marketing,Medium,Homme,136,High,5,Manufacturing Director,Low,Single,44360,1109000,5,1,27,Outstanding,Low,1,6,4,Best,5,2,3,1,Adulte,Paris
26,No,Travel_Frequently,145,Hardware,19,Doctor,Other,High,Homme,83,High,2,Healthcare Representative,Low,Married,30093,210651,2,0,45,Bad,Low,1,9,5,Better,1,1,1,1,Jeune,Lille
38,No,Travel_Frequently,813,Human Resources,36,Bachelor,Life Sciences,Medium,Femme,77,Very High,5,Research Scientist,Very High,Married,11857,320139,3,0,1,Excellent,High,4,22,2,Good,4,3,4,3,Adulte,Marseille
38,Yes,Travel_Rarely,1162,Hardware,1,Master,Marketing,Very High,Femme,94,Low,5,Sales Executive,Medium,Divorced,16664,249960,8,0,10,Good,Very High,4,32,6,Bad,18,11,14,10,Adulte,Lille
35,No,Travel_Frequently,363,Hardware,42,College,Human Resources,Medium,Homme,39,Low,4,Manager,High,Divorced,19159,536452,2,0,1,Outstanding,Low,1,32,2,Good,8,7,7,3,Adulte,Lille
60,Yes,Non-Travel,314,Sales,17,Bachelor,Technical Degree,High,Homme,107,High,2,Manufacturing Director,Very High,Married,17358,69432,0,0,43,Bad,Low,4,25,6,Bad,15,15,11,12,Senior,Lyon
34,Yes,Non-Travel,506,Support,8,College,Marketing,Very High,Homme,161,Medium,3,Laboratory Technician,High,Single,26251,551271,7,1,34,Excellent,Low,4,8,6,Bad,8,5,2,1,Adulte,Grenoble
53,No,Travel_Rarely,1158,Software,32,Below College,Human Resources,Medium,Homme,149,Low,4,Healthcare Representative,High,Married,36153,759213,1,1,35,Good,High,2,21,4,Bad,19,8,5,17,Senior,Nantes
41,Yes,Travel_Frequently,645,Support,48,Bachelor,Technical Degree,Medium,Femme,149,Very High,1,Human Resources,Very High,Married,25900,259000,3,1,25,Good,High,4,37,6,Better,34,7,18,22,Adulte,Grenoble
51,Yes,Travel_Rarely,330,Hardware,47,Bachelor,Technical Degree,Low,Femme,106,Medium,1,Sales Representative,Very High,Married,37847,870481,2,1,12,Outstanding,Medium,3,18,2,Better,11,1,1,8,Senior,Lille
30,No,Travel_Rarely,266,Sales,40,Master,Life Sciences,Low,Homme,120,Low,5,Sales Executive,Medium,Divorced,22238,111190,4,0,33,Excellent,High,2,10,6,Good,10,10,10,8,Jeune,Lyon
51,No,Non-Travel,318,Research & Development,48,Master,Life Sciences,Medium,Femme,157,Low,1,Research Director,Low,Married,6235,149640,6,1,6,Good,Very High,1,23,5,Good,16,14,4,16,Senior,Paris
42,No,Travel_Rarely,1486,Support,33,Below College,Medical,High,Femme,100,Very High,3,Healthcare Representative,High,Married,16582,447714,4,1,49,Bad,High,1,14,1,Best,1,1,1,1,Adulte,Grenoble
22,No,Travel_Rarely,582,Research & Development,3,Bachelor,Medical,High,Homme,93,High,1,Sales Executive,Medium,Divorced,41545,1038625,8,0,38,Bad,Medium,1,6,1,Better,1,1,1,1,Jeune,Paris
18,No,Travel_Rarely,829,Support,13,Master,Human Resources,Low,Femme,44,High,1,Research Director,Low,Single,5161,67093,6,0,18,Bad,Low,3,14,1,Best,14,2,12,2,Jeune,Grenoble
59,Yes,Travel_Frequently,445,Sales,46,Below College,Other,Low,Femme,192,Medium,1,Human Resources,Medium,Single,45572,1230444,6,0,21,Excellent,Medium,4,8,6,Better,1,1,1,1,Senior,Lyon
41,Yes,Travel_Rarely,670,Research & Development,27,Bachelor,Technical Degree,Very High,Homme,44,Very High,1,Healthcare Representative,Low,Single,5948,113012,6,1,5,Bad,Low,1,5,2,Bad,3,1,2,3,Adulte,Paris
52,No,Travel_Rarely,1258,Research & Development,15,Bachelor,Marketing,Very High,Femme,74,Medium,4,Developer,Medium,Divorced,5440,70720,5,1,43,Bad,Very High,2,17,5,Best,1,1,1,1,Senior,Paris
59,Yes,Travel_Rarely,1070,Software,10,Doctor,Technical Degree,Low,Femme,103,High,2,Human Resources,Very High,Divorced,44279,1018417,3,0,37,Excellent,High,1,11,2,Better,6,3,1,6,Senior,Nantes
52,No,Travel_Rarely,1332,Hardware,30,Master,Life Sciences,Very High,Homme,176,Low,2,Healthcare Representative,Very High,Married,49438,741570,1,1,36,Outstanding,High,2,25,5,Better,4,1,2,1,Senior,Lille
20,No,Travel_Rarely,326,Sales,10,Doctor,Medical,Medium,Femme,88,Medium,5,Manager,Low,Single,39454,907442,5,1,12,Good,Medium,2,19,6,Best,1,1,1,1,Jeune,Lyon
35,No,Travel_Rarely,1271,Human Resources,2,Bachelor,Life Sciences,Medium,Femme,118,Very High,1,Manufacturing Director,Medium,Single,10863,119493,7,1,3,Outstanding,High,2,10,3,Best,4,2,3,3,Adulte,Marseille
54,No,Travel_Frequently,697,Hardware,30,Below College,Technical Degree,High,Homme,180,Low,1,Sales Executive,High,Single,46989,281934,0,0,27,Good,Low,1,33,4,Best,8,8,4,8,Senior,Lille
40,Yes,Travel_Rarely,1272,Hardware,19,Master,Marketing,Low,Homme,66,High,3,Research Scientist,Very High,Divorced,48309,1304343,5,0,7,Good,Very High,2,25,6,Best,24,9,16,17,Adulte,Lille
54,Yes,Travel_Rarely,691,Research & Development,1,College,Human Resources,Very High,Femme,123,Very High,4,Human Resources,Very High,Divorced,23737,617162,5,0,46,Outstanding,Very High,4,37,3,Better,17,11,1,11,Senior,Paris
20,Yes,Non-Travel,343,Software,43,Bachelor,Medical,High,Femme,133,Very High,3,Developer,Low,Married,33337,766751,0,0,23,Excellent,Medium,1,3,1,Best,2,1,1,2,Jeune,Nantes
28,No,Travel_Rarely,494,Software,20,College,Technical Degree,High,Homme,66,Low,4,Research Director,Low,Divorced,45537,273222,8,0,36,Excellent,High,2,2,3,Bad,1,1,1,1,Jeune,Nantes
50,No,Non-Travel,707,Software,25,Doctor,Other,Low,Homme,70,Low,2,Research Director,High,Single,28964,115856,3,1,0,Bad,Low,3,22,5,Good,14,7,3,7,Senior,Nantes
46,No,Travel_Frequently,1228,Support,20,Doctor,Human Resources,High,Femme,34,Very High,4,Manufacturing Director,Medium,Divorced,19587,97935,2,1,17,Bad,Medium,4,21,4,Bad,2,2,2,1,Senior,Grenoble
41,No,Travel_Frequently,1428,Research & Development,6,Bachelor,Medical,Medium,Homme,191,Low,4,Healthcare Representative,Medium,Single,44916,44916,1,1,28,Bad,Low,1,18,6,Bad,13,13,8,1,Adulte,Paris
47,No,Travel_Rarely,106,Human Resources,8,Below College,Human Resources,High,Homme,200,Medium,3,Developer,High,Divorced,46243,1202318,6,1,15,Good,Very High,1,33,3,Good,10,7,1,3,Senior,Marseille
19,Yes,Travel_Rarely,635,Sales,36,Bachelor,Medical,Low,Homme,57,Medium,5,Laboratory Technician,Medium,Single,18070,433680,2,1,12,Good,Medium,4,19,1,Bad,7,6,5,5,Jeune,Lyon
36,Yes,Travel_Frequently,689,Human Resources,11,Below College,Human Resources,Low,Homme,124,Low,2,Developer,Medium,Divorced,47409,616317,3,0,16,Excellent,Medium,3,24,2,Better,4,2,4,4,Adulte,Marseille
39,No,Travel_Frequently,891,Human Resources,42,Below College,Medical,High,Femme,46,Low,3,Manager,Medium,Divorced,29032,696768,1,1,11,Outstanding,Very High,2,35,2,Better,29,26,27,28,Adulte,Marseille
54,Yes,Non-Travel,385,Hardware,13,Bachelor,Medical,Very High,Homme,65,Low,4,Sales Representative,Very High,Married,41219,82438,1,0,12,Excellent,High,1,18,2,Best,10,9,7,9,Senior,Lille
53,No,Non-Travel,1360,Software,19,Bachelor,Medical,High,Homme,37,Low,4,Manager,Very High,Single,28284,226272,3,1,7,Good,Very High,1,22,4,Good,18,12,5,4,Senior,Nantes
40,Yes,Travel_Rarely,332,Human Resources,23,College,Marketing,Low,Femme,45,High,3,Healthcare Representative,Medium,Married,5198,109158,1,1,18,Excellent,High,4,24,1,Bad,9,8,7,4,Adulte,Marseille
21,No,Travel_Rarely,1436,Hardware,39,College,Technical Degree,Very High,Homme,64,Very High,1,Human Resources,Very High,Married,7839,109746,6,0,6,Outstanding,High,1,27,3,Better,13,7,11,10,Jeune,Lille
20,Yes,Travel_Rarely,477,Software,3,Below College,Medical,High,Femme,46,High,5,Research Scientist,Medium,Single,32586,130344,0,1,35,Good,Very High,4,29,5,Good,5,4,5,3,Jeune,Nantes
48,No,Travel_Frequently,192,Hardware,28,Bachelor,Marketing,Low,Homme,170,Very High,4,Research Scientist,Very High,Single,16841,168410,7,0,8,Good,Low,4,30,5,Good,1,1,1,1,Senior,Lille
36,No,Travel_Rarely,490,Human Resources,5,Bachelor,Human Resources,High,Homme,161,Low,5,Research Scientist,High,Single,49007,784112,0,0,1,Outstanding,High,1,2,3,Best,1,1,1,1,Adulte,Marseille
47,Yes,Travel_Rarely,186,Hardware,40,College,Marketing,Low,Homme,135,Medium,2,Healthcare Representative,High,Single,32053,641060,8,1,8,Outstanding,Low,3,19,4,Best,9,8,1,8,Senior,Lille
59,No,Travel_Rarely,861,Software,26,College,Technical Degree,Very High,Homme,80,High,2,Human Resources,High,Divorced,19193,326281,5,0,31,Excellent,Medium,2,9,6,Best,6,4,3,6,Senior,Nantes
50,No,Non-Travel,711,Support,34,Master,Medical,Low,Homme,131,High,5,Sales Executive,Very High,Single,6652,152996,6,1,8,Excellent,Medium,4,31,4,Good,22,20,6,13,Senior,Grenoble
42,No,Non-Travel,278,Human Resources,16,Bachelor,Medical,Low,Homme,51,High,3,Manager,Low,Single,35913,502782,4,1,26,Bad,Very High,4,6,4,Good,6,1,5,4,Adulte,Marseille
60,No,Travel_Frequently,911,Hardware,27,Below College,Human Resources,Low,Homme,178,Low,1,Healthcare Representative,Medium,Single,33299,166495,3,0,16,Bad,Low,3,27,2,Better,12,6,10,2,Senior,Lille
44,No,Travel_Rarely,1148,Hardware,1,Doctor,Other,Low,Homme,59,Medium,3,Sales Executive,High,Single,45837,183348,2,0,14,Excellent,Very High,1,26,6,Best,23,17,5,18,Adulte,Lille
24,Yes,Non-Travel,1358,Software,2,College,Technical Degree,Very High,Femme,55,Low,3,Sales Executive,Low,Single,19892,278488,7,0,41,Good,High,3,7,3,Better,3,3,1,1,Jeune,Nantes
38,Yes,Travel_Frequently,468,Support,50,Doctor,Medical,Medium,Homme,128,Medium,4,Human Resources,Low,Married,29486,560234,4,1,29,Excellent,Very High,3,8,4,Good,8,5,3,6,Adulte,Grenoble
31,Yes,Travel_Frequently,1403,Support,7,Below College,Medical,Medium,Homme,168,Very High,5,Research Director,Medium,Married,38956,38956,8,0,35,Good,High,1,7,1,Better,4,2,4,2,Adulte,Grenoble
46,Yes,Travel_Frequently,1010,Research & Development,17,College,Human Resources,Medium,Femme,106,Medium,2,Sales Representative,Low,Single,14980,29960,7,1,21,Excellent,Very High,2,27,2,Better,27,9,19,16,Senior,Paris
28,No,Non-Travel,1195,Research & Development,2,Doctor,Human Resources,Very High,Femme,170,Medium,5,Laboratory Technician,Very High,Single,24101,409717,2,1,15,Good,High,1,36,6,Best,12,8,3,4,Jeune,Paris
21,No,Travel_Rarely,1100,Human Resources,12,Master,Other,Low,Femme,58,Low,2,Developer,Medium,Divorced,17760,337440,2,1,28,Excellent,Very High,3,21,4,Best,3,1,2,3,Jeune,Marseille
22,No,Travel_Rarely,804,Software,26,Doctor,Marketing,Medium,Femme,36,Very High,1,Laboratory Technician,Medium,Single,49495,1385860,3,0,41,Bad,Very High,2,24,1,Bad,17,15,6,1,Jeune,Nantes
52,No,Non-Travel,1482,Software,49,Bachelor,Other,High,Homme,38,High,3,Sales Executive,Very High,Divorced,10971,263304,7,1,23,Bad,Low,4,35,4,Good,33,17,13,32,Senior,Nantes
44,No,Travel_Frequently,407,Software,10,College,Marketing,High,Homme,110,Medium,1,Sales Representative,Low,Married,40772,1182388,6,0,8,Outstanding,Very High,4,31,4,Bad,6,5,4,5,Adulte,Nantes
33,No,Non-Travel,845,Research & Development,19,Master,Medical,Low,Femme,123,Low,1,Developer,High,Married,43702,1136252,8,0,42,Excellent,Very High,4,23,6,Best,11,6,8,11,Adulte,Paris
50,No,Travel_Rarely,293,Sales,29,College,Other,Medium,Homme,130,High,3,Manufacturing Director,Low,Single,28330,623260,0,0,8,Good,Low,3,17,4,Better,7,5,5,1,Senior,Lyon
40,Yes,Non-Travel,992,Software,37,Doctor,Other,Low,Homme,68,High,4,Research Director,High,Divorced,36760,661680,2,0,45,Excellent,High,3,40,1,Better,31,26,6,20,Adulte,Nantes
41,No,Travel_Frequently,1155,Support,41,Doctor,Other,Very High,Homme,171,High,1,Laboratory Technician,High,Divorced,16447,16447,3,0,29,Outstanding,High,4,25,1,Best,4,1,4,3,Adulte,Grenoble
24,Yes,Non-Travel,928,Hardware,8,Below College,Technical Degree,Low,Femme,65,Very High,2,Healthcare Representative,Low,Single,48177,1204425,1,0,18,Bad,Medium,4,12,5,Best,4,2,4,1,Jeune,Lille
46,No,Non-Travel,1301,Research & Development,45,Master,Human Resources,Low,Homme,170,High,3,Sales Executive,High,Married,4156,54028,1,1,48,Excellent,High,3,23,3,Good,13,7,5,9,Senior,Paris
26,No,Travel_Rarely,161,Software,24,Master,Medical,Low,Femme,181,Medium,2,Healthcare Representative,High,Divorced,13121,249299,1,0,8,Excellent,Medium,4,16,1,Bad,14,3,13,7,Jeune,Nantes
47,Yes,Travel_Frequently,375,Support,27,Below College,Marketing,Very High,Femme,30,Medium,2,Healthcare Representative,High,Divorced,6312,126240,1,0,34,Bad,Medium,2,12,1,Best,8,2,8,5,Senior,Grenoble
34,Yes,Travel_Rarely,988,Sales,7,College,Life Sciences,High,Femme,195,High,4,Laboratory Technician,Very High,Single,25421,610104,2,1,26,Good,Very High,4,30,6,Better,16,6,14,14,Adulte,Lyon
39,No,Travel_Rarely,1299,Sales,32,Bachelor,Life Sciences,Medium,Homme,136,Very High,5,Manufacturing Director,Very High,Married,35796,143184,8,0,12,Outstanding,Medium,4,11,5,Best,3,3,1,3,Adulte,Lyon
22,Yes,Travel_Rarely,1340,Sales,8,Master,Marketing,Very High,Femme,72,Medium,5,Sales Representative,Medium,Married,40368,363312,8,0,25,Good,Medium,2,34,6,Good,14,6,10,3,Jeune,Lyon
58,Yes,Travel_Rarely,1140,Research & Development,27,Below College,Life Sciences,Low,Femme,86,High,2,Sales Executive,Low,Divorced,20287,263731,7,1,15,Bad,Medium,1,8,6,Better,4,1,2,3,Senior,Paris
28,No,Non-Travel,893,Human Resources,19,Bachelor,Marketing,Medium,Femme,149,Very High,1,Sales Representative,Medium,Divorced,41006,902132,4,1,16,Outstanding,Low,2,38,3,Best,37,1,34,26,Jeune,Marseille
51,No,Non-Travel,1121,Research & Development,24,Bachelor,Technical Degree,Very High,Femme,171,Very High,1,Laboratory Technician,Medium,Divorced,39543,672231,2,1,8,Good,High,1,1,3,Good,1,1,1,1,Senior,Paris
23,No,Non-Travel,1495,Hardware,9,College,Human Resources,Medium,Homme,142,Medium,5,Manufacturing Director,Medium,Married,22575,541800,6,0,13,Outstanding,Very High,2,17,3,Better,9,3,4,6,Jeune,Lille
48,No,Travel_Rarely,555,Support,27,Below College,Human Resources,High,Femme,91,Very High,1,Healthcare Representative,Low,Married,31624,158120,1,1,42,Outstanding,Low,4,32,5,Bad,9,3,6,6,Senior,Grenoble
59,Yes,Travel_Frequently,110,Hardware,14,Bachelor,Life Sciences,Very High,Femme,84,Medium,3,Manufacturing Director,Low,Married,12313,221634,3,1,33,Bad,Medium,4,37,5,Good,12,11,12,10,Senior,Lille
47,Yes,Travel_Frequently,1445,Software,9,Master,Marketing,Low,Homme,178,Medium,5,Developer,Low,Divorced,29005,551095,5,0,27,Outstanding,Medium,1,37,1,Better,18,13,12,1,Senior,Nantes
33,Yes,Travel_Rarely,858,Software,45,Doctor,Technical Degree,Very High,Femme,154,High,2,Laboratory Technician,Low,Married,4295,120260,0,0,19,Good,High,4,34,2,Good,2,1,2,2,Adulte,Nantes
26,No,Travel_Frequently,413,Research & Development,23,Master,Technical Degree,Low,Homme,64,Low,2,Healthcare Representative,Very High,Divorced,47999,767984,5,0,25,Good,Low,4,32,1,Good,3,2,2,2,Jeune,Paris
43,Yes,Travel_Frequently,219,Software,44,Bachelor,Technical Degree,Medium,Femme,34,Medium,5,Sales Executive,High,Single,1496,23936,3,0,48,Excellent,Very High,2,9,3,Bad,7,6,5,2,Adulte,Nantes
18,Yes,Travel_Rarely,1018,Software,4,Master,Medical,Medium,Homme,151,Very High,5,Manufacturing Director,Low,Divorced,17448,104688,0,0,29,Bad,High,2,11,3,Good,1,1,1,1,Jeune,Nantes
23,Yes,Travel_Frequently,709,Sales,21,College,Technical Degree,High,Homme,145,Low,1,Human Resources,High,Divorced,19777,39554,2,1,4,Excellent,Medium,2,35,3,Better,34,18,22,32,Jeune,Lyon
29,Yes,Travel_Frequently,1401,Hardware,4,Below College,Human Resources,Low,Homme,36,Low,3,Manager,Low,Single,45103,360824,5,0,32,Bad,High,4,3,3,Bad,1,1,1,1,Jeune,Lille
23,No,Travel_Frequently,776,Software,11,Bachelor,Technical Degree,Very High,Homme,164,Very High,3,Sales Representative,Medium,Divorced,20956,502944,0,0,4,Bad,High,3,14,6,Best,3,2,1,3,Jeune,Nantes
42,Yes,Non-Travel,838,Human Resources,47,Below College,Other,Low,Femme,34,High,5,Manufacturing Director,Low,Married,32639,293751,5,1,1,Good,Very High,3,10,5,Bad,6,1,6,3,Adulte,Marseille
27,Yes,Non-Travel,122,Support,33,College,Life Sciences,High,Homme,191,High,5,Manufacturing Director,Very High,Single,4687,70305,1,1,45,Excellent,Very High,1,3,4,Better,1,1,1,1,Jeune,Grenoble
23,Yes,Travel_Rarely,445,Human Resources,2,Master,Medical,Medium,Femme,192,Medium,3,Manufacturing Director,Very High,Married,12741,25482,2,1,25,Outstanding,Very High,1,9,1,Better,6,5,3,1,Jeune,Marseille
52,Yes,Travel_Rarely,1130,Hardware,49,Bachelor,Human Resources,Low,Homme,38,Low,3,Healthcare Representative,Medium,Single,1303,16939,4,0,18,Outstanding,Low,4,30,6,Best,7,5,4,5,Senior,Lille
48,Yes,Travel_Rarely,279,Hardware,6,Below College,Human Resources,Very High,Femme,134,Low,5,Manager,Very High,Married,44194,530328,4,1,21,Bad,Very High,4,3,5,Good,3,2,2,2,Senior,Lille
34,No,Travel_Rarely,1454,Sales,33,College,Technical Degree,Very High,Femme,41,High,5,Developer,Very High,Divorced,20327,589483,2,1,44,Excellent,Low,3,34,1,Bad,21,21,10,5,Adulte,Lyon
48,Yes,Non-Travel,1024,Research & Development,3,Doctor,Other,Low,Femme,190,High,5,Laboratory Technician,Low,Divorced,13422,187908,5,0,5,Outstanding,Medium,3,8,4,Bad,7,3,3,2,Senior,Paris
55,Yes,Non-Travel,1191,Sales,23,Below College,Life Sciences,Low,Femme,160,Low,5,Sales Executive,Medium,Married,21833,436660,1,1,0,Outstanding,Medium,3,34,5,Better,6,1,6,1,Senior,Lyon
22,No,Travel_Rarely,572,Sales,46,Bachelor,Other,Medium,Femme,41,Low,2,Developer,High,Single,3413,17065,0,1,30,Good,Medium,3,9,1,Better,8,5,7,6,Jeune,Lyon
20,Yes,Travel_Rarely,781,Human Resources,3,Below College,Technical Degree,High,Homme,160,Very High,4,Laboratory Technician,Low,Married,40350,605250,2,0,6,Excellent,Medium,4,22,2,Good,13,11,10,4,Jeune,Marseille
18,No,Non-Travel,1414,Hardware,22,Below College,Other,Low,Femme,68,Very High,5,Sales Representative,Low,Divorced,3455,20730,6,1,20,Good,Very High,3,9,1,Better,3,1,1,1,Jeune,Lille
30,No,Travel_Frequently,1143,Human Resources,36,Below College,Marketing,Medium,Homme,127,High,1,Manager,Low,Married,3488,13952,3,0,34,Excellent,Medium,4,18,1,Better,6,2,6,5,Jeune,Marseille
49,No,Travel_Frequently,229,Hardware,6,Doctor,Human Resources,Very High,Homme,151,Medium,5,Developer,Very High,Divorced,45635,182540,2,1,29,Excellent,High,4,2,1,Bad,2,2,1,1,Senior,Lille
32,Yes,Travel_Frequently,1100,Human Resources,49,Below College,Life Sciences,Medium,Femme,82,Low,3,Manufacturing Director,High,Single,49983,649779,6,1,20,Outstanding,Very High,2,6,4,Good,6,6,5,3,Adulte,Marseille
48,No,Travel_Frequently,1497,Support,39,Doctor,Technical Degree,Very High,Femme,172,High,2,Developer,Medium,Single,16539,231546,5,0,37,Good,High,1,40,6,Bad,8,4,4,5,Senior,Grenoble
56,No,Travel_Frequently,111,Hardware,50,Doctor,Medical,Low,Femme,87,Low,5,Manager,High,Married,14334,315348,5,0,20,Good,Low,4,13,5,Good,4,3,4,1,Senior,Lille
30,Yes,Non-Travel,626,Human Resources,49,Bachelor,Other,Low,Femme,156,Very High,1,Sales Executive,Very High,Divorced,5072,147088,4,1,26,Bad,High,4,21,6,Good,20,17,2,12,Jeune,Marseille
26,No,Non-Travel,655,Human Resources,2,Below College,Human Resources,Medium,Homme,51,Medium,2,Developer,High,Divorced,7742,154840,4,0,15,Bad,Medium,2,30,2,Bad,29,18,9,15,Jeune,Marseille
26,Yes,Non-Travel,110,Hardware,49,College,Technical Degree,Medium,Femme,85,Low,1,Sales Executive,Low,Divorced,9861,295830,2,1,26,Outstanding,Very High,1,3,4,Bad,3,1,2,1,Jeune,Lille
52,Yes,Travel_Frequently,776,Sales,21,Master,Medical,Very High,Femme,175,High,1,Research Director,High,Divorced,37519,450228,2,0,32,Bad,Medium,3,4,4,Good,1,1,1,1,Senior,Lyon
48,No,Non-Travel,725,Human Resources,8,Below College,Human Resources,Very High,Femme,146,Low,5,Manufacturing Director,Very High,Married,42158,885318,1,1,4,Excellent,Very High,1,10,6,Better,5,1,5,5,Senior,Marseille
21,Yes,Travel_Frequently,1242,Human Resources,32,Master,Human Resources,Medium,Homme,146,Low,4,Developer,Medium,Single,19657,176913,2,1,16,Bad,Very High,3,32,3,Good,21,5,12,12,Jeune,Marseille
45,No,Travel_Rarely,1152,Support,26,Below College,Human Resources,Very High,Homme,183,Low,5,Manufacturing Director,Very High,Single,22689,453780,6,1,6,Bad,Very High,1,22,6,Better,9,1,8,2,Adulte,Grenoble
57,Yes,Travel_Frequently,339,Software,43,Bachelor,Marketing,Low,Homme,168,Low,1,Research Director,Low,Married,1754,15786,8,1,32,Excellent,High,1,11,6,Bad,2,2,1,1,Senior,Nantes
55,No,Travel_Frequently,560,Support,15,Below College,Technical Degree,Low,Femme,37,Very High,2,Research Scientist,Medium,Single,33391,434083,0,0,47,Outstanding,Medium,2,35,2,Best,11,11,6,2,Senior,Grenoble
38,Yes,Travel_Rarely,1437,Support,26,College,Medical,Low,Homme,124,High,2,Developer,Medium,Single,25981,285791,4,0,21,Excellent,Low,4,4,6,Better,2,2,2,1,Adulte,Grenoble
39,No,Travel_Frequently,432,Sales,39,Bachelor,Medical,Medium,Homme,144,Medium,5,Manufacturing Director,Medium,Single,47463,142389,4,0,0,Outstanding,Very High,3,2,3,Better,1,1,1,1,Adulte,Lyon
56,Yes,Non-Travel,1441,Hardware,8,Bachelor,Other,High,Femme,45,High,2,Sales Executive,Very High,Single,24270,315510,8,0,4,Good,Low,4,30,3,Better,7,7,7,7,Senior,Lille
50,Yes,Travel_Frequently,857,Hardware,20,Below College,Marketing,Low,Homme,70,Very High,1,Healthcare Representative,Medium,Single,23679,118395,1,1,30,Bad,Medium,2,21,6,Better,1,1,1,1,Senior,Lille
60,No,Non-Travel,1395,Hardware,27,Doctor,Other,Medium,Femme,168,Medium,5,Laboratory Technician,Medium,Single,50419,1310894,8,0,37,Good,Very High,1,20,6,Best,18,11,1,18,Senior,Lille
24,Yes,Non-Travel,878,Software,50,Bachelor,Medical,High,Femme,65,High,4,Laboratory Technician,Very High,Single,13392,281232,6,0,13,Excellent,Medium,4,31,3,Better,8,1,3,5,Jeune,Nantes
26,No,Travel_Rarely,1023,Support,28,Doctor,Medical,Low,Homme,61,Low,2,Sales Executive,Very High,Divorced,16296,472584,7,1,44,Outstanding,Low,1,11,2,Good,7,7,4,3,Jeune,Grenoble
47,Yes,Travel_Frequently,220,Research & Development,44,Doctor,Life Sciences,Medium,Homme,158,Very High,4,Developer,Low,Divorced,41179,1111833,3,0,21,Excellent,Medium,1,28,3,Bad,17,8,8,7,Senior,Paris
43,No,Travel_Frequently,988,Support,38,Below College,Marketing,Very High,Femme,138,Very High,5,Sales Representative,Medium,Married,11838,35514,1,0,32,Bad,High,3,19,1,Better,17,8,17,16,Adulte,Grenoble
52,Yes,Travel_Rarely,1488,Support,3,Master,Marketing,Low,Homme,87,Very High,5,Laboratory Technician,Low,Single,32546,943834,3,0,10,Good,Very High,3,39,3,Bad,12,5,6,9,Senior,Grenoble
38,No,Travel_Rarely,547,Research & Development,15,Below College,Medical,Very High,Homme,194,Medium,3,Developer,High,Married,1021,15315,0,0,18,Outstanding,High,1,15,2,Best,3,2,1,1,Adulte,Paris
54,Yes,Travel_Rarely,1053,Support,29,Doctor,Other,Low,Femme,129,Medium,5,Developer,Medium,Divorced,24647,714763,5,0,46,Outstanding,Very High,1,9,5,Bad,1,1,1,1,Senior,Grenoble
21,No,Non-Travel,1095,Research & Development,34,Below College,Life Sciences,High,Femme,55,Very High,2,Research Director,Low,Divorced,48494,339458,6,0,39,Outstanding,Low,2,8,4,Better,8,3,5,1,Jeune,Paris
47,No,Travel_Rarely,627,Support,45,Master,Other,Very High,Homme,64,Very High,3,Sales Executive,Low,Divorced,8448,219648,1,0,14,Good,High,3,30,3,Best,26,26,1,21,Senior,Grenoble
24,No,Travel_Rarely,1160,Support,32,Bachelor,Human Resources,Low,Homme,142,Low,3,Manager,Medium,Married,44068,44068,8,0,30,Bad,High,4,18,5,Better,18,3,11,18,Jeune,Grenoble
25,No,Non-Travel,438,Research & Development,5,College,Other,Low,Homme,183,High,5,Developer,Medium,Single,13275,305325,6,0,19,Good,Very High,2,24,1,Best,9,2,7,9,Jeune,Paris
50,Yes,Non-Travel,1045,Research & Development,45,Doctor,Technical Degree,Low,Homme,124,Medium,4,Research Director,Very High,Married,4743,142290,6,1,41,Good,Low,1,29,5,Best,24,9,12,21,Senior,Paris
38,Yes,Travel_Frequently,1093,Support,41,College,Human Resources,High,Femme,121,High,2,Laboratory Technician,Medium,Married,7174,129132,5,1,15,Excellent,Medium,2,28,5,Bad,4,1,1,2,Adulte,Grenoble
30,Yes,Travel_Frequently,603,Research & Development,47,Bachelor,Marketing,Very High,Homme,43,Medium,4,Manufacturing Director,Very High,Divorced,46459,603967,7,1,0,Good,Very High,3,7,1,Better,1,1,1,1,Jeune,Paris
32,Yes,Travel_Frequently,970,Research & Development,25,Doctor,Marketing,Medium,Femme,193,Medium,5,Developer,Low,Single,49040,588480,1,1,26,Outstanding,Low,1,21,2,Best,4,2,1,3,Adulte,Paris
42,Yes,Travel_Frequently,603,Hardware,37,Doctor,Technical Degree,Very High,Homme,110,Very High,5,Developer,High,Married,30264,786864,5,1,49,Excellent,Low,2,20,3,Better,2,1,1,1,Adulte,Lille
58,No,Non-Travel,107,Software,18,Doctor,Marketing,Very High,Femme,69,Medium,4,Sales Representative,High,Single,40938,818760,8,1,38,Outstanding,Low,3,15,6,Best,13,3,2,9,Senior,Nantes
48,Yes,Non-Travel,290,Support,8,Below College,Marketing,Very High,Homme,52,Very High,4,Laboratory Technician,High,Married,50085,150255,7,0,8,Outstanding,High,1,1,2,Good,1,1,1,1,Senior,Grenoble
60,No,Non-Travel,928,Support,4,College,Technical Degree,Very High,Homme,79,Low,4,Human Resources,Low,Single,41548,41548,5,0,33,Bad,Low,2,29,3,Better,13,3,7,5,Senior,Grenoble
23,Yes,Travel_Rarely,916,Support,25,Below College,Life Sciences,Medium,Homme,125,Very High,1,Developer,Very High,Divorced,41779,376011,5,1,4,Bad,Very High,1,5,3,Bad,2,1,2,2,Jeune,Grenoble
56,No,Travel_Frequently,676,Software,10,College,Human Resources,Very High,Femme,51,Medium,3,Research Scientist,Low,Single,14193,397404,7,1,33,Bad,Low,2,21,6,Better,9,6,7,5,Senior,Nantes
34,No,Non-Travel,111,Sales,23,Below College,Marketing,Low,Homme,117,Low,1,Human Resources,Medium,Divorced,5676,164604,3,1,1,Excellent,Medium,4,9,6,Good,4,1,2,3,Adulte,Lyon
37,Yes,Travel_Frequently,205,Sales,28,Doctor,Life Sciences,Very High,Femme,48,Low,1,Human Resources,Medium,Married,45371,45371,5,1,48,Good,Medium,3,39,2,Bad,21,6,14,10,Adulte,Lyon
34,Yes,Travel_Rarely,198,Research & Development,27,Below College,Other,High,Femme,94,Low,5,Sales Executive,Very High,Single,47268,330876,7,0,41,Good,Medium,1,10,2,Bad,3,2,1,3,Adulte,Paris
33,Yes,Travel_Frequently,889,Sales,23,College,Other,High,Homme,36,Very High,4,Human Resources,Very High,Married,32223,322230,0,1,15,Outstanding,Medium,2,34,5,Bad,5,4,3,2,Adulte,Lyon
58,Yes,Travel_Rarely,606,Sales,10,Master,Life Sciences,Very High,Homme,153,High,5,Sales Representative,Very High,Married,3267,55539,1,0,9,Excellent,Low,1,33,6,Good,8,8,3,2,Senior,Lyon
34,No,Travel_Rarely,990,Human Resources,17,Below College,Human Resources,Low,Femme,198,Medium,1,Healthcare Representative,High,Single,49899,1097778,2,0,0,Good,High,2,16,5,Better,7,2,3,5,Adulte,Marseille
30,No,Travel_Frequently,979,Human Resources,49,College,Other,Low,Homme,112,Medium,4,Healthcare Representative,Low,Married,32689,947981,7,0,9,Outstanding,Medium,4,37,1,Good,20,20,9,17,Jeune,Marseille
60,No,Travel_Frequently,373,Human Resources,5,Bachelor,Marketing,High,Femme,45,Very High,3,Manufacturing Director,Low,Divorced,22233,244563,3,0,25,Excellent,Very High,2,34,2,Bad,7,6,4,4,Senior,Marseille
45,Yes,Non-Travel,1273,Hardware,1,Doctor,Medical,Low,Homme,78,Very High,2,Laboratory Technician,Very High,Divorced,15171,212394,2,1,27,Good,Medium,2,39,3,Bad,18,13,1,8,Adulte,Lille
54,No,Non-Travel,387,Hardware,12,College,Technical Degree,Low,Femme,165,Low,2,Manager,Low,Married,31680,253440,1,0,24,Excellent,High,2,3,6,Bad,1,1,1,1,Senior,Lille
48,Yes,Travel_Rarely,885,Software,24,College,Marketing,Very High,Femme,167,Low,1,Manufacturing Director,Medium,Single,11200,33600,4,1,12,Outstanding,Medium,3,39,6,Best,11,11,4,2,Senior,Nantes
47,Yes,Non-Travel,1499,Software,37,Master,Human Resources,Low,Femme,71,High,1,Laboratory Technician,Very High,Divorced,16948,135584,5,0,1,Bad,Medium,4,2,5,Good,1,1,1,1,Senior,Nantes
36,Yes,Travel_Frequently,642,Software,18,Below College,Technical Degree,High,Femme,71,High,4,Healthcare Representative,Very High,Divorced,1443,1443,2,0,7,Excellent,High,1,27,3,Bad,12,8,12,12,Adulte,Nantes
49,No,Non-Travel,206,Sales,11,Doctor,Technical Degree,Low,Femme,172,High,2,Research Director,Very High,Married,19263,327471,2,0,23,Bad,Medium,3,27,5,Best,5,5,3,5,Senior,Lyon
51,Yes,Travel_Frequently,587,Support,10,College,Human Resources,Low,Homme,70,High,3,Developer,Very High,Divorced,34871,34871,5,1,5,Excellent,Medium,1,33,1,Good,21,16,10,3,Senior,Grenoble
45,Yes,Non-Travel,1129,Software,29,College,Marketing,Low,Femme,42,High,5,Manufacturing Director,High,Married,50703,304218,7,1,12,Bad,Medium,1,20,4,Bad,13,10,1,8,Adulte,Nantes
30,Yes,Non-Travel,885,Research & Development,1,Bachelor,Human Resources,Low,Homme,179,High,1,Manufacturing Director,Very High,Single,27850,167100,0,0,15,Good,Low,2,24,1,Best,24,15,10,13,Jeune,Paris
21,No,Non-Travel,279,Hardware,29,Bachelor,Other,Low,Homme,80,High,5,Sales Executive,High,Single,20542,534092,0,1,23,Excellent,Medium,3,27,6,Good,5,3,1,2,Jeune,Lille
33,No,Travel_Frequently,888,Human Resources,10,Doctor,Other,Medium,Femme,118,Medium,5,Research Director,High,Married,18909,113454,1,1,7,Bad,Medium,1,16,6,Best,8,6,6,5,Adulte,Marseille
34,Yes,Travel_Frequently,924,Hardware,35,Below College,Medical,Medium,Homme,177,Low,2,Human Resources,Very High,Single,18037,342703,7,1,3,Good,High,1,9,5,Better,8,2,5,4,Adulte,Lille
55,Yes,Travel_Rarely,182,Support,11,Doctor,Life Sciences,Medium,Homme,149,Very High,4,Research Director,Medium,Married,46344,1204944,4,0,44,Excellent,Low,4,4,1,Better,1,1,1,1,Senior,Grenoble
22,No,Non-Travel,546,Sales,17,College,Other,Medium,Homme,186,Low,3,Manager,Medium,Married,12601,88207,0,0,5,Outstanding,Medium,3,24,3,Good,11,10,2,6,Jeune,Lyon
46,No,Travel_Rarely,162,Support,44,College,Medical,High,Femme,82,Medium,5,Human Resources,Low,Divorced,28376,141880,2,1,26,Excellent,Very High,1,18,6,Good,12,12,12,2,Senior,Grenoble
30,No,Non-Travel,1198,Hardware,22,Doctor,Human Resources,Medium,Homme,174,High,1,Sales Representative,Medium,Single,44791,313537,1,0,5,Excellent,High,4,16,6,Good,3,3,2,1,Jeune,Lille
33,No,Non-Travel,841,Human Resources,32,Bachelor,Marketing,Very High,Femme,150,Very High,4,Human Resources,Low,Married,38025,76050,5,1,2,Good,High,2,27,5,Bad,14,10,9,1,Adulte,Marseille
20,Yes,Travel_Rarely,679,Research & Development,36,Bachelor,Technical Degree,Medium,Femme,185,Medium,4,Research Director,Low,Married,44059,528708,0,0,44,Good,Very High,4,21,5,Bad,21,7,12,1,Jeune,Paris
33,No,Non-Travel,552,Support,44,Master,Life Sciences,Medium,Femme,132,Very High,3,Manufacturing Director,Low,Divorced,27404,465868,8,1,44,Good,Medium,3,39,2,Bad,4,2,4,3,Adulte,Grenoble
27,Yes,Travel_Rarely,714,Human Resources,13,Below College,Technical Degree,Very High,Homme,167,Low,1,Sales Representative,Medium,Divorced,21697,477334,0,1,4,Outstanding,High,3,12,3,Bad,5,1,1,4,Jeune,Marseille
41,Yes,Non-Travel,957,Hardware,47,Bachelor,Life Sciences,Low,Femme,169,Low,5,Manager,Low,Divorced,18612,446688,4,0,0,Good,High,3,23,4,Best,14,2,5,1,Adulte,Lille
46,Yes,Travel_Rarely,1462,Research & Development,9,Bachelor,Marketing,High,Homme,49,High,2,Developer,Medium,Divorced,49910,1497300,1,0,13,Bad,Medium,2,38,2,Best,8,4,3,1,Senior,Paris
53,No,Travel_Frequently,500,Sales,5,Doctor,Human Resources,High,Femme,75,Very High,5,Healthcare Representative,Very High,Divorced,40916,327328,8,0,17,Outstanding,Low,1,37,5,Best,28,10,26,4,Senior,Lyon
36,No,Non-Travel,1045,Hardware,32,Master,Marketing,Very High,Femme,170,Medium,2,Sales Representative,Low,Divorced,50471,302826,6,0,27,Good,Very High,1,37,4,Good,7,1,7,5,Adulte,Lille
27,No,Travel_Rarely,432,Research & Development,17,College,Marketing,Very High,Femme,142,Medium,1,Sales Representative,Low,Divorced,6413,166738,8,1,8,Outstanding,Low,3,24,1,Bad,1,1,1,1,Jeune,Paris
43,No,Travel_Rarely,918,Human Resources,18,Master,Medical,Low,Femme,105,High,1,Healthcare Representative,Very High,Divorced,28870,692880,0,1,46,Outstanding,Very High,2,31,4,Bad,4,3,1,3,Adulte,Marseille
39,Yes,Travel_Frequently,247,Support,47,College,Marketing,High,Femme,195,High,5,Human Resources,Very High,Married,28847,144235,4,1,37,Good,Low,3,13,4,Good,13,5,4,5,Adulte,Grenoble
49,No,Travel_Rarely,1473,Hardware,17,Doctor,Medical,High,Femme,92,Low,4,Developer,High,Divorced,2414,41038,7,1,37,Outstanding,Very High,1,20,5,Good,7,5,4,7,Senior,Lille
52,No,Travel_Frequently,342,Software,31,Master,Life Sciences,Very High,Homme,118,Low,2,Healthcare Representative,Medium,Single,2791,16746,4,1,25,Excellent,Medium,4,10,3,Best,1,1,1,1,Senior,Nantes
28,No,Travel_Rarely,590,Support,29,Master,Life Sciences,High,Homme,122,Low,5,Developer,High,Divorced,33216,298944,8,0,13,Good,High,3,26,4,Better,8,6,2,3,Jeune,Grenoble
49,Yes,Travel_Frequently,667,Support,44,College,Medical,Medium,Homme,71,Very High,1,Laboratory Technician,Low,Divorced,22857,525711,6,1,7,Outstanding,Medium,4,12,6,Good,12,8,1,8,Senior,Grenoble
60,Yes,Non-Travel,1243,Sales,45,College,Medical,High,Femme,126,High,5,Research Director,Very High,Married,39496,394960,4,0,41,Outstanding,Low,2,21,4,Good,11,9,5,8,Senior,Lyon
21,Yes,Non-Travel,1248,Hardware,15,Bachelor,Technical Degree,Low,Femme,129,Very High,3,Manager,High,Divorced,35137,1054110,3,0,5,Good,Very High,2,3,6,Good,1,1,1,1,Jeune,Lille
55,No,Travel_Frequently,964,Human Resources,15,Below College,Medical,High,Homme,153,Medium,2,Manufacturing Director,Low,Married,21139,465058,1,0,17,Excellent,Low,2,18,3,Best,16,15,16,3,Senior,Marseille
49,No,Non-Travel,1063,Software,17,Below College,Technical Degree,Medium,Homme,179,Very High,2,Research Scientist,Low,Married,25557,306684,2,1,26,Good,High,1,32,3,Bad,27,16,11,20,Senior,Nantes
47,No,Non-Travel,767,Support,15,Bachelor,Medical,Medium,Homme,157,Medium,2,Healthcare Representative,Very High,Married,47957,623441,8,1,12,Excellent,High,1,33,6,Good,32,26,19,26,Senior,Grenoble
41,No,Travel_Rarely,463,Research & Development,48,Below College,Human Resources,Medium,Homme,102,Low,3,Laboratory Technician,Very High,Divorced,12334,283682,6,0,6,Good,Very High,4,12,1,Bad,3,1,1,3,Adulte,Paris
52,Yes,Travel_Rarely,1452,Human Resources,7,Below College,Medical,Medium,Homme,48,Very High,2,Developer,High,Married,21577,21577,0,1,39,Outstanding,Low,4,8,5,Better,7,7,5,4,Senior,Marseille
50,Yes,Travel_Rarely,102,Human Resources,31,Master,Medical,Low,Femme,111,High,2,Developer,Medium,Divorced,22222,222220,0,0,37,Outstanding,High,1,3,3,Good,2,2,1,2,Senior,Marseille
58,Yes,Travel_Frequently,375,Hardware,3,Bachelor,Human Resources,Low,Homme,74,Low,3,Research Scientist,Medium,Divorced,34399,756778,4,0,22,Good,Low,2,4,5,Good,4,1,3,1,Senior,Lille
38,No,Travel_Frequently,872,Research & Development,50,Bachelor,Other,Medium,Homme,157,Medium,5,Manufacturing Director,Low,Divorced,42729,1110954,3,0,43,Outstanding,High,4,26,4,Bad,12,5,5,5,Adulte,Paris
18,No,Non-Travel,717,Sales,44,College,Other,Medium,Femme,45,Very High,2,Manager,Low,Married,11566,104094,0,1,5,Bad,High,1,39,5,Better,10,9,7,2,Jeune,Lyon
47,Yes,Non-Travel,1312,Human Resources,13,Below College,Human Resources,High,Homme,95,High,3,Human Resources,High,Divorced,5011,70154,8,0,45,Good,Very High,2,37,3,Best,35,33,25,12,Senior,Marseille
45,Yes,Travel_Frequently,821,Research & Development,21,Master,Medical,Very High,Femme,116,High,2,Research Director,Very High,Married,34377,240639,1,0,39,Outstanding,High,2,21,6,Best,15,11,1,1,Adulte,Paris
51,Yes,Travel_Frequently,490,Hardware,29,College,Marketing,Very High,Homme,91,Medium,1,Developer,High,Single,14600,438000,4,0,2,Excellent,Medium,3,20,2,Good,9,8,3,5,Senior,Lille
58,Yes,Non-Travel,152,Research & Development,42,Master,Other,High,Femme,195,High,1,Developer,Low,Single,6081,54729,7,1,17,Bad,Low,1,13,6,Good,8,1,7,1,Senior,Paris
47,Yes,Travel_Frequently,716,Hardware,29,Below College,Other,Low,Femme,158,High,4,Research Scientist,Very High,Married,9688,48440,7,1,32,Excellent,Medium,4,29,4,Best,5,1,3,5,Senior,Lille
52,No,Non-Travel,1334,Human Resources,38,Master,Human Resources,Very High,Homme,72,High,2,Laboratory Technician,Low,Married,33496,33496,2,1,33,Excellent,Low,4,26,5,Better,15,14,4,7,Senior,Marseille
49,No,Travel_Rarely,586,Sales,35,Doctor,Other,Medium,Homme,100,Medium,1,Developer,Very High,Married,39125,430375,5,0,27,Bad,High,4,8,5,Better,4,4,3,3,Senior,Lyon
39,No,Travel_Frequently,712,Support,27,Bachelor,Medical,Medium,Homme,184,High,3,Research Scientist,Very High,Single,10380,124560,1,0,38,Good,High,3,27,2,Bad,5,5,5,4,Adulte,Grenoble
27,No,Travel_Rarely,1429,Hardware,24,Bachelor,Other,Low,Femme,185,High,1,Healthcare Representative,Low,Single,14839,29678,1,0,2,Outstanding,Very High,2,40,4,Good,23,4,7,8,Jeune,Lille
35,No,Non-Travel,821,Human Resources,23,Doctor,Other,High,Homme,53,High,1,Research Director,Very High,Married,1003,4012,3,0,3,Bad,High,1,24,1,Better,13,11,6,6,Adulte,Marseille
22,Yes,Travel_Rarely,141,Software,35,College,Human Resources,Low,Homme,177,High,5,Human Resources,High,Single,5852,99484,0,0,9,Good,Very High,1,28,3,Good,1,1,1,1,Jeune,Nantes
35,No,Non-Travel,1483,Software,24,Bachelor,Technical Degree,High,Homme,39,Very High,3,Manager,High,Married,34848,696960,8,0,46,Bad,Medium,3,13,5,Bad,11,9,2,2,Adulte,Nantes
30,Yes,Non-Travel,591,Human Resources,23,Master,Other,Medium,Femme,194,Low,1,Human Resources,Medium,Divorced,3591,71820,2,1,26,Bad,Low,4,6,6,Good,2,2,2,2,Jeune,Marseille
22,Yes,Non-Travel,821,Support,39,Bachelor,Human Resources,Very High,Femme,118,High,4,Research Scientist,Medium,Married,35883,825309,8,1,2,Bad,Low,2,23,5,Best,13,8,13,5,Jeune,Grenoble
41,Yes,Travel_Rarely,469,Research & Development,44,Master,Other,Low,Femme,74,High,3,Sales Executive,Medium,Married,50668,608016,7,1,41,Outstanding,Very High,4,17,6,Better,14,5,10,8,Adulte,Paris
48,Yes,Travel_Frequently,1420,Research & Development,16,Below College,Marketing,Medium,Homme,35,High,5,Developer,Low,Married,22341,134046,6,1,1,Good,Medium,2,10,1,Good,2,1,1,1,Senior,Paris
57,No,Non-Travel,468,Hardware,47,Doctor,Life Sciences,Very High,Femme,144,Very High,1,Manufacturing Director,Low,Single,37830,794430,6,1,4,Excellent,Low,2,17,1,Bad,7,5,5,6,Senior,Lille
42,No,Travel_Frequently,409,Support,7,Below College,Medical,High,Femme,112,Medium,1,Sales Representative,Very High,Single,25449,712572,5,1,40,Good,Low,2,15,2,Better,12,10,11,12,Adulte,Grenoble
26,Yes,Travel_Rarely,380,Sales,25,Master,Medical,Very High,Homme,143,Medium,2,Healthcare Representative,Medium,Married,36263,36263,4,0,40,Outstanding,Low,3,13,2,Better,13,8,12,2,Jeune,Lyon
43,No,Travel_Frequently,1417,Sales,9,College,Life Sciences,Low,Femme,124,Very High,2,Developer,High,Divorced,38030,912720,8,0,19,Outstanding,Medium,2,26,3,Bad,15,14,11,13,Adulte,Lyon
53,Yes,Non-Travel,282,Support,40,College,Medical,High,Homme,124,Low,5,Research Scientist,Medium,Divorced,44922,1257816,6,0,40,Outstanding,High,3,8,3,Good,6,1,6,2,Senior,Grenoble
54,No,Travel_Rarely,1248,Software,31,Master,Medical,Low,Homme,59,Low,2,Research Scientist,Very High,Divorced,16439,476731,7,0,42,Excellent,Very High,2,17,4,Good,6,1,4,4,Senior,Nantes
37,No,Travel_Rarely,1497,Research & Development,41,Bachelor,Human Resources,Very High,Homme,190,Low,1,Research Director,Low,Married,45106,541272,2,1,23,Bad,Low,2,13,3,Good,8,4,7,5,Adulte,Paris
35,Yes,Non-Travel,1143,Human Resources,15,College,Other,Low,Homme,92,High,1,Healthcare Representative,Very High,Single,21743,500089,7,0,13,Outstanding,Medium,2,12,6,Better,11,6,5,10,Adulte,Marseille
40,No,Non-Travel,1009,Hardware,10,Below College,Medical,Low,Femme,69,Low,4,Human Resources,High,Divorced,16929,152361,3,1,28,Excellent,Low,4,16,4,Bad,3,2,1,3,Adulte,Lille
60,Yes,Travel_Rarely,389,Software,32,College,Other,Medium,Homme,81,Medium,3,Research Director,Medium,Divorced,48608,1020768,3,0,15,Excellent,Medium,3,36,3,Best,9,5,6,6,Senior,Nantes
28,No,Non-Travel,1319,Support,35,Below College,Human Resources,High,Homme,64,Very High,2,Sales Representative,Low,Married,34908,69816,8,1,2,Excellent,Low,2,34,3,Bad,13,7,1,13,Jeune,Grenoble
18,Yes,Non-Travel,412,Support,44,College,Technical Degree,High,Femme,103,Medium,1,Research Director,High,Married,2810,2810,3,0,46,Excellent,Very High,4,17,6,Good,1,1,1,1,Jeune,Grenoble
37,No,Non-Travel,714,Software,29,Master,Other,Very High,Homme,40,Very High,4,Research Scientist,High,Divorced,22329,66987,2,1,4,Bad,Low,4,9,4,Bad,5,3,2,3,Adulte,Nantes
21,No,Travel_Rarely,233,Human Resources,49,Bachelor,Medical,Low,Femme,197,High,3,Laboratory Technician,High,Married,50822,863974,4,0,33,Bad,Medium,1,6,6,Good,3,2,3,3,Jeune,Marseille
28,Yes,Non-Travel,641,Sales,4,Bachelor,Human Resources,High,Femme,125,High,3,Human Resources,Low,Single,6595,171470,0,1,39,Outstanding,Low,3,31,2,Bad,16,3,4,5,Jeune,Lyon
28,Yes,Travel_Frequently,921,Human Resources,8,Bachelor,Marketing,Medium,Homme,83,Low,1,Manufacturing Director,Very High,Single,27407,411105,8,0,47,Excellent,Very High,3,31,4,Bad,11,9,11,8,Jeune,Marseille
40,No,Travel_Frequently,1450,Human Resources,49,Master,Life Sciences,Low,Homme,196,Very High,1,Research Scientist,Medium,Divorced,30236,604720,2,1,2,Outstanding,Medium,1,10,6,Better,1,1,1,1,Adulte,Marseille
29,Yes,Travel_Frequently,624,Research & Development,2,Below College,Human Resources,High,Homme,156,High,1,Sales Representative,Very High,Married,49654,248270,7,1,38,Excellent,High,3,18,3,Good,2,1,1,2,Jeune,Paris
43,No,Travel_Rarely,115,Support,2,Master,Marketing,Low,Femme,48,High,5,Manager,Very High,Single,34772,243404,3,1,15,Excellent,Very High,2,16,2,Good,15,15,12,2,Adulte,Grenoble
53,Yes,Travel_Frequently,1314,Research & Development,43,Doctor,Other,Medium,Femme,183,High,5,Manager,Very High,Married,48401,968020,7,0,35,Bad,High,2,35,1,Better,12,2,6,2,Senior,Paris
52,No,Travel_Frequently,1087,Sales,31,Doctor,Medical,Very High,Femme,133,Very High,4,Laboratory Technician,Medium,Divorced,47115,1413450,8,1,33,Good,Medium,1,20,1,Best,12,3,7,11,Senior,Lyon
33,Yes,Travel_Frequently,1109,Research & Development,13,College,Human Resources,Medium,Homme,173,Medium,4,Manager,Low,Married,40474,1214220,2,0,42,Outstanding,High,1,32,1,Best,21,17,8,19,Adulte,Paris
45,Yes,Non-Travel,1372,Software,46,Doctor,Human Resources,Very High,Femme,58,Low,3,Laboratory Technician,Very High,Divorced,10696,224616,6,0,10,Excellent,Very High,4,38,3,Better,34,18,33,10,Adulte,Nantes
30,No,Travel_Frequently,1026,Research & Development,33,Below College,Marketing,Very High,Homme,78,Very High,2,Research Director,Low,Married,27689,470713,0,1,11,Outstanding,Low,1,24,4,Better,18,4,7,18,Jeune,Paris
42,Yes,Travel_Frequently,913,Human Resources,32,Doctor,Technical Degree,High,Homme,135,Medium,5,Healthcare Representative,Very High,Single,16007,480210,2,0,23,Excellent,Very High,1,2,2,Bad,1,1,1,1,Adulte,Marseille
31,No,Non-Travel,736,Sales,46,Doctor,Medical,Low,Femme,170,Medium,4,Developer,Medium,Divorced,21044,210440,4,1,1,Excellent,Low,3,6,3,Bad,1,1,1,1,Adulte,Lyon
23,Yes,Non-Travel,1476,Human Resources,38,College,Life Sciences,Very High,Femme,156,Very High,4,Healthcare Representative,Medium,Divorced,47744,477440,8,1,44,Outstanding,Medium,1,4,5,Good,2,1,1,1,Jeune,Marseille
32,Yes,Travel_Frequently,248,Research & Development,11,College,Medical,Very High,Homme,194,High,4,Developer,High,Divorced,1048,20960,8,0,11,Good,Very High,1,36,6,Best,31,27,28,14,Adulte,Paris
38,No,Travel_Rarely,970,Human Resources,9,Bachelor,Life Sciences,Medium,Homme,92,High,2,Human Resources,Medium,Divorced,28241,536579,1,1,5,Good,Medium,3,29,2,Bad,3,1,3,3,Adulte,Marseille
29,No,Travel_Rarely,1012,Software,4,Doctor,Medical,Low,Homme,80,Very High,3,Sales Executive,High,Single,37615,677070,5,0,48,Excellent,Very High,3,35,2,Bad,27,5,10,22,Jeune,Nantes
43,Yes,Travel_Rarely,353,Support,47,Master,Other,Medium,Femme,76,High,2,Developer,High,Married,49378,1333206,8,0,35,Excellent,Low,3,35,1,Good,22,15,4,10,Adulte,Grenoble
37,Yes,Non-Travel,264,Sales,7,College,Human Resources,Low,Homme,68,Low,3,Developer,Low,Married,5474,76636,0,0,19,Good,High,3,40,6,Bad,33,2,7,31,Adulte,Lyon
20,Yes,Travel_Frequently,1343,Sales,33,Master,Other,Low,Homme,150,High,5,Manager,Low,Divorced,47656,619528,4,0,38,Outstanding,Very High,1,3,1,Good,1,1,1,1,Jeune,Lyon
49,No,Travel_Frequently,805,Human Resources,41,Master,Technical Degree,High,Femme,197,Very High,4,Human Resources,Very High,Divorced,43516,1044384,0,0,41,Good,High,3,13,5,Good,2,2,2,1,Senior,Marseille
53,No,Non-Travel,150,Research & Development,7,Bachelor,Medical,High,Femme,138,High,1,Sales Executive,Very High,Single,39620,1069740,4,1,16,Outstanding,Low,1,29,2,Better,11,10,5,3,Senior,Paris
40,No,Non-Travel,1327,Hardware,20,Bachelor,Other,Medium,Femme,177,Low,4,Manager,High,Divorced,19028,570840,2,0,45,Excellent,Medium,3,21,5,Bad,15,3,9,12,Adulte,Lille
39,Yes,Travel_Frequently,1004,Software,18,Doctor,Medical,Very High,Femme,50,Very High,4,Sales Representative,Very High,Divorced,47322,757152,7,1,29,Outstanding,High,1,24,4,Good,20,17,10,12,Adulte,Nantes
57,Yes,Travel_Rarely,1394,Human Resources,38,Doctor,Medical,Medium,Femme,32,Medium,1,Developer,Very High,Divorced,20249,141743,4,1,19,Bad,Very High,1,36,1,Better,36,20,20,32,Senior,Marseille
58,Yes,Travel_Frequently,751,Research & Development,23,Bachelor,Marketing,High,Homme,87,High,2,Research Director,Medium,Married,6014,180420,6,1,17,Excellent,Medium,1,36,2,Bad,13,1,11,4,Senior,Paris
20,No,Travel_Rarely,880,Hardware,49,Master,Medical,Very High,Femme,42,Low,1,Research Director,Very High,Married,13179,250401,2,1,15,Excellent,High,2,7,4,Good,2,2,1,2,Jeune,Lille
41,No,Travel_Frequently,1203,Sales,9,College,Marketing,Low,Femme,47,Low,1,Manager,High,Married,8753,113789,0,0,17,Bad,High,3,11,3,Bad,11,1,6,3,Adulte,Lyon
37,Yes,Travel_Frequently,673,Research & Development,36,College,Medical,Low,Homme,118,High,5,Research Scientist,Very High,Single,11086,155204,3,1,25,Excellent,Low,3,4,5,Bad,4,1,1,1,Adulte,Paris
28,Yes,Non-Travel,1240,Software,47,Master,Technical Degree,High,Homme,37,Very High,1,Research Scientist,Medium,Divorced,5102,117346,0,0,4,Outstanding,Low,3,2,6,Better,1,1,1,1,Jeune,Nantes
36,Yes,Travel_Frequently,546,Sales,33,Master,Life Sciences,Medium,Homme,137,Medium,2,Healthcare Representative,Medium,Divorced,17648,141184,3,0,26,Bad,Medium,4,17,6,Bad,8,2,7,1,Adulte,Lyon
54,Yes,Travel_Frequently,805,Human Resources,34,Master,Human Resources,High,Homme,152,Very High,2,Manufacturing Director,Medium,Single,33630,470820,0,1,26,Good,Medium,4,10,2,Good,9,1,3,4,Senior,Marseille
34,No,Travel_Frequently,309,Sales,39,Below College,Technical Degree,High,Femme,87,Low,4,Human Resources,Medium,Married,17160,343200,0,0,38,Good,Very High,2,40,6,Bad,18,1,18,5,Adulte,Lyon
53,No,Non-Travel,322,Research & Development,4,Master,Marketing,Medium,Homme,76,Medium,4,Research Director,Medium,Divorced,30385,455775,8,0,39,Outstanding,High,1,6,3,Best,1,1,1,1,Senior,Paris
33,Yes,Travel_Frequently,847,Human Resources,9,Doctor,Life Sciences,High,Femme,82,Low,2,Sales Executive,Medium,Married,47753,955060,2,0,4,Good,Medium,4,25,2,Good,13,5,3,3,Adulte,Marseille
32,No,Travel_Frequently,382,Sales,23,College,Medical,Low,Femme,116,High,4,Developer,Low,Divorced,18022,180220,3,1,26,Good,High,1,33,5,Good,12,6,12,3,Adulte,Lyon
25,No,Travel_Rarely,639,Research & Development,26,Below College,Technical Degree,Very High,Homme,54,Medium,1,Manager,Medium,Single,6057,163539,3,0,19,Outstanding,Very High,4,35,5,Bad,33,7,29,29,Jeune,Paris
18,No,Non-Travel,1289,Research & Development,48,Doctor,Other,Very High,Femme,101,Medium,5,Developer,Low,Single,42798,641970,4,1,45,Bad,High,1,20,5,Bad,3,3,1,3,Jeune,Paris
53,No,Travel_Frequently,486,Support,29,Below College,Life Sciences,High,Homme,124,Very High,4,Manufacturing Director,Low,Single,44248,132744,0,0,39,Good,Very High,4,15,5,Bad,4,2,1,3,Senior,Grenoble
18,No,Travel_Frequently,1057,Hardware,29,College,Medical,Medium,Femme,128,Very High,2,Human Resources,Low,Single,39096,1016496,2,0,4,Bad,Medium,4,30,3,Best,2,1,1,2,Jeune,Lille
30,Yes,Travel_Frequently,127,Support,20,College,Other,Medium,Femme,151,High,1,Developer,Very High,Single,32913,65826,1,0,23,Bad,High,1,8,1,Bad,6,4,4,5,Jeune,Grenoble
29,No,Travel_Frequently,526,Sales,9,Below College,Medical,Low,Femme,191,Very High,2,Human Resources,High,Single,13676,164112,0,0,37,Excellent,Medium,3,6,5,Best,5,5,1,3,Jeune,Lyon
59,Yes,Travel_Rarely,176,Research & Development,40,Master,Other,Medium,Femme,98,Medium,2,Manufacturing Director,High,Divorced,25674,102696,8,0,19,Excellent,High,2,34,2,Better,26,23,7,20,Senior,Paris
56,Yes,Travel_Rarely,888,Human Resources,22,Bachelor,Technical Degree,Medium,Femme,192,High,4,Manager,High,Married,4345,126005,5,1,4,Bad,Medium,3,24,3,Better,14,11,10,9,Senior,Marseille
52,Yes,Travel_Frequently,764,Software,31,Bachelor,Medical,Low,Homme,108,Medium,2,Manufacturing Director,High,Married,24008,600200,0,1,15,Good,Very High,3,30,4,Best,27,9,2,6,Senior,Nantes
31,No,Travel_Frequently,190,Sales,25,Bachelor,Marketing,Very High,Femme,186,Medium,5,Human Resources,Low,Married,30224,846272,5,1,16,Good,Low,2,21,2,Bad,8,6,2,6,Adulte,Lyon
41,No,Non-Travel,1214,Human Resources,29,College,Other,Medium,Femme,145,Medium,4,Laboratory Technician,Low,Single,3197,73531,8,1,38,Bad,Very High,4,33,2,Bad,25,24,6,14,Adulte,Marseille
32,Yes,Travel_Rarely,1417,Human Resources,41,Doctor,Life Sciences,Very High,Homme,64,Very High,4,Sales Executive,Low,Divorced,13303,79818,4,0,27,Bad,Very High,3,26,6,Better,10,2,5,8,Adulte,Marseille
30,Yes,Travel_Rarely,1225,Software,1,Doctor,Human Resources,Low,Homme,72,Very High,2,Developer,High,Married,22855,479955,7,0,8,Outstanding,Very High,4,4,1,Better,1,1,1,1,Jeune,Nantes
40,No,Non-Travel,215,Software,18,Below College,Technical Degree,Medium,Homme,145,Low,1,Sales Executive,Medium,Divorced,13482,310086,3,0,25,Outstanding,Low,1,9,6,Good,4,4,4,3,Adulte,Nantes
33,Yes,Travel_Rarely,211,Software,26,Below College,Human Resources,Low,Femme,91,Very High,2,Laboratory Technician,Medium,Single,7954,206804,3,1,4,Good,High,2,25,4,Bad,25,23,13,13,Adulte,Nantes
36,Yes,Travel_Frequently,552,Research & Development,8,College,Life Sciences,Medium,Homme,79,Very High,2,Research Director,High,Single,31762,921098,1,0,39,Excellent,Low,3,28,3,Best,7,5,1,6,Adulte,Paris
20,No,Travel_Rarely,166,Human Resources,18,College,Other,High,Femme,105,Medium,2,Healthcare Representative,High,Married,48801,1073622,6,1,6,Excellent,Low,2,7,6,Bad,3,1,1,1,Jeune,Marseille
37,Yes,Travel_Frequently,484,Human Resources,45,College,Human Resources,Very High,Femme,182,Medium,1,Manager,Very High,Married,48799,1024779,0,0,14,Excellent,High,4,8,3,Better,6,1,5,5,Adulte,Marseille
22,No,Travel_Frequently,976,Software,22,Bachelor,Other,Very High,Homme,84,Low,1,Research Scientist,Low,Single,30897,556146,4,1,21,Excellent,Low,2,15,3,Better,5,5,4,5,Jeune,Nantes
49,Yes,Travel_Rarely,1216,Support,6,Doctor,Human Resources,Low,Homme,145,Very High,4,Manufacturing Director,Low,Divorced,28493,541367,4,0,49,Good,Very High,1,18,5,Better,12,7,2,4,Senior,Grenoble
41,Yes,Travel_Frequently,1287,Support,38,Doctor,Technical Degree,High,Femme,62,High,3,Sales Representative,Medium,Single,18115,72460,4,1,15,Excellent,High,3,13,1,Best,10,6,9,9,Adulte,Grenoble
50,No,Travel_Rarely,541,Human Resources,2,Doctor,Other,High,Femme,156,Low,2,Manufacturing Director,Low,Married,28800,115200,7,1,23,Excellent,Medium,1,1,3,Bad,1,1,1,1,Senior,Marseille
36,Yes,Travel_Rarely,132,Support,1,College,Marketing,Very High,Homme,61,High,1,Research Director,High,Divorced,25135,377025,8,0,30,Bad,Medium,2,27,4,Bad,4,1,2,2,Adulte,Grenoble
31,No,Travel_Rarely,728,Sales,17,Doctor,Life Sciences,High,Femme,149,Low,4,Laboratory Technician,High,Single,24465,269115,5,1,41,Excellent,Low,2,35,1,Bad,31,27,11,22,Adulte,Lyon
58,No,Travel_Rarely,523,Support,26,College,Medical,Low,Homme,196,Medium,2,Research Director,Low,Divorced,27582,220656,5,0,11,Bad,Low,4,13,3,Good,7,1,7,2,Senior,Grenoble
30,Yes,Travel_Frequently,1057,Sales,50,Below College,Marketing,High,Femme,101,Medium,2,Developer,Low,Divorced,8852,185892,7,0,25,Bad,Very High,1,25,3,Better,6,4,5,3,Jeune,Lyon
25,No,Travel_Rarely,1108,Hardware,34,Bachelor,Life Sciences,Medium,Homme,126,Medium,3,Laboratory Technician,Low,Married,20781,270153,7,0,7,Outstanding,Medium,4,11,4,Bad,6,1,2,2,Jeune,Lille
58,No,Non-Travel,154,Sales,27,Master,Technical Degree,Medium,Homme,57,Low,3,Developer,Very High,Single,4563,68445,0,1,29,Bad,High,1,3,5,Better,3,3,3,3,Senior,Lyon
26,No,Travel_Frequently,208,Research & Development,48,Master,Technical Degree,Very High,Femme,101,Very High,5,Research Director,Very High,Single,50600,1467400,1,1,27,Outstanding,Low,2,39,5,Better,10,1,9,5,Jeune,Paris
37,Yes,Non-Travel,1449,Hardware,44,Below College,Technical Degree,Very High,Homme,176,High,3,Research Director,Medium,Divorced,25036,100144,0,1,29,Excellent,Very High,4,1,2,Best,1,1,1,1,Adulte,Lille
59,Yes,Travel_Rarely,452,Human Resources,31,Doctor,Human Resources,Very High,Femme,101,Medium,5,Manufacturing Director,Low,Divorced,2290,2290,1,0,31,Bad,Low,3,6,2,Best,5,3,4,4,Senior,Marseille
44,No,Non-Travel,1390,Hardware,39,Bachelor,Technical Degree,Very High,Femme,63,Medium,1,Sales Executive,Very High,Single,41806,167224,4,0,16,Good,Very High,2,5,5,Bad,3,3,1,3,Adulte,Lille
24,Yes,Non-Travel,1173,Research & Development,42,Master,Marketing,Medium,Femme,85,Very High,2,Healthcare Representative,Low,Single,45773,1190098,3,0,48,Good,Low,3,25,2,Bad,24,12,7,21,Jeune,Paris
51,Yes,Travel_Rarely,641,Hardware,33,Doctor,Medical,Low,Homme,157,Medium,5,Healthcare Representative,Medium,Divorced,24616,393856,3,1,1,Outstanding,Low,4,21,6,Better,10,10,2,3,Senior,Lille
18,No,Non-Travel,1127,Hardware,12,Doctor,Human Resources,High,Homme,160,High,2,Sales Representative,Low,Divorced,48311,434799,1,1,8,Outstanding,High,4,34,4,Better,29,17,5,25,Jeune,Lille
29,Yes,Travel_Rarely,405,Software,2,Bachelor,Medical,Very High,Homme,97,Very High,5,Manufacturing Director,Low,Divorced,34067,783541,6,1,16,Good,Medium,2,17,4,Better,13,13,10,11,Jeune,Nantes
58,Yes,Travel_Frequently,796,Research & Development,33,Below College,Life Sciences,Low,Femme,194,Very High,2,Sales Executive,Very High,Single,28002,224016,8,1,18,Excellent,High,4,8,3,Bad,8,3,4,6,Senior,Paris
54,No,Travel_Rarely,984,Support,15,Doctor,Other,Very High,Femme,152,Low,4,Healthcare Representative,High,Married,9002,216048,4,0,44,Bad,Very High,1,1,4,Best,1,1,1,1,Senior,Grenoble
24,No,Non-Travel,920,Research & Development,35,Bachelor,Other,High,Femme,131,High,2,Manager,Medium,Single,34023,340230,1,1,17,Bad,High,1,1,3,Bad,1,1,1,1,Jeune,Paris
47,Yes,Travel_Frequently,434,Software,49,Below College,Technical Degree,Very High,Homme,51,High,4,Sales Representative,Medium,Single,3292,55964,2,1,45,Good,Low,4,6,1,Best,3,2,2,3,Senior,Nantes
48,Yes,Travel_Frequently,1213,Software,26,Doctor,Marketing,High,Femme,139,Low,2,Human Resources,Very High,Divorced,2081,2081,5,0,14,Bad,Medium,1,11,3,Good,8,4,4,8,Senior,Nantes
35,No,Non-Travel,1318,Software,12,Below College,Technical Degree,Low,Femme,176,Very High,2,Laboratory Technician,Low,Single,39229,196145,4,1,38,Bad,Medium,2,27,5,Better,3,2,1,2,Adulte,Nantes
21,No,Travel_Rarely,835,Hardware,41,Below College,Medical,High,Homme,36,Low,2,Research Director,Medium,Married,45984,965664,5,1,6,Outstanding,Low,1,6,5,Better,1,1,1,1,Jeune,Lille
56,Yes,Non-Travel,314,Sales,1,Doctor,Other,High,Homme,61,Low,1,Developer,Very High,Single,7215,101010,7,0,17,Good,Very High,2,35,5,Best,10,9,2,3,Senior,Lyon
39,Yes,Non-Travel,1064,Software,3,Bachelor,Human Resources,Low,Femme,112,Low,1,Sales Executive,High,Divorced,8792,254968,5,0,25,Excellent,Medium,2,26,3,Bad,25,11,4,21,Adulte,Nantes
44,Yes,Travel_Rarely,188,Software,50,Doctor,Technical Degree,High,Homme,105,Medium,3,Laboratory Technician,Very High,Married,3916,31328,0,1,48,Bad,High,3,27,5,Best,2,1,2,2,Adulte,Nantes
19,Yes,Non-Travel,1216,Human Resources,10,College,Other,Very High,Femme,163,Low,5,Healthcare Representative,Very High,Married,9471,151536,8,1,10,Excellent,Very High,4,28,1,Better,22,16,16,6,Jeune,Marseille
38,No,Travel_Frequently,1379,Research & Development,28,College,Marketing,Medium,Homme,139,Very High,5,Developer,Medium,Divorced,13585,366795,8,1,6,Excellent,Medium,3,32,5,Good,29,14,27,4,Adulte,Paris
35,No,Non-Travel,198,Sales,35,Bachelor,Marketing,Low,Homme,111,High,4,Manager,Low,Married,33494,100482,0,1,3,Bad,Low,4,32,6,Bad,3,2,1,3,Adulte,Lyon
51,Yes,Travel_Rarely,813,Software,7,Doctor,Life Sciences,Low,Homme,185,Very High,3,Manufacturing Director,Medium,Divorced,49739,348173,6,1,45,Excellent,High,3,18,3,Best,7,1,4,7,Senior,Nantes
37,Yes,Travel_Frequently,1020,Human Resources,26,Bachelor,Life Sciences,Low,Homme,159,Low,5,Research Director,Very High,Divorced,28326,254934,6,0,28,Outstanding,High,2,12,1,Good,10,8,9,7,Adulte,Marseille
38,No,Non-Travel,697,Software,34,Doctor,Life Sciences,Low,Femme,189,Low,4,Human Resources,Medium,Married,36874,405614,5,1,22,Excellent,Low,3,29,6,Bad,7,5,3,3,Adulte,Nantes
20,No,Travel_Rarely,533,Support,6,Doctor,Technical Degree,Medium,Homme,164,Very High,2,Sales Representative,Low,Divorced,27223,490014,1,1,21,Excellent,Very High,1,39,3,Bad,33,6,4,30,Jeune,Grenoble
25,Yes,Travel_Frequently,998,Human Resources,21,Below College,Marketing,Very High,Homme,49,Low,2,Healthcare Representative,Very High,Married,24401,122005,4,0,27,Outstanding,High,3,37,5,Good,24,22,1,16,Jeune,Marseille
21,Yes,Travel_Rarely,256,Support,9,Doctor,Life Sciences,Very High,Homme,37,Low,3,Healthcare Representative,Very High,Divorced,37299,671382,1,0,12,Excellent,Very High,1,17,1,Better,9,8,6,6,Jeune,Grenoble
28,No,Travel_Rarely,1466,Support,39,Doctor,Marketing,Very High,Homme,72,High,2,Sales Executive,Medium,Married,37504,825088,0,1,48,Good,Low,3,28,3,Better,16,3,10,12,Jeune,Grenoble
28,Yes,Travel_Rarely,246,Sales,50,College,Life Sciences,Medium,Femme,77,Very High,3,Manufacturing Director,High,Divorced,40280,684760,6,0,39,Excellent,Low,4,15,4,Better,2,1,1,2,Jeune,Lyon
21,No,Travel_Frequently,201,Research & Development,13,College,Marketing,Very High,Femme,165,Low,1,Manager,High,Single,32097,674037,5,1,24,Outstanding,Medium,2,11,1,Good,9,8,9,6,Jeune,Paris
31,Yes,Non-Travel,1354,Sales,9,Below College,Technical Degree,Low,Homme,41,Very High,3,Laboratory Technician,Low,Single,16894,152046,3,0,20,Outstanding,Very High,2,4,5,Bad,3,1,1,1,Adulte,Lyon
46,No,Travel_Frequently,1345,Support,36,Master,Life Sciences,High,Homme,49,Very High,5,Manager,High,Single,33565,335650,0,1,36,Outstanding,Very High,2,28,1,Good,14,2,12,14,Senior,Grenoble
55,No,Travel_Rarely,939,Support,49,College,Technical Degree,Medium,Femme,85,Medium,5,Research Scientist,Very High,Married,18329,256606,8,1,44,Outstanding,Low,1,17,3,Better,3,2,3,3,Senior,Grenoble
30,No,Travel_Rarely,1350,Software,15,Master,Life Sciences,Low,Femme,79,High,1,Human Resources,Medium,Married,1487,4461,4,1,44,Outstanding,Medium,2,24,2,Better,9,9,9,3,Jeune,Nantes
45,Yes,Non-Travel,1094,Hardware,11,Doctor,Marketing,High,Homme,198,Low,2,Developer,Low,Divorced,20707,517675,1,0,31,Excellent,High,3,37,6,Best,3,3,2,2,Adulte,Lille
53,Yes,Travel_Frequently,755,Support,2,College,Life Sciences,Low,Femme,75,Very High,3,Research Director,Low,Divorced,25027,425459,6,1,21,Excellent,High,3,25,3,Best,10,2,7,9,Senior,Grenoble
20,Yes,Non-Travel,1132,Software,48,College,Life Sciences,Low,Femme,177,Very High,3,Laboratory Technician,Low,Divorced,10989,175824,4,1,43,Good,High,4,22,3,Bad,20,13,16,9,Jeune,Nantes
42,No,Travel_Rarely,404,Human Resources,25,Doctor,Medical,Low,Femme,127,Low,4,Manufacturing Director,High,Married,16162,129296,5,0,46,Outstanding,High,1,7,2,Best,3,1,1,3,Adulte,Marseille
40,No,Non-Travel,1090,Sales,2,College,Marketing,Very High,Femme,96,Medium,5,Sales Representative,Low,Single,15277,443033,1,1,23,Outstanding,Very High,2,19,3,Bad,13,10,10,11,Adulte,Lyon
40,Yes,Travel_Frequently,315,Support,31,Bachelor,Life Sciences,Low,Homme,161,Low,1,Manufacturing Director,High,Single,30467,761675,8,1,45,Bad,Very High,2,22,5,Bad,17,11,13,6,Adulte,Grenoble
46,Yes,Travel_Rarely,1323,Research & Development,24,Bachelor,Marketing,Low,Femme,145,Very High,2,Research Scientist,Low,Single,42927,643905,7,0,21,Bad,Medium,4,5,1,Bad,4,2,2,4,Senior,Paris
44,No,Travel_Rarely,1475,Support,7,Doctor,Human Resources,Low,Homme,105,High,2,Developer,Low,Married,7612,60896,8,1,17,Bad,High,2,31,5,Bad,29,17,9,18,Adulte,Grenoble
36,No,Non-Travel,412,Sales,2,Doctor,Technical Degree,Medium,Femme,65,Low,4,Laboratory Technician,Low,Married,32424,389088,1,1,9,Good,Low,4,29,2,Bad,6,2,2,4,Adulte,Lyon
34,Yes,Travel_Rarely,1432,Sales,18,Bachelor,Human Resources,High,Homme,90,High,4,Developer,Low,Single,36283,362830,5,1,44,Good,High,4,4,4,Best,2,1,2,1,Adulte,Lyon
56,Yes,Travel_Frequently,988,Hardware,29,Doctor,Technical Degree,Low,Femme,193,High,5,Manufacturing Director,Medium,Divorced,47452,711780,7,0,13,Good,Medium,4,23,1,Good,6,6,2,1,Senior,Lille
21,Yes,Travel_Rarely,1488,Hardware,17,Doctor,Marketing,Very High,Femme,35,Very High,3,Sales Executive,Low,Married,10698,288846,2,0,18,Outstanding,High,3,10,2,Better,1,1,1,1,Jeune,Lille
21,No,Travel_Rarely,1170,Human Resources,7,Doctor,Technical Degree,Low,Homme,182,Very High,3,Sales Representative,High,Single,34095,170475,0,0,46,Good,Medium,3,40,6,Best,16,14,1,13,Jeune,Marseille
20,No,Travel_Frequently,242,Software,16,Doctor,Life Sciences,High,Femme,35,Very High,4,Laboratory Technician,Very High,Single,8415,143055,0,0,46,Good,High,4,16,1,Better,16,16,6,2,Jeune,Nantes
27,No,Travel_Frequently,135,Hardware,34,Doctor,Marketing,Medium,Homme,43,High,4,Research Scientist,Medium,Divorced,12611,163943,1,1,40,Outstanding,Low,3,33,6,Best,16,7,11,3,Jeune,Lille
19,No,Travel_Rarely,401,Human Resources,34,Doctor,Marketing,Low,Homme,119,Low,2,Healthcare Representative,High,Married,31618,758832,8,1,40,Excellent,Low,4,17,6,Better,9,9,3,9,Jeune,Marseille
21,Yes,Travel_Frequently,432,Sales,45,Bachelor,Life Sciences,Very High,Homme,172,Very High,5,Healthcare Representative,Medium,Divorced,39710,873620,2,0,44,Good,Medium,4,32,5,Good,6,3,1,2,Jeune,Lyon
48,No,Travel_Rarely,102,Sales,48,Doctor,Medical,High,Homme,197,Medium,5,Research Scientist,Low,Divorced,16562,397488,0,0,36,Outstanding,Very High,1,33,3,Bad,32,30,24,10,Senior,Lyon
43,No,Travel_Frequently,1210,Sales,42,Master,Medical,Medium,Homme,144,High,5,Research Scientist,Very High,Divorced,39781,556934,7,1,0,Bad,Low,3,40,4,Bad,7,4,5,5,Adulte,Lyon
39,No,Non-Travel,568,Software,9,College,Life Sciences,Low,Homme,56,Low,2,Sales Representative,Low,Divorced,28377,312147,7,1,19,Good,Very High,3,8,2,Better,7,6,3,4,Adulte,Nantes
45,No,Non-Travel,717,Support,43,Below College,Technical Degree,Low,Homme,34,Low,3,Research Director,High,Single,16001,400025,6,0,45,Outstanding,High,4,15,4,Best,12,10,9,10,Adulte,Grenoble
49,Yes,Travel_Frequently,630,Sales,33,Doctor,Marketing,Low,Femme,134,Low,5,Sales Representative,High,Single,20902,501648,7,1,24,Excellent,Very High,4,16,1,Better,12,9,6,4,Senior,Lyon
53,Yes,Non-Travel,139,Hardware,15,Doctor,Marketing,Low,Homme,183,Very High,1,Healthcare Representative,Very High,Divorced,14761,265698,3,0,30,Outstanding,Low,4,11,2,Good,7,4,6,4,Senior,Lille
32,Yes,Travel_Frequently,855,Support,22,Master,Life Sciences,Very High,Homme,104,Medium,3,Research Director,Very High,Single,3754,45048,7,0,16,Good,High,4,33,1,Good,2,2,1,1,Adulte,Grenoble
45,No,Non-Travel,1208,Sales,7,Below College,Marketing,Medium,Homme,200,High,1,Manufacturing Director,High,Single,29358,146790,1,1,15,Good,High,1,40,3,Better,14,13,12,4,Adulte,Lyon
52,Yes,Travel_Rarely,1095,Human Resources,31,Below College,Human Resources,High,Femme,194,Very High,4,Research Scientist,Very High,Married,21308,63924,7,1,37,Excellent,Low,2,7,1,Better,5,5,1,3,Senior,Marseille
29,Yes,Non-Travel,149,Research & Development,7,Doctor,Other,Very High,Femme,31,Medium,2,Sales Executive,Low,Married,41370,951510,1,0,27,Good,Medium,1,4,2,Good,2,1,2,2,Jeune,Paris
33,Yes,Travel_Rarely,906,Sales,1,Below College,Marketing,High,Homme,138,Very High,3,Research Scientist,Medium,Single,10774,204706,7,1,14,Good,Medium,4,29,4,Good,10,1,2,3,Adulte,Lyon
58,Yes,Travel_Frequently,540,Sales,18,Doctor,Other,Low,Homme,199,Medium,4,Human Resources,Low,Divorced,10675,170800,0,1,44,Excellent,High,3,39,6,Bad,29,29,29,15,Senior,Lyon
18,Yes,Travel_Rarely,1356,Hardware,41,Bachelor,Medical,High,Femme,79,Medium,4,Human Resources,Medium,Divorced,19073,572190,5,1,19,Good,High,4,4,3,Bad,4,3,1,2,Jeune,Lille
49,No,Travel_Frequently,705,Sales,15,Below College,Life Sciences,Low,Homme,54,Low,4,Manager,Very High,Single,37536,150144,4,0,31,Outstanding,Very High,1,27,6,Bad,10,8,5,3,Senior,Lyon
44,Yes,Travel_Frequently,157,Hardware,10,Below College,Other,Medium,Femme,119,High,4,Human Resources,Very High,Divorced,20675,475525,0,0,22,Bad,Medium,1,4,5,Best,4,2,1,3,Adulte,Lille
59,No,Travel_Frequently,1327,Software,35,Bachelor,Technical Degree,High,Femme,91,Very High,2,Research Director,Low,Single,32691,261528,3,1,11,Excellent,High,1,22,1,Best,12,10,5,7,Senior,Nantes
36,No,Non-Travel,358,Support,16,Below College,Other,Medium,Femme,189,Low,4,Sales Executive,Very High,Divorced,41121,411210,3,1,38,Good,Very High,4,32,2,Best,12,8,8,4,Adulte,Grenoble
50,Yes,Travel_Rarely,821,Sales,42,Doctor,Life Sciences,High,Femme,91,Low,4,Developer,Very High,Single,43893,570609,3,0,20,Excellent,High,2,19,6,Best,11,5,4,6,Senior,Lyon
25,Yes,Travel_Rarely,1409,Software,42,Bachelor,Life Sciences,Very High,Femme,90,Medium,4,Developer,High,Married,3375,50625,4,1,39,Bad,High,2,8,6,Bad,1,1,1,1,Jeune,Nantes
36,Yes,Travel_Frequently,1033,Software,11,Below College,Life Sciences,Low,Homme,75,High,2,Sales Representative,Medium,Divorced,49833,1195992,7,0,12,Excellent,Very High,1,11,6,Better,2,2,1,2,Adulte,Nantes
50,Yes,Travel_Frequently,567,Hardware,44,Master,Medical,Medium,Femme,103,Low,2,Sales Representative,High,Divorced,26732,133660,5,1,12,Outstanding,Very High,4,1,2,Good,1,1,1,1,Senior,Lille
52,No,Travel_Frequently,1312,Hardware,18,Doctor,Life Sciences,Medium,Femme,193,High,5,Human Resources,Very High,Divorced,44875,1032125,8,0,22,Outstanding,High,1,13,2,Bad,4,3,1,3,Senior,Lille
51,Yes,Non-Travel,730,Software,27,Bachelor,Life Sciences,Low,Femme,46,High,4,Sales Executive,High,Single,20443,61329,4,1,41,Outstanding,Medium,3,25,1,Bad,6,4,4,4,Senior,Nantes
35,Yes,Travel_Frequently,1412,Support,28,College,Medical,Very High,Homme,130,Medium,3,Sales Executive,High,Married,50563,809008,1,0,0,Excellent,Very High,4,23,5,Good,16,12,16,1,Adulte,Grenoble
37,No,Travel_Rarely,163,Hardware,34,Bachelor,Human Resources,Very High,Femme,176,Very High,3,Manager,Very High,Single,26758,749224,7,0,48,Bad,Very High,2,39,5,Good,2,2,1,1,Adulte,Lille
26,No,Non-Travel,395,Research & Development,39,Master,Marketing,High,Homme,30,Medium,4,Human Resources,Very High,Divorced,2308,41544,2,1,31,Excellent,Medium,3,19,2,Better,7,4,5,5,Jeune,Paris
22,Yes,Non-Travel,132,Sales,6,Master,Life Sciences,High,Femme,185,Low,3,Manager,Low,Single,30568,917040,1,1,20,Good,Low,4,40,3,Better,29,4,6,21,Jeune,Lyon
45,Yes,Travel_Frequently,1473,Software,38,Below College,Medical,Medium,Homme,45,High,3,Research Scientist,Low,Divorced,22219,577694,0,0,37,Bad,Medium,1,17,4,Better,4,2,1,2,Adulte,Nantes
53,Yes,Travel_Rarely,983,Support,18,Doctor,Human Resources,High,Femme,110,Low,1,Manager,Low,Single,15341,260797,6,1,40,Excellent,Medium,4,6,6,Better,4,1,2,1,Senior,Grenoble
53,No,Travel_Frequently,848,Research & Development,16,College,Other,Low,Femme,53,Low,5,Healthcare Representative,High,Single,1502,3004,4,0,46,Outstanding,Very High,3,40,6,Better,40,6,23,38,Senior,Paris
20,No,Non-Travel,987,Human Resources,12,Bachelor,Life Sciences,High,Femme,184,Medium,3,Healthcare Representative,Medium,Single,7526,150520,8,1,37,Bad,Very High,1,29,4,Better,18,9,5,4,Jeune,Marseille
22,No,Travel_Rarely,619,Sales,17,Doctor,Human Resources,Very High,Femme,177,High,1,Human Resources,Low,Married,28360,595560,5,1,8,Good,Low,3,23,4,Better,6,5,5,5,Jeune,Lyon
41,Yes,Travel_Rarely,1406,Hardware,21,College,Medical,Medium,Homme,120,High,3,Sales Representative,High,Divorced,14132,113056,5,0,27,Outstanding,Very High,4,10,1,Best,1,1,1,1,Adulte,Lille
38,Yes,Non-Travel,704,Human Resources,36,Master,Technical Degree,High,Homme,136,High,2,Sales Executive,High,Single,9850,68950,5,0,12,Good,Very High,2,25,1,Better,10,1,8,6,Adulte,Marseille
34,No,Travel_Frequently,580,Human Resources,19,Bachelor,Human Resources,Very High,Homme,46,Medium,1,Developer,High,Single,20650,557550,8,1,47,Bad,Medium,1,6,4,Good,2,2,2,2,Adulte,Marseille
51,Yes,Non-Travel,721,Sales,34,Bachelor,Other,Very High,Homme,195,Medium,5,Laboratory Technician,Very High,Single,48610,1361080,2,0,2,Outstanding,Low,3,28,4,Best,21,12,4,3,Senior,Lyon
38,Yes,Non-Travel,797,Sales,31,Below College,Medical,Very High,Homme,103,Low,4,Healthcare Representative,Medium,Single,29014,58028,8,1,26,Outstanding,Medium,3,17,2,Bad,6,2,6,1,Adulte,Lyon
25,No,Travel_Rarely,1113,Human Resources,38,College,Medical,High,Homme,135,Medium,5,Sales Representative,High,Divorced,47917,143751,2,0,34,Excellent,Low,1,20,4,Best,7,7,3,7,Jeune,Marseille
40,Yes,Non-Travel,241,Hardware,46,Doctor,Other,High,Homme,143,Low,2,Laboratory Technician,High,Divorced,27797,166782,6,0,24,Bad,Medium,4,38,2,Bad,18,5,13,11,Adulte,Lille
47,Yes,Travel_Frequently,142,Sales,33,Below College,Medical,Medium,Homme,96,Low,2,Research Scientist,High,Single,30999,371988,4,1,45,Excellent,High,3,40,5,Good,30,2,11,15,Senior,Lyon
39,Yes,Non-Travel,1499,Human Resources,47,Below College,Other,Medium,Femme,41,Low,2,Manager,High,Divorced,49313,49313,0,1,7,Bad,Medium,3,32,4,Bad,27,5,25,12,Adulte,Marseille
52,No,Travel_Frequently,538,Human Resources,45,Master,Medical,Medium,Femme,161,Very High,4,Sales Representative,Very High,Married,23038,276456,6,1,42,Bad,Low,4,15,3,Best,15,5,1,3,Senior,Marseille
52,Yes,Non-Travel,1200,Research & Development,33,Bachelor,Life Sciences,High,Femme,101,Very High,4,Research Scientist,Low,Married,30821,308210,0,0,5,Bad,Low,3,28,5,Best,6,6,2,3,Senior,Paris
25,No,Travel_Frequently,724,Research & Development,23,Below College,Medical,Low,Homme,59,High,4,Research Scientist,Low,Married,6813,177138,6,1,9,Bad,Medium,3,40,6,Bad,40,26,31,40,Jeune,Paris
58,No,Travel_Frequently,1371,Human Resources,22,Master,Technical Degree,High,Femme,100,Medium,3,Healthcare Representative,Very High,Divorced,9524,171432,5,0,3,Outstanding,Very High,3,8,5,Best,4,4,4,4,Senior,Marseille
24,No,Travel_Rarely,514,Research & Development,20,Master,Human Resources,Very High,Femme,195,Medium,1,Sales Representative,High,Divorced,25407,711396,7,1,29,Excellent,Medium,3,4,1,Best,1,1,1,1,Jeune,Paris
44,No,Travel_Frequently,804,Hardware,21,Doctor,Marketing,High,Homme,122,Medium,4,Sales Representative,High,Married,43537,565981,7,0,47,Good,Medium,1,29,1,Better,16,16,13,8,Adulte,Lille
42,Yes,Non-Travel,1107,Sales,38,Master,Marketing,Medium,Femme,180,High,2,Laboratory Technician,Low,Divorced,17929,286864,3,0,24,Bad,Medium,1,24,2,Better,5,5,1,2,Adulte,Lyon
55,Yes,Travel_Frequently,680,Software,37,Doctor,Life Sciences,Very High,Femme,101,Very High,5,Research Scientist,High,Divorced,13526,378728,6,1,16,Excellent,High,3,4,1,Best,1,1,1,1,Senior,Nantes
20,Yes,Travel_Frequently,547,Hardware,24,College,Other,Very High,Homme,99,Very High,2,Manager,Low,Divorced,36673,1063517,4,1,47,Outstanding,Low,2,12,1,Best,9,3,9,1,Jeune,Lille
28,Yes,Travel_Frequently,286,Support,50,Below College,Human Resources,Medium,Homme,127,Medium,1,Research Director,High,Single,22192,66576,5,1,43,Outstanding,Very High,1,12,4,Good,3,2,1,1,Jeune,Grenoble
53,Yes,Travel_Rarely,212,Research & Development,49,Below College,Medical,Low,Homme,70,Very High,1,Research Director,High,Single,6667,113339,0,0,6,Good,Medium,1,16,4,Good,16,3,1,1,Senior,Paris
59,No,Travel_Rarely,942,Research & Development,23,College,Technical Degree,High,Homme,44,Low,1,Sales Representative,Very High,Divorced,21301,553826,4,0,42,Bad,Medium,2,34,5,Best,17,1,8,5,Senior,Paris
47,No,Travel_Rarely,369,Research & Development,38,Below College,Technical Degree,High,Femme,182,Medium,5,Manager,High,Single,1036,31080,2,0,14,Excellent,High,1,7,6,Bad,7,4,7,5,Senior,Paris
41,No,Non-Travel,280,Research & Development,17,Below College,Medical,Very High,Homme,140,Low,3,Human Resources,Very High,Married,8433,177093,1,1,4,Outstanding,Medium,1,33,4,Better,17,7,5,6,Adulte,Paris
46,Yes,Travel_Frequently,1072,Software,49,Below College,Technical Degree,Very High,Femme,41,High,4,Sales Representative,Low,Married,18128,507584,5,0,44,Good,Very High,3,5,4,Better,4,1,1,3,Senior,Nantes
34,No,Travel_Rarely,1310,Sales,1,Bachelor,Marketing,Low,Homme,177,Low,3,Manager,Low,Divorced,48153,1300131,1,1,7,Outstanding,Medium,1,9,6,Bad,2,1,1,1,Adulte,Lyon
36,No,Travel_Frequently,1142,Human Resources,5,Bachelor,Life Sciences,Low,Homme,94,Low,5,Healthcare Representative,High,Divorced,8836,229736,3,0,35,Bad,Low,3,32,3,Best,25,24,10,13,Adulte,Marseille
24,Yes,Travel_Frequently,884,Human Resources,47,Master,Medical,Low,Femme,195,Low,3,Research Scientist,Medium,Divorced,34776,278208,6,1,2,Bad,High,4,26,2,Best,12,4,7,11,Jeune,Marseille
53,No,Non-Travel,1001,Support,45,Doctor,Life Sciences,Medium,Femme,109,Medium,3,Manager,Medium,Married,15042,240672,2,1,8,Good,High,1,23,2,Good,2,2,2,1,Senior,Grenoble
24,No,Travel_Frequently,918,Research & Development,36,Below College,Life Sciences,Low,Femme,65,High,4,Laboratory Technician,Low,Married,26428,449276,6,1,20,Bad,Low,2,5,3,Bad,2,2,2,1,Jeune,Paris
46,No,Non-Travel,1406,Human Resources,24,Bachelor,Technical Degree,Low,Femme,159,Low,3,Healthcare Representative,High,Divorced,42650,980950,6,0,35,Good,Very High,2,21,6,Bad,17,14,8,10,Senior,Marseille
54,No,Travel_Rarely,675,Software,28,Below College,Marketing,High,Femme,123,Very High,2,Sales Executive,Medium,Single,42577,340616,1,0,24,Good,Medium,2,31,3,Good,10,10,1,10,Senior,Nantes
47,Yes,Travel_Frequently,332,Sales,11,Below College,Marketing,Medium,Femme,65,Very High,4,Healthcare Representative,High,Divorced,5108,91944,2,0,9,Excellent,High,4,23,1,Good,1,1,1,1,Senior,Lyon
38,No,Travel_Rarely,168,Support,3,Bachelor,Medical,Medium,Homme,115,High,1,Manufacturing Director,High,Single,29732,802764,8,0,30,Good,Low,3,22,4,Bad,19,14,16,7,Adulte,Grenoble
57,Yes,Travel_Frequently,389,Hardware,17,Doctor,Human Resources,Medium,Homme,186,Very High,3,Laboratory Technician,High,Single,35888,968976,8,0,9,Excellent,Very High,3,22,6,Good,11,7,6,3,Senior,Lille
21,No,Non-Travel,281,Support,4,Bachelor,Technical Degree,Very High,Homme,65,Medium,4,Manager,Medium,Married,12495,274890,3,0,41,Good,Low,1,2,3,Better,1,1,1,1,Jeune,Grenoble
59,Yes,Travel_Rarely,289,Hardware,10,Doctor,Marketing,Medium,Homme,103,Medium,2,Manager,Medium,Single,30840,277560,2,0,28,Outstanding,High,3,15,6,Better,4,2,4,1,Senior,Lille
44,No,Travel_Frequently,977,Research & Development,9,Doctor,Life Sciences,Medium,Femme,48,High,5,Human Resources,Medium,Married,9648,57888,4,1,2,Outstanding,High,1,32,6,Better,6,5,1,2,Adulte,Paris
36,No,Travel_Frequently,258,Human Resources,48,Bachelor,Marketing,Very High,Homme,37,Low,3,Manager,High,Single,43879,131637,0,1,25,Good,Low,4,1,2,Good,1,1,1,1,Adulte,Marseille
58,Yes,Non-Travel,689,Research & Development,37,Master,Life Sciences,Medium,Homme,162,High,3,Research Director,High,Single,7468,201636,0,1,38,Excellent,Very High,3,20,2,Bad,17,12,15,13,Senior,Paris
52,No,Travel_Frequently,1218,Hardware,21,Bachelor,Human Resources,Low,Femme,124,Medium,5,Research Director,High,Divorced,21911,350576,2,1,5,Good,High,2,40,2,Better,29,7,17,16,Senior,Lille
52,Yes,Travel_Frequently,358,Support,41,Master,Life Sciences,Medium,Femme,161,High,5,Manufacturing Director,Low,Married,44957,269742,8,0,5,Bad,Low,1,2,3,Best,2,2,2,2,Senior,Grenoble
48,No,Travel_Frequently,319,Research & Development,12,Doctor,Medical,Medium,Homme,55,Very High,2,Manufacturing Director,Low,Single,27473,769244,6,1,0,Good,Low,3,40,5,Better,36,26,26,25,Senior,Paris
24,Yes,Travel_Frequently,515,Hardware,25,Master,Human Resources,Very High,Femme,134,Low,2,Developer,Very High,Single,28175,535325,5,0,7,Excellent,High,4,37,3,Best,32,6,25,30,Jeune,Lille
22,Yes,Non-Travel,1161,Sales,35,College,Other,High,Homme,108,High,2,Manufacturing Director,Medium,Married,9994,9994,0,0,44,Good,Low,2,11,3,Good,1,1,1,1,Jeune,Lyon
36,Yes,Travel_Rarely,1171,Support,9,Below College,Marketing,Low,Femme,63,Medium,4,Human Resources,Low,Single,3357,26856,6,1,11,Good,Very High,2,1,2,Better,1,1,1,1,Adulte,Grenoble
38,Yes,Travel_Rarely,1373,Human Resources,37,Doctor,Medical,Very High,Homme,182,High,5,Sales Representative,Medium,Single,49130,1228250,2,1,32,Bad,Low,2,1,1,Best,1,1,1,1,Adulte,Marseille
40,Yes,Non-Travel,618,Software,39,Bachelor,Human Resources,High,Femme,81,Medium,5,Developer,Very High,Married,31011,465165,6,1,5,Bad,Very High,4,30,4,Better,8,3,4,5,Adulte,Nantes
19,No,Travel_Rarely,391,Software,7,Below College,Human Resources,Medium,Femme,181,Very High,1,Laboratory Technician,Very High,Divorced,6109,164943,3,0,26,Good,Medium,1,28,4,Best,2,2,1,2,Jeune,Nantes
46,No,Travel_Frequently,804,Sales,19,College,Medical,Medium,Femme,189,Low,4,Sales Executive,Low,Married,15680,470400,8,1,5,Excellent,Very High,4,40,2,Good,25,3,12,22,Senior,Lyon
53,No,Travel_Frequently,618,Hardware,41,Below College,Other,Very High,Homme,132,Medium,5,Sales Executive,Low,Married,31516,567288,3,1,42,Excellent,Medium,1,32,3,Best,7,1,6,6,Senior,Lille
40,No,Travel_Frequently,668,Sales,16,College,Technical Degree,High,Femme,147,Low,1,Developer,High,Married,8551,222326,2,0,17,Excellent,Medium,2,7,1,Good,1,1,1,1,Adulte,Lyon
53,Yes,Non-Travel,684,Human Resources,28,Below College,Medical,Low,Femme,55,High,5,Manufacturing Director,Low,Divorced,40466,1173514,4,1,34,Good,High,3,36,4,Best,22,5,10,14,Senior,Marseille
21,Yes,Non-Travel,1222,Human Resources,45,Bachelor,Technical Degree,Medium,Femme,109,Low,5,Sales Executive,Low,Married,12610,365690,2,0,8,Good,Low,1,40,4,Better,22,19,1,6,Jeune,Marseille
47,No,Non-Travel,904,Support,7,Bachelor,Marketing,Very High,Homme,129,Medium,1,Research Director,Medium,Married,28595,200165,8,0,40,Good,Low,3,39,5,Better,39,2,24,6,Senior,Grenoble
23,No,Non-Travel,258,Research & Development,19,Below College,Medical,Very High,Homme,40,Low,5,Sales Executive,Very High,Divorced,32519,357709,6,0,41,Excellent,Low,3,22,5,Best,15,5,7,5,Jeune,Paris
52,No,Non-Travel,750,Support,1,College,Human Resources,Low,Femme,31,High,2,Human Resources,Low,Single,14808,370200,6,0,47,Excellent,High,4,39,4,Bad,15,12,4,11,Senior,Grenoble
45,Yes,Non-Travel,1153,Software,23,Bachelor,Human Resources,Low,Homme,128,Medium,2,Developer,Very High,Married,23906,621556,6,1,20,Outstanding,Very High,4,13,5,Best,4,2,1,3,Adulte,Nantes
38,No,Travel_Frequently,733,Human Resources,24,College,Marketing,Low,Homme,144,High,5,Human Resources,Very High,Single,9223,212129,0,0,41,Excellent,Low,2,17,6,Better,6,5,5,3,Adulte,Marseille
60,Yes,Travel_Frequently,371,Hardware,7,Doctor,Technical Degree,Very High,Homme,142,Medium,5,Laboratory Technician,Medium,Single,9261,157437,4,1,27,Outstanding,High,3,35,3,Bad,22,20,13,14,Senior,Lille
50,No,Travel_Frequently,411,Hardware,38,Master,Human Resources,Medium,Femme,178,Low,2,Developer,Very High,Single,17253,465831,6,1,40,Bad,Low,1,20,6,Better,9,1,1,2,Senior,Lille
18,No,Non-Travel,1227,Software,50,Doctor,Human Resources,High,Homme,195,High,5,Laboratory Technician,Very High,Married,40116,802320,6,0,11,Bad,High,1,12,3,Best,2,1,1,1,Jeune,Nantes
19,Yes,Non-Travel,1416,Sales,31,Doctor,Technical Degree,Medium,Homme,33,Medium,4,Research Director,Medium,Single,3245,58410,8,0,49,Good,Very High,2,28,2,Good,4,3,4,2,Jeune,Lyon
46,No,Travel_Rarely,999,Support,22,College,Human Resources,Very High,Femme,102,Very High,4,Laboratory Technician,Low,Single,47708,1240408,4,1,38,Good,Low,1,32,3,Best,16,12,14,10,Senior,Grenoble
36,Yes,Non-Travel,927,Software,14,Below College,Life Sciences,Low,Femme,66,Medium,4,Human Resources,High,Married,49642,1042482,6,0,0,Excellent,Low,4,17,2,Best,9,6,7,7,Adulte,Nantes
60,No,Travel_Rarely,1073,Software,48,Below College,Other,Very High,Homme,49,Low,2,Healthcare Representative,High,Divorced,36799,331191,2,1,41,Excellent,High,3,7,1,Good,7,1,7,6,Senior,Nantes
49,Yes,Travel_Frequently,571,Sales,32,College,Human Resources,Low,Femme,56,High,4,Human Resources,Very High,Married,10082,282296,4,0,5,Good,Very High,1,24,4,Good,7,6,7,5,Senior,Lyon
34,No,Travel_Rarely,501,Hardware,31,College,Technical Degree,Very High,Femme,192,Very High,3,Research Director,Medium,Divorced,39851,836871,6,0,11,Outstanding,Low,2,25,4,Best,11,8,10,10,Adulte,Lille
29,Yes,Non-Travel,1479,Hardware,31,Doctor,Marketing,Low,Homme,73,Medium,3,Human Resources,Very High,Divorced,17380,347600,4,0,3,Bad,High,1,19,1,Better,17,16,15,9,Jeune,Lille
25,No,Travel_Frequently,952,Research & Development,47,College,Technical Degree,Very High,Homme,92,Very High,4,Healthcare Representative,Medium,Divorced,11242,112420,3,0,26,Good,Very High,2,19,5,Best,9,7,4,9,Jeune,Paris
60,Yes,Travel_Frequently,1383,Hardware,19,Bachelor,Other,Very High,Femme,75,Medium,4,Sales Representative,Low,Divorced,19833,337161,5,1,46,Excellent,Low,3,7,1,Better,5,1,3,2,Senior,Lille
51,Yes,Travel_Rarely,929,Software,36,Below College,Technical Degree,Medium,Femme,155,Very High,5,Sales Executive,High,Single,3703,99981,7,1,43,Outstanding,Medium,3,28,4,Bad,1,1,1,1,Senior,Nantes
44,Yes,Non-Travel,188,Support,8,College,Technical Degree,Low,Homme,174,High,1,Research Director,Very High,Single,31780,730940,0,1,1,Bad,High,2,24,2,Better,7,3,6,4,Adulte,Grenoble
23,No,Non-Travel,954,Sales,18,Bachelor,Medical,Low,Femme,81,Low,2,Sales Representative,High,Married,31678,126712,6,0,31,Outstanding,Medium,3,15,2,Good,1,1,1,1,Jeune,Lyon
54,Yes,Non-Travel,1198,Sales,8,Doctor,Human Resources,Low,Femme,158,High,2,Human Resources,High,Married,46861,1124664,0,0,20,Bad,High,4,33,5,Bad,27,22,26,10,Senior,Lyon
23,Yes,Travel_Rarely,1083,Hardware,45,College,Other,Very High,Femme,145,Very High,1,Human Resources,High,Divorced,38774,504062,1,0,32,Outstanding,Very High,2,4,4,Best,3,2,1,1,Jeune,Lille
52,No,Travel_Frequently,1108,Research & Development,14,Master,Marketing,Medium,Femme,147,Very High,4,Human Resources,Medium,Single,24906,572838,0,1,30,Bad,High,3,35,1,Best,15,7,2,15,Senior,Paris
36,No,Travel_Rarely,535,Software,31,College,Other,Low,Homme,92,High,5,Sales Representative,Medium,Divorced,49009,98018,6,1,17,Bad,Low,2,21,1,Better,3,3,3,1,Adulte,Nantes
18,Yes,Non-Travel,1486,Human Resources,40,College,Technical Degree,Low,Femme,32,Medium,5,Sales Executive,Low,Married,25893,621432,5,0,30,Good,High,1,33,5,Best,33,4,22,18,Jeune,Marseille
41,Yes,Travel_Rarely,1134,Software,8,College,Technical Degree,Medium,Homme,163,Low,1,Sales Representative,Low,Divorced,44035,396315,6,1,33,Outstanding,High,3,13,4,Bad,12,8,1,6,Adulte,Nantes
58,Yes,Travel_Rarely,535,Support,28,Bachelor,Human Resources,Medium,Femme,155,Very High,5,Healthcare Representative,Low,Single,26918,457606,6,0,20,Bad,Very High,3,17,1,Better,3,1,1,3,Senior,Grenoble
28,No,Travel_Frequently,1210,Research & Development,16,Doctor,Human Resources,Low,Homme,150,High,3,Human Resources,Low,Single,21019,84076,1,0,1,Good,Very High,4,39,3,Good,8,2,2,5,Jeune,Paris
56,Yes,Non-Travel,1338,Hardware,41,Doctor,Human Resources,Medium,Homme,120,Low,3,Laboratory Technician,Low,Single,20609,535834,7,0,21,Good,Low,4,34,2,Bad,27,13,22,25,Senior,Lille
49,Yes,Travel_Frequently,585,Hardware,8,Below College,Marketing,Very High,Femme,59,Very High,4,Sales Executive,Medium,Married,48388,1016148,1,1,23,Outstanding,Low,1,23,2,Best,4,4,4,1,Senior,Lille
38,No,Travel_Rarely,304,Human Resources,8,College,Other,Low,Homme,174,Low,1,Healthcare Representative,Very High,Divorced,5918,130196,2,0,26,Excellent,Very High,1,35,2,Bad,20,20,7,10,Adulte,Marseille
21,No,Travel_Rarely,1188,Human Resources,42,Bachelor,Medical,Low,Femme,77,Medium,5,Healthcare Representative,Very High,Married,49098,932862,6,1,33,Bad,Low,3,17,5,Bad,10,6,10,10,Jeune,Marseille
23,No,Travel_Rarely,1120,Hardware,49,Master,Other,High,Femme,48,Low,3,Developer,Medium,Divorced,44741,536892,0,1,41,Outstanding,High,1,3,1,Bad,2,1,1,2,Jeune,Lille
51,No,Non-Travel,794,Sales,25,College,Technical Degree,Medium,Homme,82,Low,1,Healthcare Representative,High,Single,3638,54570,2,1,37,Bad,Low,2,1,5,Best,1,1,1,1,Senior,Lyon
35,No,Non-Travel,403,Human Resources,20,Master,Technical Degree,Very High,Homme,156,High,5,Manufacturing Director,Medium,Divorced,20288,284032,8,0,12,Good,Medium,4,29,2,Good,19,4,7,4,Adulte,Marseille
47,Yes,Non-Travel,172,Research & Development,6,Doctor,Medical,Low,Homme,68,Low,1,Developer,Medium,Married,27454,356902,6,1,33,Outstanding,Low,3,30,1,Best,5,5,5,5,Senior,Paris
25,No,Travel_Rarely,876,Research & Development,46,College,Life Sciences,Very High,Femme,110,High,1,Manufacturing Director,High,Married,45659,1004498,5,0,17,Bad,Very High,4,8,2,Best,7,4,5,4,Jeune,Paris
30,No,Travel_Rarely,828,Support,4,Below College,Life Sciences,Low,Homme,109,Medium,4,Developer,High,Married,39958,919034,7,1,6,Excellent,Medium,2,17,1,Best,12,7,1,11,Jeune,Grenoble
40,Yes,Travel_Rarely,358,Research & Development,30,Below College,Human Resources,Low,Homme,54,Medium,3,Sales Representative,High,Divorced,33538,670760,1,1,12,Outstanding,Low,1,12,2,Better,12,11,9,12,Adulte,Paris
35,Yes,Travel_Frequently,292,Human Resources,38,Bachelor,Human Resources,Medium,Homme,110,Medium,2,Human Resources,High,Divorced,4841,140389,2,1,36,Good,Medium,1,24,3,Good,12,6,6,7,Adulte,Marseille
31,Yes,Travel_Frequently,484,Support,10,College,Life Sciences,Medium,Femme,34,High,5,Human Resources,Low,Married,50473,656149,2,1,30,Excellent,High,4,37,5,Good,11,7,3,1,Adulte,Grenoble
48,No,Travel_Frequently,688,Software,38,College,Medical,High,Femme,115,High,3,Research Director,Low,Married,33858,914166,7,0,14,Outstanding,High,4,40,2,Good,3,1,2,3,Senior,Nantes
56,No,Travel_Rarely,961,Hardware,11,Master,Other,Medium,Homme,69,Low,2,Human Resources,Low,Single,41649,249894,1,1,37,Bad,Medium,1,27,3,Good,20,17,10,12,Senior,Lille
40,No,Non-Travel,399,Research & Development,11,Doctor,Human Resources,Medium,Femme,131,Low,3,Developer,High,Married,8771,17542,7,1,9,Excellent,Very High,1,24,4,Best,4,2,3,1,Adulte,Paris
51,Yes,Non-Travel,155,Sales,31,Doctor,Medical,High,Homme,188,Very High,1,Research Director,Medium,Single,24621,566283,6,1,20,Bad,Medium,4,25,5,Best,14,7,1,11,Senior,Lyon
58,No,Travel_Frequently,673,Hardware,17,Master,Human Resources,High,Homme,165,Low,4,Developer,Very High,Married,38655,695790,4,1,18,Excellent,Medium,2,22,5,Bad,18,7,11,17,Senior,Lille
53,Yes,Travel_Rarely,744,Research & Development,10,Doctor,Medical,Very High,Homme,77,Low,5,Manufacturing Director,Medium,Divorced,12916,284152,8,0,6,Outstanding,Low,3,4,6,Good,1,1,1,1,Senior,Paris
23,No,Travel_Rarely,503,Research & Development,23,Bachelor,Life Sciences,Very High,Femme,186,Medium,5,Research Director,Medium,Married,32232,547944,2,0,21,Excellent,High,1,16,1,Better,5,5,1,4,Jeune,Paris
24,Yes,Travel_Frequently,1291,Human Resources,25,Bachelor,Marketing,Very High,Homme,94,Medium,3,Healthcare Representative,Very High,Married,42967,558571,2,0,38,Excellent,Medium,2,13,3,Better,12,2,1,12,Jeune,Marseille
30,Yes,Non-Travel,1093,Hardware,35,Master,Life Sciences,Very High,Femme,117,Very High,1,Sales Executive,High,Divorced,27441,384174,1,1,26,Excellent,Medium,2,31,4,Best,30,15,18,28,Jeune,Lille
47,Yes,Travel_Rarely,1213,Sales,30,Below College,Medical,Low,Homme,132,High,5,Developer,Very High,Divorced,40294,402940,1,0,37,Excellent,Medium,3,16,5,Better,8,3,2,5,Senior,Lyon
60,Yes,Travel_Frequently,968,Software,33,College,Life Sciences,Low,Homme,179,Very High,3,Sales Representative,Medium,Single,32913,427869,5,0,32,Good,High,4,10,5,Bad,5,2,4,3,Senior,Nantes
20,Yes,Travel_Rarely,681,Sales,30,College,Technical Degree,High,Femme,56,Low,1,Manufacturing Director,Very High,Married,23390,350850,0,1,19,Good,Very High,3,29,5,Best,14,5,11,1,Jeune,Lyon
37,Yes,Travel_Rarely,935,Human Resources,10,Bachelor,Life Sciences,High,Femme,45,Very High,4,Research Scientist,Low,Single,48555,728325,8,1,42,Good,Medium,2,38,5,Good,4,1,3,3,Adulte,Marseille
34,Yes,Non-Travel,1220,Research & Development,21,Master,Technical Degree,High,Femme,151,Low,5,Sales Representative,High,Single,6236,143428,4,0,45,Good,Very High,2,36,6,Better,24,10,5,17,Adulte,Paris
57,No,Travel_Rarely,647,Research & Development,18,Below College,Other,Very High,Homme,138,Very High,3,Manager,High,Single,44917,134751,1,0,43,Outstanding,Medium,4,26,1,Good,15,7,12,12,Senior,Paris
23,Yes,Travel_Frequently,461,Sales,2,College,Medical,High,Homme,103,High,1,Manager,Medium,Married,22883,549192,1,0,17,Good,High,4,32,1,Bad,14,10,4,12,Jeune,Lyon
57,No,Non-Travel,1080,Sales,18,Doctor,Technical Degree,Very High,Homme,191,Medium,5,Manager,High,Divorced,43545,174180,6,1,16,Good,High,2,29,3,Good,12,1,11,8,Senior,Lyon
56,No,Travel_Rarely,1497,Hardware,36,Below College,Life Sciences,Very High,Homme,159,Very High,4,Sales Representative,High,Divorced,10045,210945,7,0,13,Excellent,Low,1,15,3,Better,9,4,9,9,Senior,Lille
22,No,Travel_Rarely,978,Support,34,Bachelor,Marketing,High,Homme,191,Low,5,Sales Representative,Medium,Married,2983,80541,6,1,3,Bad,High,4,20,2,Best,12,5,11,10,Jeune,Grenoble
23,Yes,Travel_Rarely,213,Hardware,25,Below College,Human Resources,Low,Homme,165,Low,4,Laboratory Technician,Very High,Single,46141,276846,3,0,1,Good,High,3,12,1,Better,3,3,3,1,Jeune,Lille
43,No,Non-Travel,870,Human Resources,43,Master,Technical Degree,Very High,Femme,114,Medium,3,Research Scientist,Low,Married,27642,331704,5,1,22,Outstanding,Low,3,9,6,Good,7,7,1,2,Adulte,Marseille
57,No,Travel_Frequently,1130,Research & Development,1,Doctor,Technical Degree,Medium,Femme,58,Low,3,Manufacturing Director,Medium,Single,7711,123376,0,1,11,Excellent,Medium,4,17,3,Best,7,7,4,2,Senior,Paris
58,Yes,Travel_Frequently,621,Support,42,Bachelor,Medical,Medium,Homme,71,Low,1,Manufacturing Director,Low,Divorced,29201,846829,4,0,42,Good,Medium,1,5,4,Better,4,3,3,1,Senior,Grenoble
32,Yes,Travel_Rarely,623,Support,37,Bachelor,Marketing,Low,Homme,128,Low,4,Manager,Medium,Married,16660,233240,6,0,10,Excellent,Low,4,34,4,Bad,9,7,2,4,Adulte,Grenoble
48,Yes,Travel_Frequently,619,Software,28,Master,Human Resources,Low,Femme,90,Very High,5,Developer,Medium,Divorced,32729,360019,7,1,29,Bad,Very High,2,20,2,Better,6,3,6,6,Senior,Nantes
21,Yes,Non-Travel,1387,Human Resources,42,College,Marketing,Low,Homme,133,High,5,Human Resources,Very High,Divorced,14257,14257,5,0,45,Bad,Very High,1,39,4,Best,22,10,19,8,Jeune,Marseille
60,Yes,Non-Travel,250,Support,5,Doctor,Medical,High,Femme,34,High,4,Sales Representative,Low,Single,32235,161175,4,0,47,Bad,Low,2,37,1,Better,15,1,8,3,Senior,Grenoble
33,No,Travel_Frequently,476,Hardware,18,Bachelor,Other,Very High,Femme,94,Very High,3,Sales Representative,Very High,Single,10329,82632,7,0,29,Outstanding,Very High,1,37,5,Better,34,5,3,20,Adulte,Lille
52,Yes,Travel_Frequently,283,Hardware,3,College,Medical,Low,Homme,175,Low,1,Human Resources,High,Married,12807,256140,2,0,48,Excellent,Medium,2,1,5,Better,1,1,1,1,Senior,Lille
26,Yes,Travel_Frequently,1500,Software,30,Below College,Life Sciences,Very High,Femme,52,Very High,3,Human Resources,Medium,Married,18585,297360,5,1,3,Good,Medium,2,3,5,Best,1,1,1,1,Jeune,Nantes
28,No,Non-Travel,696,Research & Development,32,Doctor,Other,Medium,Femme,104,Low,3,Human Resources,Very High,Married,19042,304672,3,1,19,Excellent,Medium,4,2,2,Best,1,1,1,1,Jeune,Paris
54,No,Non-Travel,1017,Support,35,College,Other,Medium,Homme,178,High,1,Developer,High,Married,1521,15210,7,1,21,Excellent,Medium,1,20,3,Good,12,12,3,8,Senior,Grenoble
26,Yes,Travel_Frequently,1275,Software,17,Doctor,Human Resources,High,Femme,157,Low,2,Manufacturing Director,Very High,Single,11963,227297,2,1,38,Excellent,Medium,1,25,6,Better,24,6,18,24,Jeune,Nantes
49,No,Travel_Rarely,388,Research & Development,39,Master,Other,Low,Femme,131,Low,4,Research Scientist,Low,Divorced,10817,108170,8,1,23,Outstanding,Very High,1,39,5,Best,29,12,23,14,Senior,Paris
41,No,Travel_Rarely,1430,Human Resources,47,Master,Other,Medium,Homme,56,Low,1,Sales Executive,Low,Married,19085,438955,6,0,33,Excellent,Very High,3,13,3,Better,13,3,12,13,Adulte,Marseille
56,No,Travel_Rarely,850,Support,10,Doctor,Human Resources,Low,Femme,172,Very High,2,Developer,Medium,Married,21692,607376,3,1,20,Bad,High,3,19,4,Bad,1,1,1,1,Senior,Grenoble
40,No,Travel_Frequently,227,Research & Development,30,Master,Other,Very High,Homme,65,Low,4,Healthcare Representative,High,Married,44843,448430,0,1,24,Outstanding,High,1,23,6,Good,22,10,14,15,Adulte,Paris
47,No,Non-Travel,142,Software,6,Doctor,Human Resources,High,Femme,91,Very High,3,Laboratory Technician,High,Single,22137,154959,2,1,18,Good,High,2,15,1,Bad,6,1,1,1,Senior,Nantes
34,No,Travel_Frequently,813,Support,17,Below College,Other,Very High,Homme,111,Low,3,Manufacturing Director,Medium,Divorced,21057,610653,8,1,11,Excellent,Very High,2,23,1,Better,19,13,19,8,Adulte,Grenoble
29,Yes,Non-Travel,991,Sales,38,Bachelor,Technical Degree,High,Femme,111,Very High,4,Healthcare Representative,Medium,Single,30469,609380,0,1,44,Good,High,2,32,6,Bad,6,5,5,2,Jeune,Lyon
47,Yes,Travel_Rarely,1312,Hardware,27,Below College,Marketing,Low,Homme,43,High,5,Manager,Medium,Married,39619,1148951,7,0,23,Outstanding,Low,3,38,4,Good,22,10,11,2,Senior,Lille
44,No,Non-Travel,1445,Research & Development,22,Below College,Other,Very High,Femme,59,Medium,4,Developer,High,Divorced,27140,379960,6,1,18,Outstanding,High,1,40,2,Bad,15,1,1,14,Adulte,Paris
54,No,Non-Travel,881,Software,41,Master,Human Resources,Low,Femme,150,Very High,4,Laboratory Technician,Low,Divorced,22100,486200,7,0,8,Good,Very High,1,5,3,Bad,3,3,2,3,Senior,Nantes
25,No,Travel_Rarely,475,Hardware,27,Master,Marketing,Low,Femme,194,Medium,5,Research Director,Medium,Single,49248,738720,4,0,13,Good,Very High,2,21,2,Bad,16,14,3,11,Jeune,Lille
53,No,Travel_Frequently,902,Research & Development,37,College,Marketing,Medium,Femme,83,High,1,Laboratory Technician,Very High,Single,43455,912555,5,1,45,Good,High,1,8,1,Better,4,2,2,4,Senior,Paris
58,No,Travel_Frequently,754,Software,17,Bachelor,Other,High,Homme,93,Very High,1,Sales Executive,Low,Divorced,8672,190784,2,1,21,Bad,Medium,4,18,2,Bad,6,6,2,2,Senior,Nantes
55,Yes,Travel_Frequently,1287,Software,50,College,Technical Degree,Medium,Homme,153,High,5,Sales Executive,Medium,Married,39520,553280,8,0,13,Good,Medium,1,16,4,Best,11,11,10,5,Senior,Nantes
25,Yes,Travel_Frequently,703,Human Resources,46,Master,Other,Low,Homme,68,Very High,1,Manufacturing Director,High,Married,7287,174888,8,0,35,Outstanding,High,4,12,6,Good,8,6,2,7,Jeune,Marseille
53,Yes,Non-Travel,590,Hardware,14,Bachelor,Medical,High,Femme,160,High,1,Sales Representative,Medium,Married,40479,445269,7,0,41,Outstanding,High,2,5,3,Best,4,4,4,3,Senior,Lille
38,Yes,Travel_Rarely,431,Software,17,Bachelor,Life Sciences,Medium,Homme,80,Medium,5,Manager,High,Married,35176,633168,8,0,7,Outstanding,High,1,6,3,Better,2,1,2,1,Adulte,Nantes
47,No,Non-Travel,591,Research & Development,26,Doctor,Medical,Low,Homme,179,High,1,Manager,High,Divorced,35007,980196,7,0,11,Excellent,High,4,1,3,Good,1,1,1,1,Senior,Paris
32,No,Non-Travel,352,Research & Development,38,Master,Technical Degree,Very High,Homme,198,Medium,3,Sales Executive,High,Married,50297,50297,4,1,49,Excellent,Very High,1,40,4,Better,10,4,5,4,Adulte,Paris
53,Yes,Non-Travel,952,Sales,38,Doctor,Life Sciences,Low,Homme,50,Medium,4,Human Resources,Medium,Single,32250,838500,1,0,25,Excellent,Low,4,33,1,Good,10,7,6,6,Senior,Lyon
27,No,Travel_Frequently,1016,Human Resources,16,College,Human Resources,High,Homme,194,Very High,4,Manufacturing Director,Low,Single,50531,252655,5,0,20,Excellent,Medium,4,27,5,Better,16,6,13,7,Jeune,Marseille
44,No,Non-Travel,702,Research & Development,26,Master,Human Resources,High,Homme,44,High,3,Manufacturing Director,Low,Single,1357,39353,3,0,6,Excellent,Low,4,1,6,Better,1,1,1,1,Adulte,Paris
48,Yes,Non-Travel,421,Support,44,Bachelor,Human Resources,Very High,Femme,43,Medium,4,Sales Executive,Very High,Divorced,11541,138492,0,0,39,Outstanding,High,1,24,2,Better,1,1,1,1,Senior,Grenoble
22,Yes,Travel_Rarely,1265,Support,20,College,Marketing,Very High,Homme,59,High,2,Manufacturing Director,Medium,Married,30729,338019,1,1,2,Good,Very High,1,6,2,Best,4,1,3,3,Jeune,Grenoble
36,No,Travel_Frequently,857,Software,2,Master,Human Resources,Low,Homme,194,Low,5,Sales Executive,High,Divorced,26403,607269,0,1,0,Bad,High,1,13,1,Good,2,1,2,1,Adulte,Nantes
19,Yes,Travel_Frequently,469,Human Resources,23,Doctor,Medical,Low,Femme,63,Medium,1,Sales Executive,Very High,Divorced,11687,222053,2,1,8,Outstanding,Very High,3,15,5,Good,11,10,11,10,Jeune,Marseille
55,Yes,Travel_Rarely,1241,Software,39,Doctor,Marketing,Medium,Femme,198,Very High,5,Research Director,High,Single,45421,1135525,1,0,47,Good,Low,4,20,2,Best,10,1,2,6,Senior,Nantes
28,Yes,Travel_Frequently,970,Sales,24,Master,Life Sciences,High,Femme,78,Very High,3,Laboratory Technician,Medium,Divorced,13743,54972,2,1,16,Good,Low,2,15,3,Bad,2,1,2,1,Jeune,Lyon
56,No,Travel_Frequently,291,Human Resources,50,Below College,Life Sciences,Very High,Homme,144,Low,5,Research Director,Low,Single,27083,216664,6,1,44,Good,Low,3,37,3,Good,13,8,2,6,Senior,Marseille
41,Yes,Non-Travel,817,Sales,10,Bachelor,Other,Low,Homme,128,Medium,4,Research Director,Medium,Divorced,31155,436170,4,0,33,Outstanding,Low,3,23,6,Better,22,15,6,4,Adulte,Lyon
60,No,Travel_Rarely,1221,Support,30,College,Medical,High,Femme,139,Low,2,Human Resources,Medium,Single,23578,141468,5,1,14,Excellent,Low,4,31,1,Better,9,9,3,7,Senior,Grenoble
33,No,Travel_Rarely,1491,Support,2,College,Human Resources,Medium,Femme,51,High,5,Sales Executive,Very High,Divorced,42961,601454,7,0,47,Excellent,Very High,3,35,1,Better,2,1,1,2,Adulte,Grenoble
38,Yes,Travel_Rarely,568,Human Resources,33,Doctor,Technical Degree,Very High,Homme,141,Low,3,Healthcare Representative,Low,Single,36832,331488,4,1,15,Excellent,Very High,2,35,4,Bad,21,7,19,13,Adulte,Marseille
42,No,Travel_Rarely,445,Sales,10,Below College,Human Resources,Medium,Homme,32,High,5,Research Director,Very High,Divorced,41179,1235370,2,1,12,Excellent,Very High,2,31,3,Best,4,4,2,1,Adulte,Lyon
58,Yes,Travel_Frequently,158,Support,20,Bachelor,Medical,Low,Femme,107,Low,2,Manufacturing Director,Very High,Married,43481,1087025,8,1,22,Bad,Very High,3,39,5,Good,23,8,9,17,Senior,Grenoble
53,No,Travel_Frequently,1396,Hardware,36,College,Life Sciences,Low,Homme,143,Low,3,Sales Representative,High,Single,44355,931455,8,0,39,Excellent,Low,3,16,6,Best,5,5,4,1,Senior,Lille
58,No,Travel_Frequently,330,Software,31,Bachelor,Life Sciences,Very High,Femme,85,Medium,3,Human Resources,Low,Married,49729,1342683,3,0,19,Outstanding,High,2,14,3,Good,5,4,1,3,Senior,Nantes
60,Yes,Travel_Rarely,261,Software,10,Doctor,Marketing,Medium,Femme,163,Very High,2,Developer,Low,Single,26155,496945,8,1,19,Excellent,Very High,3,39,4,Best,9,5,2,7,Senior,Nantes
47,No,Travel_Frequently,1489,Research & Development,33,Master,Other,Low,Femme,141,Low,1,Research Scientist,Low,Divorced,49526,445734,8,1,6,Outstanding,Medium,4,38,5,Bad,31,3,31,13,Senior,Paris
25,No,Non-Travel,317,Research & Development,4,Bachelor,Technical Degree,Medium,Homme,97,High,5,Manufacturing Director,Medium,Single,1175,27025,8,0,20,Good,Medium,3,16,5,Good,12,6,12,4,Jeune,Paris
18,Yes,Travel_Rarely,842,Human Resources,21,Doctor,Technical Degree,High,Femme,182,Low,2,Healthcare Representative,High,Divorced,22007,242077,2,0,49,Good,Medium,4,40,5,Best,38,15,27,24,Jeune,Marseille
25,Yes,Travel_Frequently,1175,Research & Development,46,Bachelor,Technical Degree,Low,Femme,32,High,3,Research Director,Very High,Single,22676,408168,5,1,5,Excellent,High,4,20,6,Best,18,5,15,6,Jeune,Paris
19,No,Travel_Frequently,886,Sales,47,Master,Life Sciences,Very High,Femme,161,Low,2,Developer,Very High,Divorced,16622,116354,8,0,20,Excellent,Medium,1,3,6,Good,2,1,1,1,Jeune,Lyon
60,Yes,Travel_Frequently,415,Research & Development,43,Master,Human Resources,Low,Homme,170,Very High,2,Healthcare Representative,Low,Married,9413,254151,4,0,5,Bad,Medium,3,23,3,Good,7,3,1,5,Senior,Paris
41,Yes,Non-Travel,367,Research & Development,13,Master,Medical,Low,Homme,117,Medium,2,Laboratory Technician,High,Married,36902,442824,1,0,35,Outstanding,Medium,4,25,6,Best,22,11,4,3,Adulte,Paris
28,Yes,Travel_Frequently,836,Support,7,Bachelor,Other,Low,Homme,89,Medium,5,Research Director,High,Married,31253,250024,6,1,1,Bad,High,3,28,5,Good,15,14,9,3,Jeune,Grenoble
38,No,Travel_Frequently,420,Sales,46,Below College,Marketing,Low,Homme,114,Very High,5,Sales Executive,Medium,Single,46293,1064739,0,1,25,Bad,Low,2,28,4,Good,26,9,2,3,Adulte,Lyon
40,Yes,Travel_Frequently,1194,Sales,36,Doctor,Medical,High,Homme,64,Medium,2,Sales Representative,Medium,Divorced,45775,503525,8,1,43,Outstanding,Low,2,31,1,Good,18,12,11,14,Adulte,Lyon
30,No,Travel_Rarely,1494,Hardware,8,Master,Other,High,Femme,150,Medium,2,Research Director,High,Married,31998,415974,4,1,9,Good,High,1,13,3,Better,3,1,1,1,Jeune,Lille
38,Yes,Travel_Rarely,529,Sales,49,Doctor,Human Resources,High,Homme,152,High,5,Sales Representative,Medium,Divorced,40530,972720,5,1,22,Good,Very High,4,1,2,Better,1,1,1,1,Adulte,Lyon
35,Yes,Travel_Frequently,659,Software,31,Master,Marketing,Very High,Femme,148,High,4,Manager,High,Divorced,25267,682209,8,1,34,Outstanding,Medium,1,30,1,Good,21,4,3,11,Adulte,Nantes
24,No,Travel_Rarely,263,Hardware,10,Doctor,Human Resources,Medium,Femme,119,Low,2,Manufacturing Director,Medium,Divorced,48150,1251900,2,1,42,Bad,Medium,1,3,3,Bad,1,1,1,1,Jeune,Lille
39,No,Travel_Frequently,619,Research & Development,16,Below College,Technical Degree,Medium,Femme,41,Low,1,Manager,Medium,Divorced,39067,312536,0,1,31,Excellent,High,1,27,1,Bad,20,16,18,16,Adulte,Paris
22,No,Travel_Frequently,1214,Software,23,Bachelor,Other,Medium,Homme,119,High,4,Research Scientist,Medium,Single,14004,350100,8,1,1,Bad,Very High,2,6,5,Good,1,1,1,1,Jeune,Nantes
40,No,Travel_Rarely,119,Human Resources,45,Doctor,Marketing,Low,Femme,150,High,3,Developer,Medium,Single,46571,279426,0,1,19,Good,Low,4,29,2,Good,9,9,1,6,Adulte,Marseille
27,No,Non-Travel,1463,Research & Development,42,Below College,Other,Very High,Femme,155,Medium,5,Sales Representative,Medium,Married,8574,205776,4,1,43,Outstanding,Medium,4,9,3,Best,4,2,2,3,Jeune,Paris
19,No,Non-Travel,170,Software,36,Below College,Life Sciences,High,Femme,53,High,5,Sales Representative,Medium,Married,36412,946712,5,1,33,Excellent,Very High,1,14,4,Bad,7,7,7,3,Jeune,Nantes
28,Yes,Non-Travel,1308,Support,16,Bachelor,Other,Low,Femme,192,High,2,Manufacturing Director,Medium,Married,39247,588705,1,1,17,Outstanding,Very High,2,21,3,Best,14,6,2,4,Jeune,Grenoble
41,Yes,Travel_Rarely,674,Support,8,Doctor,Life Sciences,High,Homme,181,High,3,Research Director,Medium,Single,43123,1121198,2,0,35,Outstanding,Very High,4,29,6,Best,9,1,9,3,Adulte,Grenoble
31,Yes,Travel_Frequently,918,Research & Development,32,Doctor,Life Sciences,High,Homme,70,Medium,1,Manufacturing Director,Low,Single,28706,28706,2,1,20,Good,Low,3,8,6,Best,2,2,2,1,Adulte,Paris
47,No,Travel_Rarely,188,Sales,1,Bachelor,Other,Very High,Homme,135,Low,4,Sales Representative,Low,Married,13717,233189,2,1,15,Outstanding,Medium,4,38,5,Bad,11,3,5,5,Senior,Lyon
28,No,Non-Travel,439,Sales,2,Bachelor,Medical,Low,Homme,135,Medium,3,Research Scientist,High,Married,39618,1069686,4,0,1,Good,Medium,4,6,5,Bad,3,3,3,3,Jeune,Lyon
20,No,Travel_Frequently,702,Software,17,Doctor,Technical Degree,High,Femme,104,High,1,Research Director,Low,Single,33831,33831,7,0,0,Good,Low,4,5,1,Bad,4,3,4,3,Jeune,Nantes
34,Yes,Travel_Rarely,1466,Support,34,Below College,Life Sciences,Low,Homme,135,Very High,5,Sales Representative,Medium,Married,37790,831380,2,0,27,Excellent,Medium,4,38,6,Good,11,2,3,7,Adulte,Grenoble
50,Yes,Travel_Rarely,1454,Research & Development,29,College,Other,Very High,Femme,158,Medium,3,Manager,Medium,Divorced,49384,444456,1,0,15,Bad,Low,1,39,6,Best,10,5,2,2,Senior,Paris
18,No,Travel_Frequently,728,Research & Development,5,Master,Human Resources,Very High,Femme,96,High,4,Laboratory Technician,Very High,Single,48490,581880,5,0,42,Excellent,Very High,3,18,6,Good,5,2,2,2,Jeune,Paris
49,Yes,Non-Travel,1190,Human Resources,8,Bachelor,Marketing,Medium,Femme,98,High,5,Human Resources,Low,Single,32178,965340,0,1,44,Good,Low,4,39,5,Bad,37,34,27,12,Senior,Marseille
43,No,Non-Travel,808,Sales,4,Master,Other,Medium,Homme,137,Very High,2,Human Resources,Very High,Single,23127,393159,4,1,23,Good,Very High,1,31,4,Good,5,2,2,2,Adulte,Lyon
49,No,Travel_Frequently,563,Support,46,Doctor,Technical Degree,Medium,Femme,35,High,3,Laboratory Technician,Medium,Married,50380,604560,1,1,36,Excellent,Low,3,6,3,Good,4,2,2,1,Senior,Grenoble
54,No,Non-Travel,1431,Sales,31,College,Medical,High,Femme,120,Medium,3,Sales Executive,Low,Divorced,45961,919220,0,0,18,Excellent,High,2,22,5,Better,15,1,1,9,Senior,Lyon
50,No,Travel_Rarely,990,Software,33,Doctor,Human Resources,High,Homme,200,Low,3,Human Resources,High,Single,17325,121275,0,0,16,Excellent,Medium,2,4,5,Best,1,1,1,1,Senior,Nantes
59,No,Non-Travel,1040,Software,8,Master,Medical,High,Femme,104,Medium,1,Healthcare Representative,Very High,Divorced,23045,161315,3,1,2,Bad,High,2,16,5,Bad,7,6,1,1,Senior,Nantes
37,No,Travel_Frequently,761,Hardware,13,College,Marketing,Medium,Femme,49,Medium,5,Manufacturing Director,Medium,Married,4581,32067,1,1,34,Outstanding,Low,4,39,5,Bad,9,3,4,9,Adulte,Lille
36,Yes,Travel_Rarely,930,Sales,3,Bachelor,Medical,Very High,Homme,34,High,2,Sales Executive,Medium,Single,8079,145422,1,0,24,Excellent,High,4,33,5,Best,11,3,11,8,Adulte,Lyon
39,No,Travel_Frequently,820,Support,39,Doctor,Human Resources,High,Homme,58,Medium,3,Sales Executive,Low,Married,17699,106194,7,1,7,Good,Low,2,8,6,Best,1,1,1,1,Adulte,Grenoble
46,Yes,Travel_Rarely,307,Hardware,45,College,Life Sciences,High,Homme,44,Very High,5,Sales Executive,High,Divorced,32365,906220,2,1,31,Good,Medium,3,31,2,Best,27,14,15,4,Senior,Lille
31,No,Travel_Frequently,714,Hardware,21,College,Human Resources,Medium,Homme,195,Very High,5,Healthcare Representative,Low,Divorced,45613,684195,0,0,18,Excellent,Medium,2,21,6,Better,18,8,12,1,Adulte,Lille
18,Yes,Travel_Frequently,475,Sales,17,Bachelor,Technical Degree,High,Femme,69,Medium,3,Laboratory Technician,High,Single,18555,315435,1,0,30,Good,Low,4,22,3,Bad,7,6,2,5,Jeune,Lyon
34,No,Travel_Frequently,617,Support,25,Master,Human Resources,Low,Homme,87,High,3,Sales Executive,High,Married,7089,148869,5,0,30,Outstanding,Very High,3,13,5,Bad,7,6,2,7,Adulte,Grenoble
27,Yes,Non-Travel,222,Sales,26,College,Other,Low,Femme,70,Very High,3,Healthcare Representative,Medium,Single,20371,264823,8,0,8,Good,Medium,1,35,3,Best,2,1,2,2,Jeune,Lyon
58,No,Non-Travel,442,Research & Development,44,College,Life Sciences,Medium,Homme,85,Low,1,Research Scientist,High,Divorced,30200,392600,7,1,22,Bad,Medium,3,20,5,Bad,12,7,6,3,Senior,Paris
58,No,Non-Travel,1276,Human Resources,5,Doctor,Other,Medium,Homme,147,High,2,Sales Executive,High,Divorced,42989,128967,2,0,35,Bad,Very High,3,39,4,Bad,17,17,6,6,Senior,Marseille
24,No,Non-Travel,1441,Hardware,2,Bachelor,Technical Degree,High,Homme,118,High,2,Research Director,High,Divorced,13237,79422,1,0,22,Bad,High,1,18,1,Good,7,2,1,4,Jeune,Lille
29,Yes,Travel_Rarely,1035,Research & Development,27,College,Other,Medium,Femme,59,Medium,3,Sales Executive,Medium,Divorced,11278,101502,2,1,35,Outstanding,Very High,1,29,6,Better,26,23,16,1,Jeune,Paris
52,No,Non-Travel,596,Software,11,College,Other,Medium,Homme,87,Very High,4,Laboratory Technician,Medium,Single,28005,504090,8,0,25,Outstanding,Medium,2,21,2,Bad,8,5,5,1,Senior,Nantes
32,No,Non-Travel,535,Research & Development,13,Master,Technical Degree,Very High,Femme,75,Very High,2,Laboratory Technician,High,Single,15580,280440,1,1,48,Excellent,Very High,4,16,4,Good,10,8,1,9,Adulte,Paris
25,Yes,Travel_Frequently,725,Research & Development,12,Master,Technical Degree,Low,Homme,123,Low,4,Sales Representative,Very High,Married,38937,895551,7,1,44,Excellent,Very High,3,20,4,Bad,7,2,3,6,Jeune,Paris
29,No,Travel_Rarely,1343,Hardware,38,Doctor,Technical Degree,Very High,Femme,30,Low,1,Healthcare Representative,High,Divorced,27204,54408,5,1,38,Good,Low,4,38,5,Best,22,17,13,13,Jeune,Lille
37,Yes,Travel_Rarely,683,Research & Development,31,Doctor,Marketing,Medium,Femme,113,High,5,Healthcare Representative,High,Divorced,23973,407541,5,0,46,Good,Medium,4,26,4,Better,14,13,4,7,Adulte,Paris
24,Yes,Travel_Frequently,449,Research & Development,39,Master,Human Resources,Low,Homme,118,High,2,Manager,Medium,Married,38352,383520,3,1,21,Excellent,Medium,3,36,6,Better,36,21,34,18,Jeune,Paris
28,Yes,Non-Travel,485,Hardware,22,Below College,Other,Low,Femme,145,High,2,Manager,Very High,Single,45623,1231821,6,0,12,Excellent,Very High,4,19,2,Best,3,3,1,3,Jeune,Lille
49,No,Travel_Frequently,960,Human Resources,45,Below College,Medical,High,Homme,59,Low,1,Sales Representative,Very High,Divorced,43632,218160,6,1,20,Excellent,Low,1,8,1,Good,7,7,2,5,Senior,Marseille
48,No,Travel_Rarely,449,Sales,43,Master,Other,Medium,Femme,167,Very High,5,Sales Representative,Low,Divorced,33176,132704,3,0,43,Bad,Very High,1,9,4,Good,5,1,2,4,Senior,Lyon
31,Yes,Non-Travel,742,Sales,38,College,Human Resources,Low,Homme,76,Very High,3,Sales Representative,Very High,Single,42869,1114594,0,0,46,Good,Very High,4,31,5,Better,27,13,6,10,Adulte,Lyon
34,No,Travel_Frequently,466,Sales,19,Doctor,Medical,Very High,Homme,89,Medium,3,Laboratory Technician,High,Divorced,49467,1137741,4,1,22,Good,Low,2,34,6,Best,34,3,29,32,Adulte,Lyon
41,No,Non-Travel,1331,Research & Development,6,Doctor,Human Resources,Low,Homme,61,Low,1,Developer,Low,Single,7386,162492,5,1,12,Excellent,High,3,5,5,Best,3,2,3,1,Adulte,Paris
24,Yes,Travel_Rarely,203,Support,14,Master,Human Resources,Low,Homme,68,High,1,Sales Executive,Medium,Single,28158,506844,1,0,30,Bad,Medium,1,35,2,Better,29,19,24,7,Jeune,Grenoble
33,Yes,Travel_Frequently,1358,Support,37,Bachelor,Human Resources,Medium,Homme,116,Very High,5,Manager,Medium,Divorced,14456,231296,0,1,24,Outstanding,High,4,31,4,Better,1,1,1,1,Adulte,Grenoble
23,No,Travel_Frequently,1449,Support,23,Below College,Life Sciences,Very High,Homme,72,High,1,Sales Representative,Low,Married,29969,749225,2,1,2,Excellent,Medium,2,13,6,Bad,12,6,11,3,Jeune,Grenoble
39,Yes,Travel_Frequently,697,Hardware,49,Bachelor,Human Resources,Medium,Homme,128,Very High,3,Manufacturing Director,Low,Divorced,17097,393231,3,1,39,Excellent,High,3,16,5,Best,1,1,1,1,Adulte,Lille
23,No,Travel_Frequently,1499,Support,11,Bachelor,Other,Low,Femme,84,High,3,Research Director,High,Married,28778,431670,4,1,2,Excellent,Very High,4,34,1,Good,16,10,10,4,Jeune,Grenoble
59,Yes,Travel_Rarely,1301,Human Resources,9,Bachelor,Other,Medium,Femme,107,Very High,5,Manufacturing Director,Medium,Single,28915,173490,1,0,32,Outstanding,Very High,4,10,5,Best,3,3,1,2,Senior,Marseille
53,Yes,Travel_Frequently,501,Hardware,11,Master,Other,Very High,Homme,134,High,5,Research Scientist,Very High,Divorced,1055,14770,5,0,16,Good,Low,3,24,5,Better,5,3,3,2,Senior,Lille
30,Yes,Non-Travel,812,Human Resources,31,Doctor,Human Resources,Low,Femme,59,High,5,Manager,High,Divorced,16168,307192,1,0,6,Excellent,Medium,1,6,5,Good,3,3,1,1,Jeune,Marseille
40,No,Non-Travel,1157,Sales,33,College,Human Resources,Medium,Homme,60,High,3,Laboratory Technician,Low,Single,4550,45500,6,0,28,Outstanding,Medium,4,20,1,Best,6,5,3,6,Adulte,Lyon
21,No,Non-Travel,628,Human Resources,17,Bachelor,Human Resources,Very High,Homme,193,Medium,5,Manufacturing Director,Very High,Married,1745,19195,6,0,12,Outstanding,Medium,2,23,4,Bad,11,11,7,2,Jeune,Marseille
34,Yes,Travel_Rarely,583,Research & Development,1,Below College,Human Resources,Medium,Homme,157,Medium,5,Human Resources,Low,Married,44668,1161368,0,1,41,Excellent,High,4,31,6,Good,23,9,7,6,Adulte,Paris
40,No,Travel_Frequently,1408,Software,11,Bachelor,Life Sciences,High,Femme,126,High,1,Manager,High,Married,48249,916731,1,1,34,Bad,Low,4,22,6,Good,15,13,6,4,Adulte,Nantes
32,No,Travel_Frequently,1052,Sales,50,Doctor,Life Sciences,High,Femme,131,Medium,2,Sales Executive,Low,Married,39492,868824,6,0,0,Outstanding,High,2,9,4,Best,8,1,4,6,Adulte,Lyon
24,Yes,Travel_Rarely,1387,Software,12,Doctor,Life Sciences,High,Homme,45,Very High,3,Research Scientist,Very High,Single,49864,747960,0,1,23,Bad,High,4,37,5,Better,9,1,3,7,Jeune,Nantes
28,No,Non-Travel,900,Support,8,Bachelor,Life Sciences,Medium,Homme,174,High,3,Developer,Medium,Married,6862,109792,5,1,43,Good,Medium,3,21,3,Better,14,3,6,10,Jeune,Grenoble
23,Yes,Travel_Rarely,608,Hardware,28,College,Marketing,High,Homme,171,High,1,Developer,High,Married,25203,730887,8,1,23,Bad,Low,4,26,1,Best,1,1,1,1,Jeune,Lille
60,No,Travel_Frequently,1433,Software,11,College,Life Sciences,Very High,Femme,114,High,2,Laboratory Technician,Medium,Divorced,9469,236725,1,1,2,Bad,High,4,11,4,Good,4,3,3,4,Senior,Nantes
41,Yes,Travel_Rarely,509,Research & Development,1,Doctor,Life Sciences,High,Homme,30,Very High,3,Research Director,Low,Married,15821,205673,1,0,48,Bad,High,1,13,6,Bad,10,5,3,10,Adulte,Paris
35,No,Travel_Frequently,202,Support,48,Doctor,Life Sciences,Low,Femme,38,High,5,Manager,Low,Divorced,6396,89544,7,1,30,Excellent,Low,4,36,6,Bad,1,1,1,1,Adulte,Grenoble
56,No,Travel_Rarely,1299,Sales,5,College,Other,High,Femme,120,Very High,3,Laboratory Technician,Very High,Divorced,7574,219646,7,0,14,Bad,Low,2,20,2,Better,16,15,9,4,Senior,Lyon
30,Yes,Travel_Frequently,202,Sales,11,Bachelor,Other,Low,Homme,132,Low,3,Manager,High,Single,22034,594918,2,1,32,Excellent,High,4,14,4,Better,14,3,12,11,Jeune,Lyon
31,Yes,Travel_Rarely,1250,Support,25,Below College,Technical Degree,Very High,Homme,37,Medium,3,Laboratory Technician,Medium,Divorced,4521,49731,4,1,22,Outstanding,Very High,4,32,1,Good,28,13,20,27,Adulte,Grenoble
60,Yes,Non-Travel,443,Research & Development,19,Bachelor,Marketing,High,Homme,150,Low,1,Sales Representative,High,Divorced,5827,23308,5,1,6,Excellent,Very High,2,13,6,Good,6,1,4,6,Senior,Paris
37,Yes,Travel_Rarely,1038,Hardware,49,Doctor,Medical,Medium,Femme,191,Medium,1,Human Resources,Very High,Divorced,47554,665756,4,1,22,Outstanding,Medium,1,21,6,Bad,3,1,1,3,Adulte,Lille
32,Yes,Travel_Rarely,952,Software,23,College,Life Sciences,High,Homme,90,High,1,Research Scientist,Very High,Married,18772,56316,3,1,47,Good,Very High,4,33,2,Bad,12,5,12,11,Adulte,Nantes
25,No,Non-Travel,1175,Human Resources,45,Below College,Other,Medium,Femme,49,High,5,Research Director,Medium,Single,32440,681240,2,0,18,Outstanding,Low,4,36,4,Bad,11,7,3,11,Jeune,Marseille
52,Yes,Travel_Frequently,978,Sales,31,Below College,Life Sciences,Low,Homme,191,High,1,Research Scientist,Medium,Single,45108,451080,1,1,45,Outstanding,High,2,23,5,Good,18,14,9,14,Senior,Lyon
28,Yes,Non-Travel,526,Support,31,College,Other,Medium,Homme,126,Very High,4,Healthcare Representative,Low,Divorced,44459,533508,2,1,29,Excellent,Very High,2,6,5,Bad,3,3,2,1,Jeune,Grenoble
18,No,Travel_Rarely,328,Research & Development,38,Below College,Medical,Medium,Homme,43,High,4,Developer,Low,Single,40147,843087,6,0,11,Good,Very High,2,34,5,Good,13,5,4,1,Jeune,Paris
50,No,Travel_Frequently,107,Research & Development,48,Master,Life Sciences,Very High,Homme,75,Medium,4,Human Resources,Medium,Single,39345,590175,8,1,43,Excellent,Medium,4,15,1,Better,8,4,5,2,Senior,Paris
33,No,Non-Travel,119,Support,12,Master,Technical Degree,Medium,Homme,110,Medium,2,Human Resources,Very High,Married,37673,489749,6,0,23,Excellent,Very High,1,13,6,Best,8,5,3,7,Adulte,Grenoble
18,Yes,Travel_Frequently,1219,Support,11,Doctor,Human Resources,High,Femme,165,Medium,2,Research Director,Medium,Single,12689,317225,8,1,39,Bad,Very High,1,23,1,Bad,16,14,8,12,Jeune,Grenoble
29,Yes,Non-Travel,973,Hardware,22,Master,Marketing,Low,Femme,103,Low,5,Research Director,Low,Married,2844,34128,0,0,13,Outstanding,Medium,4,7,3,Best,2,2,1,1,Jeune,Lille
21,Yes,Travel_Rarely,1417,Research & Development,10,Doctor,Human Resources,Low,Homme,129,Medium,5,Human Resources,Medium,Single,12514,362906,6,0,6,Good,High,1,11,1,Good,1,1,1,1,Jeune,Paris
59,No,Travel_Frequently,1241,Software,14,Bachelor,Medical,High,Femme,133,Medium,2,Manager,Very High,Married,29041,755066,2,0,14,Excellent,Very High,2,34,4,Good,6,5,6,3,Senior,Nantes
30,No,Travel_Rarely,493,Software,40,Doctor,Medical,High,Homme,194,Very High,1,Manager,Very High,Single,12201,61005,8,1,47,Excellent,Medium,1,39,3,Good,11,3,5,2,Jeune,Nantes
26,No,Travel_Rarely,992,Sales,38,Master,Life Sciences,High,Homme,35,High,4,Manager,Low,Divorced,39609,1069443,1,1,45,Good,Very High,1,22,1,Best,14,12,9,10,Jeune,Lyon
30,No,Non-Travel,1054,Research & Development,25,Master,Other,Very High,Homme,75,Very High,5,Manufacturing Director,Medium,Married,23453,164171,6,0,34,Outstanding,Low,2,3,5,Best,1,1,1,1,Jeune,Paris
27,Yes,Travel_Frequently,1028,Human Resources,40,Master,Other,Very High,Homme,129,Medium,5,Healthcare Representative,Medium,Married,17903,519187,5,1,49,Good,Low,1,33,1,Good,19,1,14,13,Jeune,Marseille
34,No,Travel_Frequently,1164,Sales,16,Bachelor,Life Sciences,Medium,Homme,127,Very High,2,Manager,Very High,Single,41481,456291,2,0,16,Bad,High,3,34,1,Better,24,16,6,15,Adulte,Lyon
54,Yes,Travel_Rarely,587,Support,18,Master,Other,Low,Femme,103,Medium,2,Human Resources,Very High,Divorced,1601,40025,1,1,35,Excellent,Medium,1,9,2,Good,2,1,1,2,Senior,Grenoble
43,Yes,Travel_Rarely,750,Sales,42,Doctor,Technical Degree,Medium,Homme,33,High,1,Research Director,High,Divorced,27114,406710,3,1,18,Good,Low,4,8,6,Best,8,4,7,8,Adulte,Lyon
42,Yes,Non-Travel,482,Hardware,32,College,Human Resources,High,Homme,47,Low,4,Healthcare Representative,Low,Divorced,39715,834015,7,1,39,Good,Medium,2,24,3,Better,2,2,1,2,Adulte,Lille
33,No,Travel_Frequently,347,Software,8,Below College,Other,High,Homme,154,High,5,Laboratory Technician,High,Married,43003,1075075,7,0,26,Outstanding,Low,4,23,6,Better,2,1,1,1,Adulte,Nantes
48,Yes,Travel_Frequently,637,Hardware,13,Doctor,Marketing,High,Homme,69,Low,3,Sales Executive,Very High,Married,23227,557448,1,1,10,Excellent,High,4,32,6,Best,11,1,5,8,Senior,Lille
44,Yes,Travel_Rarely,551,Human Resources,19,Bachelor,Other,Low,Homme,139,Medium,1,Sales Executive,Medium,Single,23616,70848,0,0,4,Outstanding,Medium,1,31,6,Good,13,4,2,2,Adulte,Marseille
35,No,Non-Travel,876,Software,16,Below College,Marketing,Low,Homme,49,Medium,5,Sales Executive,High,Married,12799,89593,2,0,5,Good,Medium,3,25,4,Better,18,12,18,16,Adulte,Nantes
38,No,Travel_Rarely,1081,Support,33,Bachelor,Life Sciences,Very High,Femme,191,Low,1,Human Resources,High,Divorced,21210,169680,8,1,22,Bad,High,3,12,3,Better,5,1,4,4,Adulte,Grenoble
20,Yes,Travel_Rarely,220,Human Resources,46,Bachelor,Marketing,Very High,Homme,126,High,1,Developer,High,Single,49493,1237325,0,0,3,Bad,Very High,3,10,6,Better,6,1,1,4,Jeune,Marseille
50,Yes,Non-Travel,112,Human Resources,41,Bachelor,Other,Very High,Femme,181,High,1,Sales Executive,Medium,Single,32464,389568,4,1,10,Good,Medium,4,23,5,Better,5,2,4,4,Senior,Marseille
19,Yes,Non-Travel,1453,Sales,19,Doctor,Other,Low,Homme,180,Low,4,Developer,Very High,Married,46929,187716,4,1,25,Outstanding,Very High,1,39,2,Better,17,5,3,13,Jeune,Lyon
51,Yes,Travel_Rarely,485,Hardware,12,Doctor,Human Resources,Medium,Homme,41,Low,5,Manufacturing Director,Very High,Single,22973,528379,2,0,40,Excellent,High,3,3,3,Better,1,1,1,1,Senior,Lille
60,Yes,Travel_Rarely,1496,Sales,29,Doctor,Technical Degree,Low,Homme,152,Very High,4,Human Resources,Medium,Single,25840,646000,8,0,31,Bad,Very High,2,8,1,Better,1,1,1,1,Senior,Lyon
60,Yes,Travel_Frequently,336,Human Resources,39,Bachelor,Technical Degree,Medium,Homme,128,Very High,1,Human Resources,Very High,Married,29265,204855,7,0,47,Good,High,2,12,5,Good,1,1,1,1,Senior,Marseille
30,No,Travel_Rarely,281,Sales,39,Bachelor,Other,Medium,Femme,75,Medium,4,Healthcare Representative,Low,Divorced,14429,115432,3,0,46,Good,High,2,21,3,Bad,18,12,6,11,Jeune,Lyon
60,Yes,Travel_Rarely,679,Support,18,Master,Human Resources,High,Femme,121,High,3,Healthcare Representative,Medium,Single,30564,336204,1,0,31,Bad,Very High,2,7,1,Good,7,3,2,2,Senior,Grenoble
29,No,Non-Travel,932,Support,47,Doctor,Technical Degree,Low,Homme,42,Low,2,Manufacturing Director,Medium,Single,50498,1009960,3,0,38,Bad,Low,2,19,4,Good,19,4,9,14,Jeune,Grenoble
52,No,Travel_Rarely,1164,Human Resources,40,Bachelor,Life Sciences,Medium,Femme,193,Medium,3,Sales Executive,Medium,Single,44948,269688,8,1,7,Outstanding,Low,2,1,1,Good,1,1,1,1,Senior,Marseille
21,Yes,Travel_Rarely,1060,Hardware,33,Master,Life Sciences,Very High,Homme,79,High,1,Healthcare Representative,Very High,Married,33765,675300,1,1,1,Bad,Very High,2,35,1,Good,35,27,12,11,Jeune,Lille
41,Yes,Travel_Frequently,449,Support,6,College,Technical Degree,High,Femme,179,Very High,1,Sales Executive,Medium,Married,17124,291108,1,1,7,Outstanding,High,4,28,5,Best,9,6,3,1,Adulte,Grenoble
47,Yes,Travel_Rarely,483,Sales,46,Doctor,Other,High,Femme,79,High,1,Developer,Very High,Single,39318,1179540,0,0,46,Excellent,Medium,3,37,4,Better,22,11,7,4,Senior,Lyon
39,No,Travel_Frequently,1117,Sales,11,College,Marketing,Very High,Homme,83,Low,1,Manufacturing Director,Low,Divorced,27483,714558,6,0,15,Excellent,High,1,38,5,Better,18,3,10,7,Adulte,Lyon
30,Yes,Travel_Frequently,669,Research & Development,17,Below College,Human Resources,Very High,Femme,184,Very High,2,Developer,Very High,Single,15638,437864,5,0,44,Bad,High,3,36,6,Bad,25,8,4,23,Jeune,Paris
19,No,Non-Travel,1261,Human Resources,39,Master,Human Resources,Medium,Homme,100,Low,5,Developer,High,Married,14634,175608,2,0,45,Good,High,2,21,1,Better,15,6,2,1,Jeune,Marseille
48,No,Travel_Frequently,918,Research & Development,41,Bachelor,Marketing,Low,Femme,149,High,5,Healthcare Representative,Medium,Married,3127,84429,8,1,20,Outstanding,Low,3,19,1,Good,13,1,6,9,Senior,Paris
46,No,Travel_Rarely,1385,Software,30,Doctor,Technical Degree,High,Femme,171,High,2,Sales Executive,High,Married,16102,161020,7,0,35,Good,Very High,3,16,1,Bad,1,1,1,1,Senior,Nantes
22,Yes,Travel_Frequently,874,Sales,28,Master,Technical Degree,Medium,Homme,40,Low,5,Manager,High,Single,21583,366911,5,1,47,Outstanding,High,3,17,4,Good,11,2,9,7,Jeune,Lyon
47,Yes,Non-Travel,1028,Human Resources,43,Master,Medical,Very High,Femme,75,Medium,3,Human Resources,High,Married,44379,754443,6,1,8,Excellent,Low,4,10,1,Best,4,2,1,4,Senior,Marseille
20,Yes,Travel_Frequently,1099,Human Resources,37,Doctor,Marketing,Very High,Homme,31,Very High,4,Human Resources,Medium,Single,37563,375630,8,1,44,Bad,High,3,13,6,Good,8,4,3,2,Jeune,Marseille
52,No,Non-Travel,470,Sales,8,Below College,Technical Degree,Very High,Femme,147,Low,4,Sales Representative,Very High,Single,28013,812377,6,0,49,Excellent,Medium,1,39,4,Best,27,25,11,16,Senior,Lyon
30,Yes,Non-Travel,778,Sales,44,College,Medical,Low,Femme,31,Low,4,Manufacturing Director,Medium,Married,35055,701100,1,1,7,Bad,Low,1,3,4,Best,2,2,2,2,Jeune,Lyon
36,No,Travel_Rarely,826,Human Resources,4,College,Medical,Medium,Femme,131,High,4,Manufacturing Director,Low,Married,9921,228183,5,1,21,Good,Medium,3,30,1,Better,5,4,3,3,Adulte,Marseille
18,No,Travel_Rarely,407,Research & Development,3,College,Other,Very High,Femme,65,Very High,3,Developer,Medium,Single,25423,762690,8,1,11,Good,Medium,1,28,2,Good,24,13,20,16,Jeune,Paris
37,Yes,Non-Travel,377,Support,33,Bachelor,Life Sciences,Very High,Femme,105,Low,5,Manufacturing Director,Low,Single,7621,121936,5,0,41,Outstanding,Medium,2,8,4,Good,3,3,1,2,Adulte,Grenoble
56,Yes,Travel_Rarely,824,Research & Development,29,Master,Other,Medium,Homme,171,Low,2,Research Director,Medium,Single,45029,225145,1,0,19,Bad,Low,3,23,5,Good,20,7,6,12,Senior,Paris
53,Yes,Travel_Rarely,759,Software,2,Below College,Medical,High,Femme,39,Medium,4,Manufacturing Director,Low,Single,2564,33332,5,0,17,Outstanding,High,1,24,1,Good,13,1,9,8,Senior,Nantes
39,Yes,Non-Travel,125,Human Resources,19,College,Medical,High,Femme,153,High,5,Research Director,Very High,Married,1506,21084,0,1,29,Bad,Medium,4,15,3,Better,13,8,3,10,Adulte,Marseille
35,No,Non-Travel,550,Hardware,20,Doctor,Marketing,Very High,Homme,134,Very High,5,Manager,Low,Married,38250,612000,8,0,47,Good,Very High,1,3,1,Good,3,1,1,2,Adulte,Lille
26,No,Travel_Frequently,150,Research & Development,24,Doctor,Medical,Very High,Homme,69,Low,2,Developer,Very High,Divorced,42089,1010136,6,0,8,Outstanding,Low,1,39,2,Best,37,15,20,33,Jeune,Paris
37,No,Travel_Frequently,373,Research & Development,34,Below College,Other,Medium,Homme,126,Medium,1,Research Scientist,Very High,Married,19328,405888,6,1,43,Bad,Medium,3,4,4,Good,1,1,1,1,Adulte,Paris
50,No,Travel_Frequently,962,Support,33,Master,Life Sciences,Very High,Femme,179,Very High,3,Developer,Medium,Married,29958,569202,5,0,29,Outstanding,High,4,40,2,Good,6,6,2,1,Senior,Grenoble
20,Yes,Travel_Frequently,567,Research & Development,29,Bachelor,Marketing,Very High,Homme,124,Low,3,Human Resources,Low,Married,16356,278052,3,1,19,Bad,Low,1,7,5,Good,3,3,3,2,Jeune,Paris
56,Yes,Travel_Frequently,1296,Software,13,Below College,Other,Medium,Homme,133,Low,5,Sales Executive,Low,Married,27026,540520,7,1,25,Bad,Low,4,20,4,Better,8,6,2,6,Senior,Nantes
44,Yes,Travel_Rarely,826,Support,15,Doctor,Other,Very High,Homme,73,High,3,Sales Representative,Very High,Single,43413,651195,1,0,25,Excellent,Low,1,9,1,Good,7,5,4,4,Adulte,Grenoble
19,No,Travel_Frequently,931,Human Resources,25,Master,Human Resources,Low,Femme,119,Very High,2,Laboratory Technician,Low,Married,44112,220560,5,1,1,Good,High,4,8,3,Bad,2,1,2,1,Jeune,Marseille
32,No,Travel_Rarely,378,Sales,35,College,Human Resources,High,Homme,127,Low,2,Manager,Medium,Divorced,38250,344250,6,1,44,Excellent,Low,1,35,2,Bad,11,3,9,2,Adulte,Lyon
38,Yes,Travel_Frequently,1244,Support,46,Master,Life Sciences,Low,Femme,86,Low,2,Healthcare Representative,Medium,Married,31930,95790,2,0,7,Bad,Medium,4,17,6,Better,15,3,15,14,Adulte,Grenoble
23,No,Non-Travel,397,Research & Development,37,Doctor,Human Resources,High,Homme,156,High,4,Laboratory Technician,High,Married,37169,74338,5,0,2,Outstanding,High,2,4,4,Bad,4,4,1,4,Jeune,Paris
52,Yes,Non-Travel,581,Research & Development,39,Master,Medical,High,Femme,200,Medium,1,Developer,Low,Single,48837,683718,7,0,25,Good,Low,1,7,2,Best,4,1,4,1,Senior,Paris
39,No,Non-Travel,900,Research & Development,28,Bachelor,Life Sciences,Very High,Homme,73,Very High,3,Sales Representative,Very High,Divorced,49314,690396,5,0,37,Excellent,Very High,3,31,1,Bad,18,16,1,12,Adulte,Paris
56,No,Travel_Frequently,1037,Software,26,Below College,Human Resources,Low,Homme,80,Very High,3,Manager,Medium,Divorced,3781,45372,2,0,47,Good,Very High,2,8,3,Good,5,3,5,2,Senior,Nantes
34,Yes,Travel_Frequently,158,Software,37,Below College,Technical Degree,Low,Femme,129,Low,3,Research Director,Low,Single,47565,713475,8,0,14,Excellent,Medium,1,25,6,Better,23,21,23,21,Adulte,Nantes
55,Yes,Travel_Rarely,169,Sales,28,Bachelor,Other,High,Homme,76,High,1,Research Director,Low,Divorced,35376,778272,4,1,30,Good,Low,3,22,2,Bad,14,1,2,8,Senior,Lyon
41,Yes,Travel_Frequently,751,Sales,7,Below College,Medical,High,Homme,52,Very High,5,Research Director,Medium,Married,5722,17166,3,1,35,Outstanding,Low,2,19,5,Better,18,3,6,9,Adulte,Lyon
41,Yes,Travel_Rarely,321,Hardware,9,College,Life Sciences,Low,Femme,154,High,3,Developer,Medium,Married,50549,454941,1,1,28,Outstanding,Low,1,35,5,Best,21,8,14,10,Adulte,Lille
52,No,Travel_Frequently,187,Hardware,35,Master,Other,Medium,Femme,32,Low,5,Healthcare Representative,Medium,Married,24160,555680,3,0,15,Bad,High,4,7,2,Good,4,2,4,3,Senior,Lille
19,No,Travel_Rarely,1396,Sales,6,Doctor,Medical,Medium,Homme,95,Very High,5,Sales Representative,Very High,Married,8696,86960,2,1,5,Bad,High,4,14,2,Bad,1,1,1,1,Jeune,Lyon
41,No,Travel_Frequently,345,Support,50,Doctor,Life Sciences,High,Femme,109,Very High,3,Healthcare Representative,Very High,Single,48657,291942,7,1,11,Outstanding,Low,3,24,6,Best,16,2,3,12,Adulte,Grenoble
34,Yes,Travel_Frequently,654,Human Resources,14,Doctor,Medical,Very High,Femme,65,Low,1,Sales Representative,Medium,Divorced,49782,497820,7,0,18,Bad,High,1,35,2,Bad,1,1,1,1,Adulte,Marseille
35,Yes,Travel_Rarely,332,Sales,25,Below College,Medical,Very High,Homme,193,Very High,5,Healthcare Representative,Medium,Divorced,49567,1239175,0,0,32,Bad,Low,4,37,5,Bad,21,14,1,9,Adulte,Lyon
53,No,Travel_Rarely,1076,Sales,19,Below College,Marketing,High,Homme,47,Low,2,Developer,High,Divorced,27325,409875,7,0,30,Excellent,Medium,4,13,3,Good,11,10,3,3,Senior,Lyon
37,No,Non-Travel,733,Human Resources,37,Doctor,Life Sciences,High,Femme,104,Very High,1,Human Resources,Very High,Married,41032,492384,5,1,48,Excellent,Medium,3,38,5,Bad,31,12,13,3,Adulte,Marseille
34,Yes,Non-Travel,756,Hardware,47,College,Technical Degree,Very High,Homme,198,Low,4,Research Scientist,Very High,Married,19701,354618,3,0,32,Bad,Very High,3,29,1,Bad,27,3,26,20,Adulte,Lille
47,No,Travel_Rarely,1332,Research & Development,39,Master,Medical,Medium,Homme,67,Very High,1,Sales Representative,Low,Divorced,32426,129704,1,1,4,Outstanding,Very High,3,1,1,Better,1,1,1,1,Senior,Paris
43,No,Non-Travel,573,Support,24,Below College,Other,Medium,Femme,176,Low,5,Research Scientist,Very High,Single,5702,171060,3,1,10,Outstanding,Very High,3,21,4,Good,8,7,5,6,Adulte,Grenoble
23,No,Travel_Rarely,1392,Research & Development,45,College,Technical Degree,Low,Femme,103,Medium,3,Laboratory Technician,Very High,Married,16706,66824,3,0,28,Outstanding,High,3,1,6,Bad,1,1,1,1,Jeune,Paris
25,No,Non-Travel,513,Hardware,43,Bachelor,Life Sciences,High,Femme,119,Medium,2,Sales Representative,High,Married,2796,61512,2,0,48,Excellent,Medium,2,20,4,Bad,19,19,19,17,Jeune,Lille
46,No,Travel_Frequently,674,Research & Development,12,College,Human Resources,Low,Homme,31,Medium,3,Manufacturing Director,High,Single,12870,77220,0,1,19,Excellent,Medium,2,13,4,Good,5,3,3,5,Senior,Paris
53,No,Travel_Rarely,172,Research & Development,30,Master,Technical Degree,Very High,Homme,185,Low,5,Manufacturing Director,Medium,Single,29016,377208,2,0,35,Excellent,Medium,1,2,1,Best,2,1,2,1,Senior,Paris
36,No,Travel_Rarely,1165,Software,44,College,Technical Degree,Low,Homme,151,Medium,3,Laboratory Technician,Very High,Married,42203,1055075,2,1,25,Outstanding,Very High,4,32,1,Good,4,4,4,1,Adulte,Nantes
60,Yes,Travel_Frequently,1131,Human Resources,6,Bachelor,Human Resources,High,Homme,79,Very High,4,Sales Executive,Very High,Married,11918,59590,7,1,45,Excellent,High,1,37,3,Good,23,13,14,2,Senior,Marseille
31,Yes,Travel_Rarely,1417,Support,22,Master,Marketing,High,Femme,140,Medium,4,Manager,Low,Single,30496,548928,3,0,21,Outstanding,Very High,3,8,6,Bad,7,3,1,4,Adulte,Grenoble
44,Yes,Travel_Frequently,814,Hardware,9,Doctor,Other,High,Femme,160,Very High,5,Human Resources,High,Single,30552,458280,3,1,37,Bad,Low,3,6,5,Best,2,1,1,2,Adulte,Lille
56,No,Travel_Frequently,953,Research & Development,20,Bachelor,Life Sciences,Very High,Femme,68,Low,2,Manufacturing Director,Very High,Married,40934,654944,0,1,23,Good,Very High,2,24,5,Better,1,1,1,1,Senior,Paris
52,Yes,Travel_Frequently,1439,Software,29,Below College,Medical,Very High,Femme,170,Very High,1,Sales Representative,Very High,Single,38873,660841,3,1,47,Good,High,2,13,1,Good,9,8,7,3,Senior,Nantes
24,No,Non-Travel,352,Research & Development,31,College,Marketing,Low,Femme,126,Very High,4,Healthcare Representative,Low,Single,4833,4833,8,0,30,Bad,Medium,4,24,3,Good,15,15,13,12,Jeune,Paris
40,Yes,Non-Travel,565,Hardware,9,Master,Marketing,High,Femme,176,Medium,3,Sales Executive,Very High,Divorced,31537,567666,2,0,23,Bad,Low,2,18,3,Good,18,12,12,10,Adulte,Lille
31,Yes,Non-Travel,1157,Research & Development,43,Bachelor,Marketing,Medium,Femme,158,Low,5,Developer,Very High,Single,29913,598260,1,0,39,Excellent,Medium,1,19,1,Bad,16,7,1,15,Adulte,Paris
53,No,Travel_Rarely,139,Human Resources,13,Bachelor,Other,Low,Femme,198,Medium,5,Research Scientist,High,Single,25517,459306,2,0,31,Good,Low,1,16,4,Good,13,10,3,6,Senior,Marseille
19,No,Travel_Rarely,323,Hardware,47,Master,Human Resources,Very High,Femme,120,Very High,5,Sales Executive,Low,Single,28308,849240,7,0,20,Outstanding,High,3,22,5,Best,17,5,17,11,Jeune,Lille
43,No,Travel_Rarely,1254,Hardware,36,Bachelor,Other,Medium,Homme,109,Low,1,Manager,Low,Divorced,43478,956516,1,1,12,Excellent,Very High,1,21,1,Best,17,7,15,8,Adulte,Lille
50,Yes,Travel_Frequently,863,Support,14,Doctor,Medical,Low,Femme,71,High,2,Manager,High,Divorced,18976,18976,4,0,6,Good,Low,3,22,2,Better,19,5,6,8,Senior,Grenoble
22,Yes,Travel_Frequently,1216,Hardware,9,College,Medical,High,Homme,127,High,5,Laboratory Technician,Low,Married,47345,1325660,1,0,0,Bad,High,1,17,2,Best,6,3,3,4,Jeune,Lille
36,No,Non-Travel,485,Research & Development,42,Doctor,Technical Degree,Medium,Homme,55,Low,1,Sales Executive,Very High,Divorced,21720,65160,1,0,13,Bad,High,1,24,2,Best,15,9,6,7,Adulte,Paris
45,No,Non-Travel,1443,Sales,46,Below College,Human Resources,Low,Homme,179,Low,2,Healthcare Representative,High,Single,33009,594162,5,1,41,Excellent,Medium,3,32,1,Better,31,8,18,30,Adulte,Lyon
53,Yes,Travel_Frequently,190,Support,16,College,Human Resources,Medium,Femme,104,Low,4,Sales Representative,High,Married,22498,179984,3,0,26,Bad,Very High,3,36,3,Bad,2,2,1,1,Senior,Grenoble
36,Yes,Travel_Rarely,1482,Sales,11,Bachelor,Marketing,Low,Homme,38,Very High,3,Manager,High,Single,9593,124709,5,0,16,Outstanding,Low,3,26,4,Best,16,15,7,15,Adulte,Lyon
41,Yes,Travel_Frequently,929,Sales,39,Bachelor,Technical Degree,Low,Homme,127,Medium,1,Sales Executive,Low,Married,2204,17632,2,0,34,Outstanding,Very High,1,32,5,Best,27,10,1,24,Adulte,Lyon
54,Yes,Non-Travel,962,Sales,3,College,Medical,Very High,Femme,170,Medium,2,Research Scientist,Very High,Divorced,49238,1378664,4,0,23,Outstanding,Medium,1,15,6,Best,7,6,1,2,Senior,Lyon
26,Yes,Travel_Rarely,177,Research & Development,26,Below College,Life Sciences,Medium,Homme,153,High,4,Sales Executive,High,Single,33617,168085,5,1,31,Excellent,High,1,14,3,Bad,8,2,2,3,Jeune,Paris
45,Yes,Travel_Frequently,887,Support,20,Doctor,Medical,Low,Femme,139,Medium,3,Research Director,Medium,Married,5824,122304,5,0,45,Bad,Medium,3,1,6,Good,1,1,1,1,Adulte,Grenoble
25,No,Travel_Rarely,638,Support,4,Doctor,Other,Medium,Homme,115,Low,3,Human Resources,Medium,Single,13703,342575,5,0,31,Good,Very High,2,29,3,Bad,12,11,11,11,Jeune,Grenoble
41,No,Travel_Rarely,180,Sales,46,Below College,Life Sciences,Medium,Homme,55,Very High,5,Developer,Medium,Married,13584,54336,4,0,32,Excellent,High,2,23,3,Better,22,12,10,14,Adulte,Lyon
28,Yes,Travel_Rarely,222,Hardware,43,Bachelor,Technical Degree,High,Homme,69,High,2,Manager,High,Divorced,10949,229929,2,1,6,Bad,Medium,2,37,6,Best,28,6,7,27,Jeune,Lille
54,Yes,Travel_Frequently,569,Software,22,College,Medical,High,Femme,132,High,1,Healthcare Representative,Low,Single,39026,819546,2,1,16,Outstanding,Medium,4,5,4,Better,3,1,3,1,Senior,Nantes
32,Yes,Travel_Frequently,1412,Research & Development,11,Doctor,Human Resources,High,Homme,100,Medium,1,Healthcare Representative,Very High,Single,19933,538191,7,1,3,Outstanding,High,1,38,4,Better,12,7,3,9,Adulte,Paris
26,Yes,Non-Travel,1042,Research & Development,17,Master,Technical Degree,Very High,Femme,154,High,4,Manufacturing Director,Very High,Single,22126,66378,7,0,37,Bad,Very High,4,12,2,Better,10,1,9,2,Jeune,Paris
20,Yes,Travel_Frequently,1475,Hardware,32,Master,Other,Medium,Femme,67,Low,4,Healthcare Representative,Very High,Divorced,27804,722904,0,1,28,Good,High,3,6,4,Good,5,4,1,2,Jeune,Lille
29,No,Travel_Rarely,1257,Software,20,Doctor,Technical Degree,Low,Homme,162,Medium,4,Manufacturing Director,Low,Single,5204,140508,0,1,43,Bad,Very High,1,9,1,Better,1,1,1,1,Jeune,Nantes
44,Yes,Travel_Frequently,922,Sales,4,Doctor,Technical Degree,Very High,Femme,39,High,4,Healthcare Representative,High,Single,9858,9858,5,1,41,Good,Medium,1,20,6,Bad,1,1,1,1,Adulte,Lyon
51,No,Non-Travel,1437,Support,7,Bachelor,Medical,Medium,Femme,139,Low,2,Research Scientist,High,Divorced,10444,135772,6,1,8,Bad,Low,3,36,2,Best,8,2,7,4,Senior,Grenoble
49,No,Travel_Rarely,776,Research & Development,21,Master,Technical Degree,High,Femme,142,Medium,2,Sales Representative,Medium,Married,33912,135648,0,1,11,Outstanding,Low,1,36,2,Good,36,12,21,9,Senior,Paris
21,No,Travel_Frequently,623,Sales,33,Master,Medical,Medium,Femme,97,Low,1,Human Resources,Very High,Single,39474,394740,7,1,8,Bad,Low,4,33,6,Bad,33,9,25,30,Jeune,Lyon
29,No,Travel_Rarely,141,Support,40,Doctor,Human Resources,Low,Homme,57,High,4,Developer,Medium,Married,15651,140859,7,1,41,Bad,High,1,34,6,Bad,27,13,23,24,Jeune,Grenoble
30,No,Non-Travel,1133,Hardware,11,Doctor,Other,High,Femme,130,Medium,5,Healthcare Representative,Low,Married,30964,588316,5,1,29,Good,High,1,10,3,Bad,10,4,5,7,Jeune,Lille
50,Yes,Travel_Frequently,352,Software,19,College,Medical,High,Homme,49,High,3,Manager,Very High,Married,29636,829808,7,1,22,Good,High,3,12,6,Good,10,9,8,8,Senior,Nantes
44,No,Non-Travel,788,Support,14,Below College,Technical Degree,High,Homme,49,Very High,3,Research Director,Medium,Single,24659,197272,6,0,7,Excellent,High,4,12,3,Good,1,1,1,1,Adulte,Grenoble
20,No,Travel_Frequently,1296,Software,28,Below College,Technical Degree,High,Femme,107,High,3,Research Scientist,Low,Single,43169,259014,0,1,14,Outstanding,Very High,1,40,6,Bad,11,7,11,6,Jeune,Nantes
40,Yes,Travel_Frequently,1054,Sales,43,Master,Marketing,Low,Homme,127,Low,2,Manufacturing Director,Medium,Married,42802,1112852,7,1,25,Bad,Very High,4,40,4,Better,34,13,10,28,Adulte,Lyon
56,Yes,Non-Travel,1052,Software,42,Master,Other,Medium,Homme,173,High,5,Manager,Very High,Married,2692,32304,5,1,4,Good,Very High,4,3,1,Best,3,1,1,2,Senior,Nantes
49,Yes,Travel_Frequently,772,Human Resources,14,Bachelor,Human Resources,High,Femme,86,Very High,5,Sales Executive,High,Divorced,12378,284694,6,1,10,Good,Low,2,31,2,Bad,28,16,12,16,Senior,Marseille
60,Yes,Travel_Rarely,588,Research & Development,41,Master,Marketing,Medium,Femme,178,High,3,Research Director,Low,Single,14918,179016,6,0,21,Good,Very High,3,29,1,Good,20,8,19,17,Senior,Paris
25,No,Travel_Frequently,107,Support,22,Below College,Technical Degree,Medium,Femme,170,Medium,4,Human Resources,Low,Divorced,14107,296247,5,0,5,Bad,Very High,2,5,3,Better,1,1,1,1,Jeune,Grenoble
60,Yes,Travel_Rarely,134,Sales,4,College,Marketing,Very High,Homme,52,Very High,4,Human Resources,High,Single,27370,465290,8,1,12,Bad,High,2,35,6,Bad,26,13,20,14,Senior,Lyon
41,No,Travel_Rarely,501,Hardware,30,Bachelor,Other,Medium,Homme,149,Very High,3,Manager,Medium,Married,6644,159456,3,0,28,Outstanding,Medium,2,15,2,Better,15,6,12,3,Adulte,Lille
36,No,Travel_Frequently,863,Sales,38,College,Medical,High,Homme,37,Low,1,Laboratory Technician,Low,Divorced,25525,102100,1,1,13,Excellent,Very High,4,15,3,Bad,13,6,1,11,Adulte,Lyon
20,No,Non-Travel,760,Human Resources,10,College,Medical,High,Homme,190,Medium,5,Manager,Very High,Married,36904,405944,3,1,9,Outstanding,Medium,2,31,2,Good,6,4,3,1,Jeune,Marseille
33,No,Non-Travel,618,Software,18,College,Technical Degree,Very High,Femme,193,Low,5,Manager,Very High,Divorced,26249,367486,4,0,12,Bad,Medium,3,7,4,Best,7,1,3,7,Adulte,Nantes
32,No,Non-Travel,956,Research & Development,46,Master,Medical,Very High,Femme,193,High,2,Developer,Medium,Divorced,9958,109538,0,1,1,Bad,Low,3,21,3,Better,21,2,1,15,Adulte,Paris
39,No,Travel_Frequently,819,Software,44,Bachelor,Human Resources,Low,Homme,37,Low,5,Manager,Medium,Divorced,9704,77632,0,1,40,Outstanding,Low,3,22,1,Bad,18,7,12,9,Adulte,Nantes
51,No,Travel_Frequently,972,Research & Development,18,Below College,Other,Medium,Homme,91,Very High,1,Human Resources,Very High,Married,4441,119907,7,0,29,Excellent,Medium,1,8,5,Best,7,2,7,3,Senior,Paris
23,Yes,Non-Travel,1364,Sales,12,Master,Medical,Medium,Femme,167,Low,1,Developer,High,Married,44420,1154920,5,1,45,Good,High,1,6,1,Bad,2,1,2,1,Jeune,Lyon
48,Yes,Travel_Frequently,479,Sales,46,College,Other,High,Femme,192,Low,2,Human Resources,Medium,Divorced,31899,95697,3,1,44,Bad,High,3,30,1,Best,23,23,1,2,Senior,Lyon
47,No,Travel_Frequently,1377,Support,48,Below College,Other,Low,Homme,92,High,3,Laboratory Technician,Low,Married,22724,272688,5,1,16,Outstanding,Medium,1,15,5,Better,4,4,2,1,Senior,Grenoble
32,Yes,Travel_Rarely,467,Hardware,28,Below College,Human Resources,Low,Homme,199,Medium,2,Research Scientist,Very High,Single,1027,28756,8,1,30,Outstanding,High,3,9,3,Better,5,4,3,5,Adulte,Lille
23,Yes,Non-Travel,118,Research & Development,5,Doctor,Life Sciences,Low,Femme,164,Medium,5,Manufacturing Director,Medium,Married,36199,977373,4,1,47,Bad,High,2,36,3,Bad,23,20,6,23,Jeune,Paris
18,Yes,Travel_Frequently,1224,Research & Development,43,Doctor,Human Resources,High,Femme,191,Medium,3,Sales Representative,Very High,Married,10219,286132,0,1,1,Excellent,Very High,2,23,1,Best,10,8,4,4,Jeune,Paris
45,Yes,Non-Travel,1196,Research & Development,13,Master,Other,Low,Homme,54,Very High,2,Healthcare Representative,Low,Divorced,33381,333810,7,1,3,Outstanding,Very High,3,28,5,Better,23,20,23,7,Adulte,Paris
36,Yes,Travel_Rarely,369,Human Resources,19,Below College,Other,High,Femme,56,Low,2,Sales Executive,Medium,Divorced,4382,65730,5,1,47,Excellent,Low,1,25,4,Good,3,2,3,1,Adulte,Marseille
49,Yes,Non-Travel,1106,Research & Development,49,Master,Human Resources,Low,Homme,32,Medium,3,Sales Executive,Very High,Married,14354,129186,7,0,39,Good,Medium,1,2,2,Best,1,1,1,1,Senior,Paris
18,Yes,Non-Travel,561,Human Resources,9,Bachelor,Other,Very High,Femme,60,Low,5,Sales Representative,Low,Divorced,44441,88882,7,1,20,Outstanding,Very High,3,24,6,Best,23,19,20,5,Jeune,Marseille
33,No,Non-Travel,936,Software,46,Doctor,Life Sciences,High,Homme,143,Low,3,Research Scientist,Medium,Married,29465,677695,6,1,46,Bad,Very High,1,32,1,Better,32,26,26,30,Adulte,Nantes
38,Yes,Travel_Frequently,372,Hardware,11,Doctor,Medical,Low,Femme,158,Medium,5,Laboratory Technician,Low,Divorced,50478,201912,2,0,29,Good,Very High,3,1,6,Good,1,1,1,1,Adulte,Lille
27,No,Travel_Frequently,565,Hardware,29,College,Human Resources,High,Homme,60,Low,4,Manager,Very High,Divorced,11815,177225,7,0,28,Excellent,Medium,4,15,4,Better,12,11,9,11,Jeune,Lille
54,No,Travel_Frequently,1032,Support,31,Master,Human Resources,Very High,Femme,137,Low,1,Human Resources,High,Married,41945,335560,8,0,39,Outstanding,High,3,1,6,Good,1,1,1,1,Senior,Grenoble
40,No,Travel_Rarely,878,Support,30,Doctor,Marketing,Very High,Homme,44,High,4,Laboratory Technician,Medium,Divorced,35730,142920,0,1,41,Bad,Low,4,12,6,Better,9,4,2,3,Adulte,Grenoble
33,No,Travel_Rarely,474,Support,23,College,Technical Degree,Medium,Femme,146,Low,5,Manager,Medium,Single,10880,76160,5,0,11,Excellent,High,4,37,5,Better,4,4,1,4,Adulte,Grenoble
22,No,Travel_Rarely,647,Hardware,30,Master,Marketing,Low,Femme,106,Very High,2,Sales Representative,High,Divorced,5899,53091,7,0,13,Outstanding,Very High,3,31,2,Best,8,6,5,4,Jeune,Lille
24,Yes,Travel_Frequently,1049,Research & Development,17,College,Technical Degree,Low,Homme,45,Very High,3,Manufacturing Director,High,Single,26569,212552,4,1,24,Excellent,Low,3,10,1,Bad,4,1,1,2,Jeune,Paris
22,Yes,Non-Travel,286,Hardware,22,Bachelor,Life Sciences,Low,Homme,99,High,3,Research Scientist,High,Married,44359,1153334,8,1,40,Good,Low,4,3,4,Good,1,1,1,1,Jeune,Lille
24,No,Travel_Frequently,253,Hardware,38,Bachelor,Life Sciences,High,Femme,116,High,5,Healthcare Representative,High,Divorced,32595,651900,7,0,39,Excellent,Very High,2,40,5,Good,15,15,5,13,Jeune,Lille
20,No,Travel_Frequently,1245,Software,11,Master,Other,Low,Homme,123,High,1,Research Scientist,Medium,Married,5025,95475,7,0,13,Excellent,High,4,26,3,Best,4,1,4,2,Jeune,Nantes
39,No,Non-Travel,1350,Software,22,College,Medical,Low,Femme,108,Low,4,Sales Representative,Very High,Divorced,9700,164900,3,0,36,Outstanding,Medium,4,36,6,Best,16,13,4,11,Adulte,Nantes
25,Yes,Non-Travel,1325,Research & Development,12,Bachelor,Medical,Medium,Homme,154,Medium,1,Sales Executive,High,Divorced,7937,166677,1,0,41,Outstanding,Medium,1,34,5,Better,15,11,1,2,Jeune,Paris
25,Yes,Non-Travel,1298,Hardware,35,Bachelor,Marketing,Very High,Femme,99,Medium,4,Research Director,Very High,Married,40413,727434,4,1,7,Bad,Medium,4,23,3,Best,5,4,4,5,Jeune,Lille
49,Yes,Travel_Rarely,596,Research & Development,50,Master,Technical Degree,Low,Femme,53,Low,4,Sales Representative,Low,Single,47935,814895,0,1,4,Outstanding,Very High,2,9,6,Better,9,6,2,2,Senior,Paris
20,No,Travel_Rarely,601,Sales,38,Doctor,Other,Very High,Femme,77,Medium,3,Manager,Very High,Divorced,23866,310258,4,1,47,Good,Low,3,36,6,Good,13,13,13,11,Jeune,Lyon
22,No,Non-Travel,721,Research & Development,42,Bachelor,Life Sciences,Very High,Homme,155,Low,5,Manager,Low,Married,44919,673785,3,0,25,Outstanding,Low,3,26,2,Better,2,1,2,1,Jeune,Paris
29,No,Travel_Frequently,178,Software,31,College,Technical Degree,High,Femme,83,Very High,5,Sales Executive,Very High,Single,1749,36729,5,0,14,Outstanding,High,4,22,6,Good,19,9,6,8,Jeune,Nantes
20,No,Travel_Rarely,415,Research & Development,41,College,Human Resources,Medium,Femme,99,High,5,Research Scientist,Low,Divorced,15413,354499,4,0,17,Bad,High,1,13,4,Best,12,2,4,11,Jeune,Paris
42,Yes,Travel_Rarely,1152,Research & Development,37,Doctor,Life Sciences,High,Homme,122,Very High,5,Human Resources,Low,Single,18832,18832,4,0,26,Good,High,2,34,6,Good,34,3,32,6,Adulte,Paris
55,No,Travel_Rarely,1387,Sales,42,College,Medical,Very High,Femme,99,High,2,Human Resources,Medium,Single,7596,15192,4,1,17,Excellent,Very High,1,28,4,Bad,6,5,6,5,Senior,Lyon
33,No,Travel_Rarely,1384,Support,37,Doctor,Life Sciences,Very High,Homme,88,Low,3,Research Scientist,Very High,Married,3992,51896,5,0,26,Outstanding,High,4,15,4,Best,5,1,5,1,Adulte,Grenoble
51,No,Travel_Frequently,185,Sales,12,Doctor,Technical Degree,Low,Homme,190,Very High,2,Laboratory Technician,Very High,Divorced,4502,112550,8,0,0,Excellent,High,1,17,4,Best,11,4,4,2,Senior,Lyon
37,Yes,Travel_Rarely,1136,Research & Development,39,Master,Technical Degree,High,Femme,155,Very High,5,Developer,Very High,Married,20193,20193,8,0,33,Bad,Medium,3,36,2,Bad,23,5,17,20,Adulte,Paris
46,No,Travel_Frequently,578,Hardware,22,Master,Other,High,Homme,32,Low,5,Research Scientist,Low,Single,12567,125670,6,0,48,Excellent,Low,3,23,5,Bad,13,5,2,9,Senior,Lille
31,No,Travel_Frequently,1194,Human Resources,26,College,Other,High,Femme,111,Low,1,Research Director,Medium,Divorced,44342,842498,8,0,4,Outstanding,Very High,4,13,3,Best,12,12,5,11,Adulte,Marseille
20,No,Non-Travel,204,Hardware,3,Bachelor,Other,Low,Femme,172,Very High,2,Human Resources,Low,Single,15222,76110,7,1,42,Outstanding,Medium,2,33,2,Better,22,20,19,20,Jeune,Lille
27,Yes,Travel_Rarely,925,Sales,32,Bachelor,Other,Low,Homme,51,High,5,Research Scientist,Very High,Divorced,50468,403744,7,1,29,Bad,High,4,18,5,Good,17,8,9,13,Jeune,Lyon
50,No,Travel_Rarely,816,Software,38,College,Life Sciences,High,Femme,94,Very High,4,Manager,Low,Divorced,33706,808944,8,0,39,Bad,High,4,20,1,Good,2,1,2,1,Senior,Nantes
54,Yes,Non-Travel,1312,Research & Development,14,Below College,Life Sciences,Medium,Homme,113,Very High,2,Research Scientist,Low,Divorced,32159,385908,1,1,43,Bad,High,2,3,5,Good,2,2,2,2,Senior,Paris
45,Yes,Non-Travel,767,Sales,1,Master,Life Sciences,Very High,Femme,36,Low,5,Laboratory Technician,Medium,Married,49793,99586,7,0,11,Bad,Medium,4,7,3,Better,1,1,1,1,Adulte,Lyon
29,Yes,Non-Travel,132,Software,10,Doctor,Other,Medium,Femme,86,High,2,Manager,High,Married,12694,291962,3,0,49,Bad,Medium,4,19,3,Better,9,3,1,1,Jeune,Nantes
45,Yes,Non-Travel,146,Human Resources,4,Doctor,Technical Degree,Low,Femme,82,Very High,1,Research Director,Very High,Single,7630,53410,7,1,45,Outstanding,High,3,40,6,Best,22,8,13,16,Adulte,Marseille
59,Yes,Travel_Rarely,435,Research & Development,2,College,Marketing,Medium,Femme,46,Medium,4,Developer,Very High,Divorced,3805,34245,6,0,26,Bad,Very High,4,21,5,Bad,3,1,2,1,Senior,Paris
55,No,Travel_Rarely,314,Research & Development,50,Bachelor,Human Resources,Very High,Femme,198,Low,1,Manufacturing Director,Very High,Divorced,24349,24349,2,0,1,Bad,Low,3,6,2,Good,4,1,3,3,Senior,Paris
45,No,Non-Travel,565,Support,23,Bachelor,Technical Degree,Very High,Homme,45,High,4,Healthcare Representative,Very High,Single,36518,985986,0,1,30,Bad,Low,3,33,2,Good,4,1,1,4,Adulte,Grenoble
31,Yes,Non-Travel,960,Human Resources,34,College,Medical,Medium,Homme,94,Very High,4,Laboratory Technician,High,Single,1671,25065,0,0,5,Good,Very High,2,28,2,Bad,16,4,3,5,Adulte,Marseille
34,No,Non-Travel,194,Software,32,College,Other,Very High,Homme,96,Medium,1,Sales Representative,High,Single,49988,799808,6,1,38,Good,Medium,2,31,6,Better,28,7,13,22,Adulte,Nantes
35,No,Non-Travel,916,Software,9,Below College,Other,Low,Homme,105,High,3,Research Director,High,Single,43160,345280,3,1,44,Good,Very High,2,19,6,Best,3,3,2,2,Adulte,Nantes
30,Yes,Non-Travel,1129,Research & Development,37,Master,Medical,Medium,Homme,86,Medium,3,Healthcare Representative,High,Divorced,36793,1103790,1,1,15,Excellent,Medium,2,2,4,Better,1,1,1,1,Jeune,Paris
59,Yes,Travel_Rarely,957,Research & Development,31,Below College,Marketing,Medium,Homme,180,Low,4,Research Director,Medium,Divorced,44341,1108525,1,1,18,Outstanding,Low,2,24,1,Bad,17,17,2,4,Senior,Paris
38,Yes,Travel_Rarely,220,Software,5,College,Human Resources,Medium,Femme,117,Low,2,Sales Representative,Low,Married,5603,117663,4,0,43,Bad,High,3,20,4,Bad,1,1,1,1,Adulte,Nantes
50,No,Travel_Frequently,118,Support,32,Below College,Technical Degree,Low,Femme,133,High,5,Laboratory Technician,High,Single,35348,424176,6,0,39,Good,Low,1,7,1,Good,2,2,1,2,Senior,Grenoble
39,No,Non-Travel,1478,Research & Development,11,Master,Human Resources,Very High,Femme,108,Low,4,Manufacturing Director,Low,Married,34671,970788,5,1,2,Good,Low,3,5,4,Best,4,3,1,1,Adulte,Paris
52,Yes,Travel_Rarely,1262,Sales,1,College,Life Sciences,Medium,Homme,43,High,4,Developer,High,Married,18303,109818,2,0,16,Good,Very High,3,6,1,Bad,6,3,4,1,Senior,Lyon
25,No,Non-Travel,581,Hardware,10,College,Human Resources,High,Homme,128,Very High,3,Research Director,Medium,Married,2082,37476,3,0,24,Excellent,Very High,2,18,3,Best,7,6,2,2,Jeune,Lille
35,Yes,Travel_Frequently,1329,Support,9,Bachelor,Medical,High,Homme,113,Medium,1,Sales Executive,Medium,Single,4108,90376,1,0,30,Outstanding,Low,3,40,5,Better,1,1,1,1,Adulte,Grenoble
40,No,Travel_Rarely,420,Human Resources,31,College,Life Sciences,Medium,Femme,183,High,3,Sales Executive,Very High,Divorced,41197,370773,1,0,26,Excellent,Very High,1,33,3,Best,7,6,1,4,Adulte,Marseille
25,No,Non-Travel,891,Support,22,Bachelor,Human Resources,Medium,Femme,149,High,4,Healthcare Representative,High,Single,15839,15839,4,0,12,Outstanding,Very High,2,6,5,Bad,4,3,4,1,Jeune,Grenoble
31,No,Travel_Rarely,352,Software,20,College,Human Resources,Very High,Femme,172,Medium,5,Laboratory Technician,Very High,Divorced,32231,354541,1,1,36,Good,Medium,2,11,2,Better,5,2,1,4,Adulte,Nantes
57,No,Non-Travel,761,Software,16,College,Human Resources,Medium,Homme,116,High,1,Sales Executive,Low,Married,38427,384270,1,1,14,Excellent,Very High,4,10,3,Best,9,5,8,9,Senior,Nantes
39,Yes,Travel_Rarely,274,Support,9,Bachelor,Technical Degree,Very High,Homme,184,High,4,Manager,High,Single,3401,40812,0,0,32,Outstanding,Low,3,40,3,Good,37,1,28,29,Adulte,Grenoble
55,Yes,Non-Travel,1365,Sales,25,Doctor,Marketing,Low,Femme,136,High,5,Sales Representative,Low,Divorced,6820,13640,6,0,2,Good,High,1,18,3,Bad,18,13,17,10,Senior,Lyon
28,No,Travel_Frequently,752,Sales,46,Bachelor,Technical Degree,Medium,Homme,48,Medium,2,Sales Executive,Medium,Single,27578,661872,1,0,21,Excellent,High,4,21,6,Best,19,12,3,8,Jeune,Lyon
43,No,Travel_Rarely,1324,Hardware,33,Doctor,Other,Very High,Femme,88,Very High,3,Sales Executive,High,Single,37301,746020,8,1,46,Outstanding,Medium,3,26,3,Bad,6,3,2,1,Adulte,Lille
47,Yes,Non-Travel,365,Software,48,Bachelor,Marketing,High,Homme,129,High,3,Sales Executive,High,Single,12893,361004,7,1,29,Outstanding,Very High,4,12,1,Bad,7,7,4,2,Senior,Nantes
54,No,Non-Travel,475,Support,45,Master,Medical,Very High,Homme,188,Low,2,Research Director,Low,Divorced,19171,306736,3,1,37,Bad,Medium,3,3,1,Best,2,1,2,2,Senior,Grenoble
40,No,Travel_Rarely,216,Research & Development,1,Below College,Human Resources,Medium,Homme,107,High,3,Developer,Low,Divorced,48215,1350020,2,0,33,Bad,Medium,1,40,6,Best,29,19,19,3,Adulte,Paris
19,No,Travel_Rarely,260,Human Resources,16,College,Technical Degree,Medium,Homme,43,Low,1,Sales Representative,Medium,Married,46455,696825,0,0,17,Bad,Very High,1,28,4,Good,27,23,13,16,Jeune,Marseille
54,No,Non-Travel,681,Sales,13,Master,Technical Degree,High,Femme,68,Medium,1,Sales Representative,High,Single,26959,566139,4,0,43,Outstanding,Medium,1,4,2,Good,2,1,1,2,Senior,Lyon
59,No,Non-Travel,404,Human Resources,27,College,Life Sciences,Very High,Femme,44,Very High,4,Sales Representative,Very High,Divorced,31846,636920,0,0,49,Bad,Very High,3,23,5,Best,3,3,1,3,Senior,Marseille
21,No,Travel_Rarely,1025,Support,40,Bachelor,Human Resources,High,Homme,42,Low,1,Laboratory Technician,Very High,Single,35143,70286,5,1,31,Good,Medium,3,11,6,Good,8,6,3,1,Jeune,Grenoble
26,Yes,Travel_Frequently,941,Research & Development,43,Master,Life Sciences,Very High,Femme,117,Very High,4,Research Scientist,Low,Divorced,7559,166298,3,1,41,Excellent,Medium,4,1,5,Bad,1,1,1,1,Jeune,Paris
55,No,Travel_Rarely,277,Sales,19,Doctor,Other,Medium,Femme,170,High,2,Developer,High,Divorced,2150,27950,2,1,44,Good,High,2,27,3,Better,10,5,3,9,Senior,Lyon
25,No,Travel_Frequently,784,Research & Development,47,College,Life Sciences,Very High,Femme,107,Medium,4,Manager,Very High,Married,30289,242312,4,0,47,Good,Medium,3,30,1,Bad,5,3,2,2,Jeune,Paris
33,No,Travel_Rarely,884,Human Resources,42,Doctor,Life Sciences,Low,Homme,117,Low,5,Healthcare Representative,Very High,Single,25114,477166,7,0,30,Excellent,Medium,2,19,3,Better,17,13,8,2,Adulte,Marseille
47,Yes,Travel_Rarely,1204,Software,12,Bachelor,Human Resources,High,Homme,166,Medium,2,Sales Representative,High,Single,19952,518752,2,0,2,Bad,High,3,9,2,Bad,5,2,5,4,Senior,Nantes
52,No,Travel_Rarely,229,Support,31,Bachelor,Life Sciences,Medium,Femme,178,Medium,4,Research Scientist,Low,Single,40380,282660,2,0,24,Excellent,Very High,1,25,6,Good,10,4,7,1,Senior,Grenoble
54,Yes,Travel_Frequently,516,Human Resources,44,Bachelor,Technical Degree,Medium,Femme,32,Medium,2,Research Director,Medium,Married,24411,512631,7,0,20,Outstanding,Low,1,13,1,Better,4,2,1,2,Senior,Marseille
18,No,Travel_Rarely,250,Sales,24,Master,Other,Low,Homme,39,Low,2,Research Director,Medium,Married,27975,615450,3,1,14,Excellent,Medium,4,14,6,Good,4,3,4,2,Jeune,Lyon
23,No,Non-Travel,242,Sales,9,Master,Medical,Very High,Homme,82,Very High,1,Research Director,Very High,Single,14857,178284,5,0,16,Excellent,Medium,4,35,6,Good,3,3,2,1,Jeune,Lyon
55,Yes,Travel_Frequently,1333,Research & Development,22,Master,Other,Medium,Femme,104,Medium,4,Developer,High,Single,47517,1330476,4,0,45,Good,High,1,20,2,Better,14,5,9,2,Senior,Paris
34,No,Non-Travel,1338,Software,22,Below College,Other,Medium,Femme,89,Low,2,Laboratory Technician,Very High,Divorced,29051,842479,0,1,9,Bad,Low,2,9,4,Good,2,1,1,1,Adulte,Nantes
44,No,Travel_Frequently,211,Sales,4,College,Life Sciences,Very High,Homme,101,Very High,3,Developer,Low,Divorced,16514,363308,3,1,17,Good,High,4,24,6,Better,11,2,4,10,Adulte,Lyon
60,Yes,Travel_Frequently,252,Hardware,33,Master,Other,High,Femme,153,Very High,5,Manufacturing Director,Very High,Single,42099,1094574,6,1,6,Outstanding,High,2,24,2,Better,7,3,1,1,Senior,Lille
21,Yes,Travel_Frequently,762,Support,4,Doctor,Marketing,Low,Femme,103,Medium,1,Sales Representative,Very High,Single,4479,120933,3,0,0,Bad,Low,1,31,2,Better,1,1,1,1,Jeune,Grenoble
23,Yes,Non-Travel,533,Software,1,Doctor,Other,Low,Femme,182,Very High,1,Laboratory Technician,Very High,Married,6952,55616,0,0,32,Excellent,High,4,33,4,Best,6,6,4,6,Jeune,Nantes
50,Yes,Non-Travel,714,Sales,33,Bachelor,Marketing,Low,Femme,142,Very High,1,Sales Representative,Medium,Divorced,28803,835287,4,1,10,Bad,Low,2,14,5,Good,7,5,2,1,Senior,Lyon
39,Yes,Non-Travel,1414,Research & Development,34,Bachelor,Technical Degree,High,Femme,96,Medium,1,Sales Executive,High,Single,19326,328542,2,1,39,Good,High,4,30,6,Better,22,18,21,13,Adulte,Paris
49,Yes,Travel_Frequently,266,Sales,7,Doctor,Medical,High,Femme,57,Medium,4,Research Scientist,High,Single,50826,1321476,7,0,30,Good,Very High,2,1,3,Bad,1,1,1,1,Senior,Lyon
32,Yes,Travel_Frequently,804,Human Resources,44,College,Technical Degree,High,Homme,96,Low,3,Research Scientist,Very High,Married,24222,411774,7,0,32,Outstanding,Medium,1,24,4,Best,22,14,12,3,Adulte,Marseille
31,No,Travel_Rarely,539,Sales,39,Doctor,Technical Degree,Low,Femme,90,Low,1,Laboratory Technician,High,Divorced,33038,66076,7,0,4,Bad,Very High,3,39,5,Best,18,9,14,14,Adulte,Lyon
57,No,Travel_Rarely,1439,Software,23,Doctor,Life Sciences,Medium,Homme,195,Medium,2,Research Director,High,Married,43729,218645,0,1,25,Outstanding,Medium,1,39,1,Bad,4,4,2,4,Senior,Nantes
37,Yes,Non-Travel,730,Software,34,Below College,Medical,Very High,Homme,52,Medium,5,Manager,Medium,Married,30853,401089,7,0,11,Bad,Medium,1,11,5,Better,1,1,1,1,Adulte,Nantes
49,No,Travel_Frequently,883,Research & Development,36,College,Medical,Medium,Femme,143,Medium,2,Sales Executive,Medium,Married,18311,311287,6,0,31,Excellent,High,2,1,1,Best,1,1,1,1,Senior,Paris
60,No,Travel_Frequently,434,Software,30,Doctor,Marketing,High,Homme,31,Medium,5,Research Scientist,Very High,Married,4888,24440,8,0,17,Excellent,Medium,1,8,6,Better,5,2,1,3,Senior,Nantes
21,No,Travel_Rarely,1059,Research & Development,27,Doctor,Marketing,High,Homme,70,High,3,Healthcare Representative,Low,Married,16256,16256,6,0,30,Outstanding,Medium,4,13,1,Better,9,6,7,4,Jeune,Paris
30,Yes,Travel_Rarely,1272,Support,21,Bachelor,Medical,Very High,Homme,46,Very High,3,Sales Executive,Very High,Married,2188,19692,4,0,48,Good,Medium,4,31,5,Good,12,12,4,3,Jeune,Grenoble
58,No,Non-Travel,498,Research & Development,34,Doctor,Human Resources,High,Femme,127,Low,4,Healthcare Representative,Low,Single,28473,711825,0,1,45,Outstanding,Very High,3,22,4,Best,22,19,2,9,Senior,Paris
22,Yes,Non-Travel,990,Hardware,15,Master,Human Resources,Medium,Homme,159,High,3,Developer,Very High,Married,17336,312048,8,1,47,Bad,Very High,1,13,4,Better,8,2,2,2,Jeune,Lille
60,Yes,Travel_Frequently,1468,Support,24,Master,Technical Degree,Medium,Femme,71,High,4,Laboratory Technician,Low,Married,28334,56668,7,1,44,Excellent,Medium,3,18,4,Better,13,4,7,10,Senior,Grenoble
27,No,Non-Travel,1497,Sales,10,College,Medical,Medium,Homme,88,Medium,5,Manufacturing Director,Medium,Single,6880,34400,3,0,35,Bad,High,1,34,4,Better,29,13,17,21,Jeune,Lyon
37,No,Travel_Frequently,1491,Research & Development,23,Below College,Technical Degree,Low,Homme,70,High,2,Manager,Low,Married,38738,309904,2,1,18,Excellent,Low,1,7,1,Best,6,5,5,1,Adulte,Paris
47,Yes,Travel_Frequently,866,Hardware,32,Below College,Other,Very High,Femme,72,Very High,5,Research Scientist,High,Married,43022,860440,5,1,16,Bad,High,3,31,3,Bad,29,14,7,12,Senior,Lille
57,Yes,Non-Travel,707,Research & Development,28,Below College,Medical,Very High,Homme,141,High,1,Sales Representative,Low,Married,11089,310492,6,0,29,Outstanding,Medium,3,1,5,Good,1,1,1,1,Senior,Paris
46,No,Non-Travel,1302,Software,36,Master,Other,Medium,Femme,71,Low,2,Developer,Low,Married,4998,84966,0,0,24,Excellent,Medium,1,3,6,Good,2,2,1,2,Senior,Nantes
46,No,Travel_Rarely,881,Hardware,40,Doctor,Life Sciences,Low,Homme,127,Medium,3,Human Resources,Medium,Single,33380,734360,0,0,14,Good,High,1,33,5,Best,8,8,5,8,Senior,Lille
50,No,Non-Travel,973,Human Resources,42,Bachelor,Technical Degree,Medium,Homme,173,High,5,Human Resources,Very High,Single,19090,496340,4,1,20,Good,Low,1,39,5,Bad,33,16,6,33,Senior,Marseille
44,No,Travel_Rarely,214,Hardware,46,Bachelor,Other,Medium,Femme,88,High,2,Research Scientist,Very High,Single,47062,47062,3,0,5,Good,Very High,2,23,4,Better,20,8,14,7,Adulte,Lille
45,Yes,Travel_Rarely,1029,Software,29,Bachelor,Other,Very High,Femme,41,Medium,5,Manufacturing Director,Very High,Married,20719,145033,7,1,12,Excellent,Low,1,30,5,Bad,15,14,5,6,Adulte,Nantes
32,No,Travel_Rarely,1080,Human Resources,3,Below College,Medical,Very High,Femme,193,Low,1,Sales Representative,Medium,Single,14888,29776,2,0,22,Good,Medium,4,15,6,Best,10,2,10,2,Adulte,Marseille
51,No,Travel_Frequently,598,Support,35,Below College,Human Resources,Low,Homme,34,Low,4,Laboratory Technician,Very High,Married,24529,73587,7,0,44,Excellent,Medium,1,12,2,Good,4,4,2,4,Senior,Grenoble
50,Yes,Travel_Frequently,508,Software,36,Master,Human Resources,Medium,Homme,77,Low,1,Sales Executive,Very High,Divorced,44427,444270,6,0,25,Outstanding,Low,2,18,4,Better,13,7,6,2,Senior,Nantes
48,No,Travel_Frequently,568,Hardware,21,Doctor,Human Resources,High,Femme,30,Medium,3,Developer,Very High,Single,50929,916722,0,0,34,Outstanding,High,2,19,4,Better,6,2,5,4,Senior,Lille
21,No,Travel_Frequently,860,Research & Development,12,College,Other,Medium,Femme,77,Very High,4,Developer,Very High,Divorced,34428,103284,2,1,23,Outstanding,Very High,1,30,5,Bad,6,6,2,1,Jeune,Paris
45,No,Travel_Frequently,882,Research & Development,47,Doctor,Technical Degree,Very High,Femme,43,Very High,1,Research Director,Low,Married,20016,260208,3,1,40,Bad,Low,4,17,2,Better,2,2,2,1,Adulte,Paris
47,Yes,Travel_Frequently,1429,Human Resources,43,Below College,Life Sciences,Medium,Femme,135,Very High,2,Laboratory Technician,Medium,Divorced,23716,47432,7,1,36,Excellent,Very High,3,37,2,Better,11,10,4,6,Senior,Marseille
41,Yes,Non-Travel,209,Human Resources,23,Master,Technical Degree,High,Femme,109,Very High,2,Developer,High,Married,36311,399421,7,1,22,Excellent,Low,1,9,5,Better,6,2,4,1,Adulte,Marseille
32,No,Travel_Rarely,669,Software,4,Bachelor,Medical,Medium,Femme,51,Low,4,Sales Representative,High,Divorced,34822,208932,2,0,25,Good,High,2,5,4,Good,5,3,3,4,Adulte,Nantes
41,Yes,Non-Travel,252,Sales,40,Doctor,Technical Degree,Low,Femme,31,Low,4,Research Scientist,Very High,Married,50262,1306812,0,1,19,Good,Medium,1,35,2,Better,23,2,23,13,Adulte,Lyon
37,No,Non-Travel,1332,Sales,31,Bachelor,Medical,Very High,Homme,42,Medium,4,Developer,High,Single,17027,374594,7,0,29,Outstanding,Low,1,36,2,Better,25,22,25,21,Adulte,Lyon
42,Yes,Travel_Frequently,445,Research & Development,15,Doctor,Human Resources,Medium,Femme,140,High,3,Research Director,Very High,Married,44939,853841,3,1,28,Outstanding,Medium,3,13,3,Good,7,1,7,6,Adulte,Paris
33,No,Travel_Rarely,1292,Support,25,Master,Human Resources,High,Homme,79,Low,4,Laboratory Technician,Medium,Single,6006,168168,8,1,49,Excellent,High,2,29,5,Bad,11,10,1,1,Adulte,Grenoble
34,No,Non-Travel,1395,Sales,47,Bachelor,Other,High,Femme,151,Medium,3,Healthcare Representative,Low,Divorced,8857,132855,4,0,48,Outstanding,Medium,2,32,2,Good,16,7,13,16,Adulte,Lyon
19,Yes,Non-Travel,829,Support,41,Doctor,Technical Degree,Low,Femme,117,Medium,4,Developer,Low,Divorced,29756,386828,0,0,26,Outstanding,High,1,18,5,Good,15,11,2,9,Jeune,Grenoble
51,Yes,Travel_Frequently,726,Support,37,College,Marketing,Low,Homme,84,Medium,2,Manufacturing Director,Very High,Married,18376,73504,8,1,7,Outstanding,Low,4,2,5,Bad,2,1,1,1,Senior,Grenoble
46,No,Travel_Frequently,1474,Research & Development,16,Doctor,Life Sciences,High,Homme,116,Low,3,Research Director,Low,Divorced,3008,81216,3,0,40,Good,Medium,2,24,6,Better,6,5,1,1,Senior,Paris
26,No,Travel_Rarely,386,Research & Development,26,Doctor,Human Resources,Medium,Homme,96,Low,2,Research Scientist,High,Married,15608,374592,2,1,19,Excellent,Very High,3,2,4,Better,1,1,1,1,Jeune,Paris
47,Yes,Travel_Rarely,1274,Sales,50,College,Marketing,Medium,Femme,172,High,2,Manager,High,Single,14802,192426,4,1,0,Bad,High,4,36,3,Good,25,1,14,8,Senior,Lyon
22,No,Non-Travel,1363,Support,7,College,Other,Very High,Femme,176,Medium,3,Human Resources,Very High,Married,30264,544752,6,0,10,Excellent,Very High,2,8,6,Best,7,7,2,5,Jeune,Grenoble
46,Yes,Travel_Rarely,1479,Software,5,Bachelor,Technical Degree,Low,Femme,99,High,3,Manager,Very High,Single,26410,26410,1,0,32,Bad,Very High,1,30,2,Bad,28,14,15,25,Senior,Nantes
23,Yes,Travel_Rarely,1372,Support,27,Doctor,Other,High,Femme,70,Low,4,Sales Executive,High,Single,6390,57510,5,1,26,Outstanding,Medium,4,16,3,Bad,15,13,14,14,Jeune,Grenoble
57,No,Travel_Frequently,808,Hardware,7,Doctor,Human Resources,Medium,Femme,38,High,3,Healthcare Representative,Very High,Single,9298,269642,0,0,47,Outstanding,Very High,4,2,1,Better,2,2,1,1,Senior,Lille
46,Yes,Travel_Rarely,177,Support,46,Doctor,Technical Degree,Very High,Femme,126,Medium,2,Human Resources,Low,Divorced,7419,140961,3,1,47,Good,Very High,4,2,1,Better,2,2,2,1,Senior,Grenoble
36,No,Travel_Rarely,1408,Support,18,College,Technical Degree,Very High,Homme,166,High,1,Sales Executive,Very High,Married,15320,413640,5,0,32,Outstanding,Low,2,18,5,Best,17,2,12,2,Adulte,Grenoble
30,No,Travel_Rarely,791,Human Resources,25,Below College,Other,Very High,Femme,91,Low,3,Healthcare Representative,Low,Divorced,35484,496776,1,1,2,Bad,Very High,3,8,3,Better,2,2,1,2,Jeune,Marseille
29,Yes,Travel_Frequently,548,Hardware,13,Below College,Life Sciences,Medium,Femme,146,Low,1,Sales Executive,High,Divorced,33821,202926,8,0,21,Outstanding,High,3,27,2,Good,2,1,2,2,Jeune,Lille
39,Yes,Travel_Frequently,711,Sales,10,Bachelor,Technical Degree,High,Homme,63,Low,3,Healthcare Representative,Medium,Single,13424,228208,3,0,7,Good,Low,2,20,4,Good,8,2,4,2,Adulte,Lyon
54,No,Non-Travel,1268,Human Resources,2,Bachelor,Human Resources,Low,Femme,50,Low,4,Research Scientist,Medium,Married,2841,39774,1,0,7,Bad,Very High,3,36,4,Bad,7,5,2,4,Senior,Marseille
28,Yes,Non-Travel,1360,Sales,12,Doctor,Marketing,High,Homme,189,Very High,1,Sales Representative,High,Divorced,40423,848883,6,1,25,Good,Low,1,5,3,Bad,3,3,1,2,Jeune,Lyon
45,No,Travel_Rarely,1329,Sales,30,Master,Life Sciences,Medium,Homme,85,Low,5,Healthcare Representative,Medium,Married,4115,78185,3,1,34,Good,Low,1,6,4,Bad,5,4,3,4,Adulte,Lyon
40,No,Non-Travel,1172,Research & Development,41,Master,Medical,High,Femme,162,Very High,2,Sales Representative,High,Divorced,44723,1162798,7,1,37,Excellent,Medium,1,21,6,Bad,16,14,10,6,Adulte,Paris
18,No,Travel_Rarely,1381,Research & Development,3,Master,Human Resources,Low,Femme,60,Medium,1,Research Director,High,Single,34039,1021170,2,1,46,Outstanding,Medium,1,3,1,Good,3,3,1,1,Jeune,Paris
31,No,Travel_Frequently,1193,Hardware,50,College,Life Sciences,Medium,Homme,139,Medium,3,Research Scientist,Very High,Divorced,19337,464088,5,1,32,Good,High,3,7,6,Better,7,5,5,3,Adulte,Lille
49,No,Non-Travel,792,Hardware,45,College,Medical,High,Femme,125,High,2,Healthcare Representative,Medium,Married,5309,100871,8,1,20,Bad,Very High,2,25,5,Better,19,13,2,6,Senior,Lille
47,Yes,Non-Travel,541,Hardware,31,Master,Other,Medium,Femme,135,High,2,Laboratory Technician,Very High,Single,39217,470604,3,0,47,Bad,High,1,33,1,Bad,31,25,14,29,Senior,Lille
51,Yes,Non-Travel,356,Sales,19,Doctor,Technical Degree,Medium,Homme,53,Very High,5,Manufacturing Director,Low,Divorced,46409,139227,1,0,23,Bad,High,4,33,3,Good,1,1,1,1,Senior,Lyon
47,No,Non-Travel,1489,Software,44,Bachelor,Marketing,Low,Femme,87,Medium,3,Research Scientist,High,Divorced,20795,353515,4,0,44,Good,Medium,4,1,4,Better,1,1,1,1,Senior,Nantes
53,No,Non-Travel,628,Hardware,44,College,Medical,High,Femme,32,Very High,4,Manufacturing Director,Medium,Married,28636,114544,4,1,5,Good,Medium,2,3,5,Good,2,2,2,1,Senior,Lille
30,No,Non-Travel,826,Software,44,Doctor,Medical,Low,Femme,141,Low,4,Human Resources,Low,Single,47354,473540,0,1,10,Good,Low,2,31,1,Bad,24,15,1,6,Jeune,Nantes
46,Yes,Travel_Rarely,399,Support,2,Bachelor,Life Sciences,Very High,Homme,159,Medium,2,Laboratory Technician,Medium,Single,12850,154200,1,1,31,Outstanding,Medium,2,9,3,Bad,3,1,1,2,Senior,Grenoble
23,Yes,Travel_Frequently,552,Hardware,17,Bachelor,Life Sciences,Low,Homme,195,Very High,1,Sales Executive,High,Married,46148,830664,5,0,8,Good,Low,2,24,3,Good,22,3,17,14,Jeune,Lille
51,No,Travel_Frequently,165,Hardware,5,Below College,Other,Very High,Homme,158,Medium,4,Sales Representative,High,Divorced,20649,474927,7,1,48,Bad,Medium,2,36,1,Best,21,20,15,17,Senior,Lille
54,Yes,Travel_Frequently,1263,Research & Development,3,College,Medical,Medium,Femme,194,Very High,1,Developer,Very High,Single,15725,31450,1,0,36,Bad,Very High,2,23,5,Better,12,9,12,2,Senior,Paris
56,No,Travel_Rarely,386,Software,34,Master,Medical,High,Homme,177,High,2,Research Director,High,Divorced,47128,1413840,1,1,21,Bad,Medium,3,9,6,Bad,4,1,1,4,Senior,Nantes
42,No,Travel_Frequently,775,Hardware,7,Below College,Medical,Medium,Homme,157,Low,3,Sales Executive,Very High,Divorced,14375,172500,0,1,48,Good,High,4,33,3,Good,2,2,1,1,Adulte,Lille
26,Yes,Travel_Frequently,112,Human Resources,49,Master,Medical,Medium,Femme,178,Low,4,Research Scientist,Very High,Married,44945,269670,6,0,39,Good,Low,2,25,4,Bad,2,2,2,2,Jeune,Marseille
53,Yes,Non-Travel,1268,Research & Development,39,Master,Other,Very High,Femme,126,Medium,4,Healthcare Representative,Low,Single,33158,431054,3,1,10,Good,High,1,26,4,Best,4,1,3,2,Senior,Paris
56,No,Non-Travel,468,Sales,8,Doctor,Medical,Medium,Homme,47,Very High,5,Manager,High,Married,21848,305872,5,0,14,Excellent,High,3,18,2,Best,11,4,6,2,Senior,Lyon
38,Yes,Travel_Frequently,563,Human Resources,20,Below College,Other,Medium,Homme,129,Very High,3,Human Resources,High,Single,39427,1064529,3,0,33,Bad,Very High,4,25,2,Best,13,9,2,11,Adulte,Marseille
56,No,Non-Travel,1048,Sales,7,Below College,Other,High,Femme,90,Low,1,Manufacturing Director,Medium,Married,6378,95670,4,1,7,Good,High,2,33,6,Better,29,17,18,6,Senior,Lyon
58,No,Travel_Rarely,944,Human Resources,5,Bachelor,Medical,High,Homme,110,High,3,Sales Representative,Medium,Married,39310,353790,0,0,30,Excellent,Low,4,17,6,Best,10,4,3,5,Senior,Marseille
50,No,Travel_Rarely,1447,Software,26,College,Life Sciences,High,Homme,185,High,4,Manager,High,Married,48919,48919,1,0,10,Bad,High,4,16,6,Good,16,13,14,7,Senior,Nantes
47,No,Travel_Frequently,617,Sales,49,Bachelor,Human Resources,Low,Homme,155,Very High,3,Healthcare Representative,Very High,Divorced,20066,481584,2,1,49,Outstanding,Medium,3,13,6,Best,4,1,2,4,Senior,Lyon
51,No,Non-Travel,862,Sales,44,Below College,Other,Very High,Femme,67,Very High,1,Sales Representative,High,Single,37784,264488,2,0,0,Good,Very High,1,20,3,Better,2,1,1,2,Senior,Lyon
40,Yes,Travel_Frequently,531,Human Resources,45,Doctor,Technical Degree,Medium,Homme,199,Low,5,Sales Representative,Medium,Single,45763,91526,7,0,21,Bad,Very High,4,2,2,Bad,2,1,1,1,Adulte,Marseille
24,No,Non-Travel,286,Sales,4,College,Marketing,Low,Homme,157,High,5,Sales Executive,Medium,Married,22530,653370,8,1,26,Excellent,Low,2,27,5,Best,14,11,1,8,Jeune,Lyon
39,No,Travel_Frequently,756,Research & Development,7,Doctor,Marketing,Medium,Homme,158,Very High,1,Sales Executive,Medium,Married,42216,802104,8,1,43,Outstanding,High,2,6,1,Best,4,4,1,3,Adulte,Paris
48,No,Travel_Rarely,944,Software,1,Doctor,Technical Degree,High,Homme,168,High,2,Healthcare Representative,Very High,Single,49192,245960,3,1,17,Bad,Very High,1,17,3,Best,1,1,1,1,Senior,Nantes
26,No,Travel_Rarely,212,Hardware,38,Below College,Marketing,Low,Femme,76,Very High,2,Healthcare Representative,High,Married,19616,588480,6,0,8,Outstanding,Very High,1,31,6,Best,4,1,3,2,Jeune,Lille
37,No,Travel_Frequently,1376,Sales,49,College,Marketing,High,Homme,129,Medium,4,Sales Representative,Very High,Married,24609,246090,1,1,37,Outstanding,Medium,4,30,3,Better,12,3,9,12,Adulte,Lyon
57,No,Non-Travel,1299,Support,13,Master,Marketing,Medium,Homme,137,High,1,Research Director,Low,Single,43800,1138800,0,1,26,Outstanding,Very High,1,1,6,Better,1,1,1,1,Senior,Grenoble
47,Yes,Travel_Rarely,127,Software,45,Below College,Life Sciences,High,Homme,111,Low,2,Sales Executive,Very High,Married,39550,949200,8,0,12,Excellent,High,1,38,2,Bad,8,6,8,3,Senior,Nantes
53,Yes,Non-Travel,263,Research & Development,40,Below College,Marketing,Low,Homme,43,Very High,3,Manufacturing Director,Medium,Single,29579,88737,1,1,42,Bad,Medium,1,12,3,Good,5,2,1,2,Senior,Paris
22,Yes,Travel_Rarely,151,Hardware,36,College,Technical Degree,Medium,Homme,141,Very High,4,Developer,Low,Married,42802,984446,0,0,29,Bad,Medium,3,25,6,Good,7,4,4,5,Jeune,Lille
27,No,Non-Travel,592,Sales,6,Bachelor,Human Resources,High,Homme,72,Very High,4,Sales Executive,Very High,Married,42088,126264,7,0,34,Excellent,Very High,2,23,2,Good,10,3,8,10,Jeune,Lyon
40,Yes,Travel_Rarely,177,Hardware,39,Doctor,Human Resources,Low,Femme,94,High,5,Laboratory Technician,Medium,Single,20939,565353,5,1,49,Excellent,High,1,37,5,Good,29,16,15,28,Adulte,Lille
44,No,Travel_Rarely,157,Hardware,2,Below College,Life Sciences,Low,Homme,179,Very High,2,Human Resources,Medium,Divorced,4568,114200,0,1,3,Bad,High,3,14,2,Better,5,4,5,1,Adulte,Lille
25,Yes,Non-Travel,656,Human Resources,9,Master,Technical Degree,Low,Homme,98,Low,1,Sales Representative,High,Single,50932,1222368,1,0,19,Excellent,Very High,3,8,3,Bad,1,1,1,1,Jeune,Marseille
51,No,Travel_Frequently,1288,Research & Development,7,College,Technical Degree,Very High,Homme,35,High,2,Healthcare Representative,Medium,Married,23540,588500,3,0,6,Good,High,3,21,3,Good,6,1,3,5,Senior,Paris
35,Yes,Travel_Frequently,432,Software,13,Master,Human Resources,Low,Homme,137,Low,3,Laboratory Technician,Very High,Married,5296,21184,6,1,34,Outstanding,High,4,3,1,Good,3,1,2,3,Adulte,Nantes
45,No,Non-Travel,819,Hardware,39,Master,Life Sciences,Medium,Femme,46,High,4,Sales Representative,Very High,Single,4796,110308,0,0,6,Outstanding,Medium,4,32,3,Better,26,3,20,11,Adulte,Lille
31,Yes,Travel_Frequently,1258,Support,37,Master,Life Sciences,Low,Homme,158,Very High,4,Sales Representative,High,Single,1975,9875,3,1,35,Excellent,Medium,1,15,2,Good,14,11,10,14,Adulte,Grenoble
21,Yes,Travel_Rarely,170,Support,50,Doctor,Technical Degree,Very High,Homme,179,Low,4,Developer,Medium,Divorced,46148,415332,2,1,29,Good,Medium,1,6,3,Good,2,2,2,2,Jeune,Grenoble
58,No,Travel_Rarely,1195,Software,9,Below College,Life Sciences,Very High,Homme,139,Low,1,Manufacturing Director,High,Divorced,3628,32652,6,1,46,Outstanding,Medium,1,11,2,Bad,11,1,1,9,Senior,Nantes
36,Yes,Travel_Frequently,225,Human Resources,20,College,Marketing,High,Homme,148,Very High,1,Healthcare Representative,Very High,Single,5371,96678,7,1,22,Outstanding,Low,3,24,6,Good,4,2,4,1,Adulte,Marseille
48,Yes,Travel_Rarely,316,Sales,36,College,Medical,High,Femme,129,High,4,Laboratory Technician,Medium,Single,33527,603486,0,0,12,Outstanding,Very High,2,33,1,Best,13,4,7,11,Senior,Lyon
18,No,Non-Travel,737,Sales,28,Bachelor,Other,Medium,Femme,83,Medium,4,Research Scientist,Medium,Divorced,4281,64215,2,0,33,Outstanding,High,1,5,6,Best,4,1,2,4,Jeune,Lyon
34,Yes,Non-Travel,471,Sales,28,Bachelor,Life Sciences,Medium,Femme,156,High,1,Sales Executive,High,Divorced,37734,603744,8,0,37,Outstanding,Very High,1,20,4,Better,2,2,1,1,Adulte,Lyon
57,No,Travel_Frequently,561,Human Resources,16,Below College,Marketing,High,Femme,193,Medium,5,Laboratory Technician,Low,Single,42385,423850,3,1,13,Bad,Very High,4,18,1,Good,12,7,5,9,Senior,Marseille
45,No,Travel_Rarely,797,Research & Development,4,Doctor,Life Sciences,Very High,Homme,104,High,3,Manufacturing Director,High,Single,35768,608056,4,0,39,Outstanding,High,4,31,3,Bad,27,21,9,14,Adulte,Paris
35,No,Travel_Frequently,923,Human Resources,47,Master,Other,Very High,Femme,190,Medium,4,Human Resources,Very High,Married,6031,120620,7,1,11,Outstanding,Low,3,21,2,Best,17,17,13,6,Adulte,Marseille
25,Yes,Travel_Frequently,864,Research & Development,3,Master,Life Sciences,Very High,Femme,33,Medium,3,Sales Executive,Medium,Divorced,14422,374972,8,1,47,Outstanding,Medium,3,24,1,Better,23,7,20,7,Jeune,Paris
46,Yes,Travel_Rarely,321,Hardware,11,College,Human Resources,Very High,Femme,119,High,5,Research Scientist,High,Married,21513,537825,8,1,25,Bad,High,1,10,2,Best,6,6,3,4,Senior,Lille
56,No,Travel_Rarely,1236,Human Resources,14,College,Life Sciences,High,Femme,123,Low,3,Manager,Low,Married,31939,606841,4,0,39,Good,Medium,3,8,2,Bad,4,2,4,1,Senior,Marseille
55,Yes,Travel_Rarely,783,Human Resources,42,College,Technical Degree,Medium,Homme,45,Medium,3,Laboratory Technician,Very High,Married,13051,300173,6,0,46,Outstanding,Low,1,7,5,Best,2,2,1,2,Senior,Marseille
42,Yes,Travel_Frequently,1412,Software,16,Bachelor,Other,High,Femme,108,Low,5,Healthcare Representative,High,Single,12229,366870,2,0,25,Excellent,Medium,4,30,4,Bad,1,1,1,1,Adulte,Nantes
25,No,Travel_Frequently,764,Research & Development,30,Below College,Human Resources,Very High,Femme,152,Very High,4,Laboratory Technician,Very High,Married,39100,586500,5,0,0,Outstanding,Medium,1,7,2,Best,2,1,2,2,Jeune,Paris
52,Yes,Travel_Rarely,1057,Research & Development,24,College,Human Resources,Very High,Femme,35,High,2,Healthcare Representative,Low,Divorced,21304,511296,1,0,38,Excellent,High,2,2,4,Good,1,1,1,1,Senior,Paris
55,No,Travel_Rarely,717,Human Resources,12,Bachelor,Technical Degree,High,Femme,160,Very High,4,Manager,Low,Single,42905,557765,0,1,46,Bad,High,4,8,5,Good,1,1,1,1,Senior,Marseille
47,Yes,Travel_Frequently,977,Sales,47,Bachelor,Marketing,Low,Homme,75,Medium,1,Research Director,Low,Single,30639,367668,2,1,16,Excellent,Medium,2,31,2,Best,27,24,12,22,Senior,Lyon
44,No,Travel_Rarely,112,Human Resources,19,Doctor,Marketing,Very High,Homme,40,Low,1,Human Resources,High,Married,15762,126096,7,0,45,Excellent,High,1,31,3,Best,11,3,8,5,Adulte,Marseille
25,No,Travel_Frequently,637,Support,49,College,Other,High,Femme,101,Very High,3,Research Director,Low,Single,34622,138488,5,0,15,Outstanding,Very High,1,1,2,Good,1,1,1,1,Jeune,Grenoble
55,No,Travel_Rarely,1448,Software,7,Below College,Technical Degree,Low,Femme,161,Medium,5,Sales Representative,Very High,Divorced,33907,67814,5,1,3,Bad,High,2,30,3,Good,14,2,11,1,Senior,Nantes
51,Yes,Non-Travel,591,Research & Development,21,College,Medical,Very High,Femme,116,High,2,Manager,Low,Married,1803,34257,8,0,12,Excellent,Very High,4,36,4,Better,19,19,2,5,Senior,Paris
53,Yes,Non-Travel,711,Hardware,50,Doctor,Medical,High,Femme,43,Low,2,Research Scientist,Medium,Married,42475,1146825,0,0,17,Excellent,High,2,17,6,Good,13,5,7,11,Senior,Lille
52,Yes,Travel_Frequently,321,Research & Development,44,Master,Technical Degree,Very High,Homme,87,Low,4,Sales Executive,Low,Married,2114,48622,3,0,6,Outstanding,Very High,4,11,5,Best,3,2,2,2,Senior,Paris
21,Yes,Travel_Frequently,151,Human Resources,39,College,Life Sciences,Low,Femme,62,High,2,Sales Representative,Very High,Single,22468,112340,7,1,4,Bad,High,2,5,3,Good,3,1,3,1,Jeune,Marseille
45,Yes,Travel_Frequently,544,Software,24,College,Other,Medium,Femme,191,Very High,5,Manufacturing Director,Medium,Single,14756,324632,6,0,12,Good,High,1,32,2,Good,17,2,10,9,Adulte,Nantes
32,Yes,Travel_Frequently,1124,Support,32,Below College,Human Resources,Very High,Homme,93,Very High,1,Human Resources,Low,Divorced,39169,391690,5,0,18,Outstanding,Very High,1,38,4,Better,14,11,12,1,Adulte,Grenoble
18,No,Travel_Rarely,1191,Hardware,49,Master,Medical,Low,Femme,120,Low,4,Manufacturing Director,High,Married,33934,33934,7,0,21,Bad,Very High,3,24,4,Bad,19,14,10,14,Jeune,Lille
21,No,Travel_Frequently,936,Human Resources,45,Doctor,Life Sciences,Low,Homme,32,Medium,1,Human Resources,Medium,Married,32937,922236,0,1,8,Bad,High,1,1,4,Better,1,1,1,1,Jeune,Marseille
33,No,Travel_Frequently,622,Research & Development,32,College,Marketing,Very High,Homme,60,Low,2,Sales Representative,Medium,Divorced,2136,12816,8,1,48,Excellent,Medium,2,33,3,Better,31,24,29,19,Adulte,Paris
57,Yes,Non-Travel,1193,Support,32,Doctor,Human Resources,High,Femme,180,High,2,Developer,Medium,Divorced,25824,490656,0,1,3,Outstanding,Low,4,25,3,Better,25,24,7,1,Senior,Grenoble
39,Yes,Travel_Rarely,574,Human Resources,1,College,Human Resources,Low,Femme,44,High,4,Human Resources,Very High,Married,13134,341484,1,1,25,Good,Low,3,31,4,Best,27,27,15,20,Adulte,Marseille
18,Yes,Travel_Rarely,463,Sales,24,Doctor,Technical Degree,High,Femme,43,Very High,2,Sales Representative,Very High,Divorced,29948,209636,5,0,38,Excellent,Low,2,4,3,Best,3,2,2,2,Jeune,Lyon
34,No,Travel_Frequently,701,Research & Development,48,College,Human Resources,Medium,Femme,195,Very High,5,Research Scientist,Very High,Married,39403,1103284,5,1,20,Good,High,2,18,1,Best,12,4,10,1,Adulte,Paris
24,No,Travel_Rarely,439,Research & Development,14,Doctor,Other,Low,Femme,104,Low,4,Healthcare Representative,Very High,Married,6064,127344,8,1,3,Bad,Very High,3,11,4,Bad,2,1,2,2,Jeune,Paris
39,No,Travel_Frequently,515,Support,50,Bachelor,Human Resources,Medium,Homme,184,Medium,2,Sales Executive,Medium,Married,1138,19346,0,1,30,Bad,Very High,2,9,1,Bad,7,7,6,5,Adulte,Grenoble
50,Yes,Travel_Frequently,537,Sales,22,Bachelor,Marketing,High,Homme,71,Very High,4,Sales Executive,High,Single,33262,498930,0,1,33,Outstanding,Low,4,32,4,Best,29,23,21,1,Senior,Lyon
43,Yes,Travel_Rarely,286,Support,8,Bachelor,Medical,Low,Homme,176,High,1,Research Scientist,Low,Single,6561,111537,2,0,44,Bad,High,3,40,6,Best,40,13,28,25,Adulte,Grenoble
36,No,Travel_Rarely,1013,Research & Development,40,Master,Life Sciences,Medium,Femme,130,High,5,Manufacturing Director,Very High,Married,13246,304658,0,0,9,Excellent,Low,3,30,2,Good,14,9,7,1,Adulte,Paris
22,Yes,Travel_Frequently,1192,Human Resources,47,College,Medical,Very High,Femme,110,Medium,5,Developer,Low,Single,5707,97019,8,0,2,Bad,High,3,31,5,Best,3,1,3,3,Jeune,Marseille
42,Yes,Travel_Rarely,1422,Human Resources,43,College,Other,High,Femme,166,High,5,Sales Executive,Low,Divorced,45108,451080,6,0,11,Excellent,High,4,14,5,Better,5,2,1,2,Adulte,Marseille
59,No,Travel_Frequently,1203,Hardware,41,Below College,Medical,Very High,Homme,38,High,5,Research Director,Low,Married,12370,24740,1,1,19,Outstanding,Medium,1,28,4,Better,14,3,3,12,Senior,Lille
23,No,Travel_Rarely,1203,Software,26,Doctor,Other,Medium,Femme,135,Low,2,Manager,Very High,Single,19059,400239,1,1,13,Excellent,Medium,1,23,4,Best,13,7,11,11,Jeune,Nantes
53,Yes,Non-Travel,275,Software,36,Master,Technical Degree,Very High,Femme,164,Medium,2,Research Scientist,Medium,Single,11407,239547,6,0,30,Bad,High,2,35,2,Bad,26,7,23,26,Senior,Nantes
52,Yes,Non-Travel,1127,Hardware,17,College,Human Resources,Low,Homme,56,Low,2,Research Director,Very High,Divorced,40033,1160957,6,0,46,Outstanding,Low,2,3,6,Better,1,1,1,1,Senior,Lille
26,Yes,Travel_Frequently,837,Sales,2,Below College,Other,High,Femme,115,Low,2,Manager,Low,Married,31071,310710,7,0,46,Good,High,3,31,5,Better,3,3,3,3,Jeune,Lyon
57,No,Travel_Rarely,481,Hardware,24,Doctor,Life Sciences,Medium,Homme,172,Very High,4,Developer,Very High,Single,4617,110808,7,1,25,Bad,Medium,1,32,1,Bad,6,5,2,6,Senior,Lille
43,Yes,Non-Travel,1051,Human Resources,19,College,Medical,Very High,Femme,140,Low,5,Developer,High,Single,22581,496782,4,1,2,Excellent,Very High,2,32,3,Bad,21,13,15,20,Adulte,Marseille
60,No,Travel_Rarely,630,Sales,27,Doctor,Life Sciences,Medium,Homme,156,Low,4,Sales Representative,Low,Divorced,17239,34478,8,0,13,Outstanding,Very High,1,38,3,Bad,28,24,18,18,Senior,Lyon
47,Yes,Travel_Frequently,1127,Human Resources,6,Master,Other,High,Femme,75,High,2,Laboratory Technician,Medium,Married,1601,25616,6,1,15,Bad,Low,4,6,2,Bad,2,2,2,2,Senior,Marseille
44,Yes,Travel_Frequently,717,Support,1,Doctor,Other,High,Homme,56,Medium,1,Sales Representative,High,Married,44049,1145274,1,1,36,Excellent,Medium,4,14,3,Good,12,3,11,11,Adulte,Grenoble
49,Yes,Non-Travel,1282,Sales,18,Below College,Life Sciences,Medium,Homme,47,Low,3,Research Director,High,Single,18817,413974,7,0,2,Excellent,Medium,1,20,4,Good,5,2,1,1,Senior,Lyon
26,No,Travel_Rarely,1062,Software,4,Master,Human Resources,High,Femme,65,Medium,4,Manufacturing Director,Medium,Divorced,15432,15432,1,1,34,Good,Very High,4,17,1,Best,12,2,8,4,Jeune,Nantes
54,Yes,Travel_Rarely,1103,Software,37,College,Medical,Medium,Femme,53,High,2,Sales Representative,Very High,Married,39313,196565,7,1,7,Good,Very High,3,39,6,Bad,32,4,19,1,Senior,Nantes
57,No,Non-Travel,719,Sales,44,Below College,Marketing,High,Homme,179,Low,5,Manufacturing Director,Low,Married,50597,354179,5,1,6,Excellent,Very High,1,10,5,Good,2,1,1,1,Senior,Lyon
32,Yes,Non-Travel,624,Support,19,Bachelor,Other,Very High,Homme,65,Low,5,Developer,Low,Divorced,22913,229130,2,0,14,Bad,Medium,1,8,6,Better,6,3,2,1,Adulte,Grenoble
37,Yes,Travel_Rarely,1228,Software,34,Master,Human Resources,High,Homme,168,High,4,Research Director,Low,Single,40164,281148,1,0,46,Good,Low,4,16,5,Better,8,7,5,5,Adulte,Nantes
39,No,Travel_Frequently,975,Sales,4,Below College,Other,Low,Femme,113,Medium,5,Sales Executive,Very High,Single,10196,214116,6,1,6,Excellent,Very High,3,28,6,Better,16,7,3,4,Adulte,Lyon
49,Yes,Travel_Rarely,946,Sales,19,Below College,Marketing,Medium,Homme,150,High,4,Sales Executive,Medium,Divorced,35208,457704,7,0,9,Bad,High,4,18,3,Bad,13,6,8,8,Senior,Lyon
60,No,Travel_Frequently,1393,Software,8,Doctor,Human Resources,Low,Femme,200,Low,4,Manager,Very High,Married,31352,627040,4,0,41,Excellent,Very High,3,29,6,Better,16,2,8,15,Senior,Nantes
45,Yes,Travel_Rarely,1088,Hardware,22,Bachelor,Technical Degree,Low,Homme,50,Very High,3,Sales Representative,High,Divorced,3675,69825,1,0,28,Bad,Low,1,23,5,Bad,17,11,15,1,Adulte,Lille
47,No,Non-Travel,979,Software,29,Bachelor,Life Sciences,High,Femme,95,Low,3,Research Scientist,Very High,Single,17590,193490,1,0,20,Outstanding,Low,3,14,4,Bad,8,3,6,3,Senior,Nantes
38,Yes,Non-Travel,155,Human Resources,46,College,Human Resources,Low,Homme,47,Medium,2,Laboratory Technician,Medium,Married,27627,745929,1,1,42,Good,Low,3,25,2,Better,15,4,1,8,Adulte,Marseille
38,No,Travel_Frequently,1280,Research & Development,37,Doctor,Human Resources,Low,Femme,151,High,5,Sales Representative,High,Divorced,7264,188864,3,1,35,Bad,Low,4,27,4,Bad,1,1,1,1,Adulte,Paris
39,Yes,Travel_Frequently,1387,Sales,26,Master,Human Resources,Low,Homme,187,High,2,Human Resources,Medium,Married,27238,490284,8,0,40,Good,Very High,2,2,5,Good,1,1,1,1,Adulte,Lyon
42,No,Travel_Frequently,566,Research & Development,28,College,Marketing,Very High,Homme,190,Very High,1,Sales Executive,Very High,Married,1411,9877,5,1,19,Excellent,High,4,37,3,Best,7,5,7,7,Adulte,Paris
55,No,Travel_Frequently,810,Support,34,College,Human Resources,Medium,Homme,164,Very High,2,Human Resources,Very High,Single,9992,269784,1,1,46,Outstanding,Medium,4,17,6,Better,7,6,1,5,Senior,Grenoble
18,Yes,Travel_Frequently,414,Software,42,Below College,Human Resources,Medium,Homme,83,Very High,5,Healthcare Representative,Low,Married,35901,825723,5,0,37,Bad,High,1,7,5,Bad,7,1,5,5,Jeune,Nantes
58,Yes,Travel_Rarely,831,Human Resources,50,Doctor,Technical Degree,High,Homme,96,Very High,2,Human Resources,Low,Divorced,6005,24020,2,0,28,Good,Very High,2,39,6,Best,10,8,6,10,Senior,Marseille
51,No,Travel_Frequently,738,Software,17,Below College,Marketing,Medium,Homme,189,Low,1,Sales Executive,Medium,Single,49863,598356,5,0,34,Outstanding,High,3,6,4,Good,6,2,6,6,Senior,Nantes
48,Yes,Non-Travel,830,Software,35,Bachelor,Human Resources,High,Homme,125,Medium,2,Sales Executive,Very High,Married,12927,284394,2,1,39,Bad,Very High,3,37,2,Best,33,20,24,32,Senior,Nantes
40,Yes,Non-Travel,384,Hardware,27,Doctor,Other,Very High,Femme,59,High,5,Manufacturing Director,Very High,Divorced,42601,979823,0,0,39,Bad,High,2,28,4,Better,3,1,3,3,Adulte,Lille
42,No,Non-Travel,614,Human Resources,45,Master,Technical Degree,Low,Homme,117,Medium,2,Developer,Low,Single,36346,145384,4,0,35,Bad,Low,3,28,6,Better,4,3,3,3,Adulte,Marseille
51,Yes,Travel_Rarely,1145,Sales,27,Master,Marketing,Very High,Homme,143,High,5,Healthcare Representative,High,Single,23661,496881,1,1,23,Outstanding,High,3,22,1,Bad,5,2,3,2,Senior,Lyon
24,No,Non-Travel,1092,Research & Development,48,Bachelor,Medical,Medium,Femme,87,High,4,Sales Representative,Low,Married,24138,265518,2,0,12,Excellent,High,2,7,1,Best,2,1,1,1,Jeune,Paris
30,No,Travel_Frequently,798,Research & Development,10,Doctor,Life Sciences,Low,Femme,46,High,2,Healthcare Representative,High,Divorced,23260,69780,3,0,44,Excellent,High,2,5,5,Best,2,1,2,1,Jeune,Paris
41,Yes,Travel_Frequently,902,Research & Development,35,Below College,Other,Medium,Homme,161,Medium,3,Laboratory Technician,High,Single,5699,11398,2,0,31,Bad,High,1,3,5,Good,3,1,3,2,Adulte,Paris
47,Yes,Non-Travel,321,Hardware,31,Bachelor,Technical Degree,High,Homme,38,Very High,5,Manager,Medium,Married,42748,470228,4,1,36,Good,Low,2,22,6,Good,7,4,2,3,Senior,Lille
24,No,Travel_Rarely,690,Research & Development,1,Doctor,Technical Degree,High,Homme,104,Very High,2,Manufacturing Director,Very High,Single,9502,9502,6,1,39,Bad,Low,4,10,5,Good,8,6,3,2,Jeune,Paris
51,No,Travel_Rarely,400,Research & Development,31,College,Marketing,Low,Homme,122,Low,4,Healthcare Representative,Medium,Single,37298,111894,5,0,4,Excellent,Very High,3,6,6,Good,6,2,2,6,Senior,Paris
39,Yes,Non-Travel,452,Sales,38,Master,Other,Low,Homme,35,Very High,5,Research Scientist,Medium,Single,44906,987932,8,0,1,Outstanding,Medium,2,40,4,Best,21,18,17,4,Adulte,Lyon
26,Yes,Travel_Frequently,477,Software,33,Below College,Medical,Low,Femme,33,Very High,4,Human Resources,Medium,Single,35514,142056,8,1,13,Outstanding,Medium,3,2,5,Bad,2,2,1,2,Jeune,Nantes
18,No,Travel_Rarely,932,Hardware,33,Doctor,Medical,Low,Femme,56,Medium,4,Human Resources,Very High,Married,46665,326655,4,1,47,Good,Medium,2,12,4,Better,6,5,2,5,Jeune,Lille
54,Yes,Non-Travel,1342,Hardware,25,Below College,Human Resources,Low,Femme,46,Medium,4,Sales Executive,Medium,Divorced,13131,380799,3,1,8,Excellent,Low,3,35,4,Better,25,12,10,17,Senior,Lille
18,Yes,Non-Travel,799,Support,16,Master,Other,Medium,Femme,162,Low,2,Research Scientist,High,Married,43064,645960,3,0,0,Excellent,High,2,4,1,Good,4,1,1,4,Jeune,Grenoble
55,Yes,Travel_Frequently,1442,Support,22,Bachelor,Marketing,Very High,Homme,45,Low,3,Research Director,Medium,Single,50517,808272,5,1,22,Bad,High,4,7,1,Good,2,2,2,2,Senior,Grenoble
36,Yes,Travel_Frequently,1296,Hardware,46,Below College,Technical Degree,Low,Homme,123,Very High,5,Healthcare Representative,High,Single,21134,42268,8,0,0,Excellent,Very High,3,4,5,Better,3,1,2,3,Adulte,Lille
58,Yes,Non-Travel,1189,Sales,3,Master,Human Resources,Low,Femme,69,Low,5,Healthcare Representative,High,Single,16137,387288,5,0,38,Excellent,Medium,3,27,5,Best,8,3,6,8,Senior,Lyon
60,Yes,Non-Travel,977,Research & Development,27,Bachelor,Life Sciences,Very High,Homme,107,Very High,4,Developer,Very High,Married,24865,422705,0,0,16,Good,Low,2,39,2,Good,7,6,7,6,Senior,Paris
44,Yes,Non-Travel,549,Human Resources,35,College,Human Resources,Medium,Femme,67,High,2,Manufacturing Director,Low,Single,30696,399048,6,0,31,Bad,Very High,3,5,2,Better,4,3,1,2,Adulte,Marseille
44,No,Non-Travel,1330,Sales,12,Doctor,Technical Degree,High,Homme,108,Medium,4,Manager,Very High,Married,34872,592824,1,0,44,Bad,Medium,4,26,2,Best,6,3,1,5,Adulte,Lyon
53,No,Non-Travel,693,Support,1,College,Life Sciences,Low,Femme,75,Low,4,Human Resources,High,Married,29124,436860,7,1,40,Outstanding,Low,4,12,1,Bad,10,9,1,8,Senior,Grenoble
43,No,Non-Travel,1002,Hardware,46,Bachelor,Medical,Very High,Femme,63,Very High,2,Human Resources,Medium,Single,40440,727920,6,0,46,Good,Low,1,13,4,Bad,7,2,5,7,Adulte,Lille
31,No,Non-Travel,1285,Hardware,35,Bachelor,Medical,Very High,Homme,195,High,3,Laboratory Technician,Very High,Single,50098,1152254,7,0,23,Excellent,Very High,3,24,6,Bad,24,8,6,19,Adulte,Lille
47,Yes,Travel_Rarely,112,Sales,4,Below College,Medical,Medium,Femme,175,Very High,4,Human Resources,Medium,Single,27390,438240,2,0,16,Outstanding,Very High,2,4,6,Better,4,1,3,1,Senior,Lyon
36,Yes,Travel_Rarely,706,Support,37,Doctor,Life Sciences,High,Femme,135,Low,5,Human Resources,Medium,Married,45302,588926,0,1,2,Outstanding,Very High,1,10,6,Bad,3,1,1,1,Adulte,Grenoble
25,No,Non-Travel,1498,Sales,42,Doctor,Other,Low,Femme,157,Very High,3,Manufacturing Director,Medium,Divorced,17704,336376,3,1,39,Excellent,High,3,24,4,Best,23,5,13,4,Jeune,Lyon
18,Yes,Travel_Rarely,1271,Software,3,Doctor,Marketing,Very High,Femme,164,High,3,Research Scientist,Medium,Divorced,13089,301047,1,1,41,Excellent,Medium,3,5,5,Bad,2,1,1,2,Jeune,Nantes
35,Yes,Travel_Frequently,245,Support,28,College,Medical,Medium,Homme,87,Medium,1,Sales Representative,Very High,Single,9342,168156,0,1,18,Bad,High,4,37,4,Best,20,20,8,3,Adulte,Grenoble
58,No,Non-Travel,844,Hardware,30,College,Technical Degree,High,Femme,75,Low,1,Research Director,Low,Divorced,23752,712560,2,0,45,Excellent,High,3,16,5,Good,5,2,4,4,Senior,Lille
45,Yes,Travel_Frequently,874,Human Resources,22,Master,Other,Low,Homme,131,Very High,4,Developer,Medium,Divorced,27197,81591,5,0,47,Excellent,High,1,28,6,Better,8,5,7,4,Adulte,Marseille
56,No,Non-Travel,209,Support,36,College,Human Resources,Low,Femme,147,High,5,Manufacturing Director,Very High,Married,16078,48234,4,1,30,Good,Medium,4,35,5,Bad,5,3,3,5,Senior,Grenoble
20,No,Travel_Rarely,1017,Software,24,Master,Life Sciences,Very High,Homme,194,Very High,1,Human Resources,High,Single,8617,51702,3,0,45,Good,Low,4,13,4,Good,3,2,2,3,Jeune,Nantes
22,No,Travel_Rarely,1305,Research & Development,39,Master,Life Sciences,Medium,Homme,117,Low,1,Research Scientist,Low,Divorced,7388,125596,5,1,35,Outstanding,High,1,30,3,Good,25,11,24,22,Jeune,Paris
18,No,Travel_Rarely,1259,Hardware,39,Below College,Life Sciences,Very High,Homme,101,Very High,5,Manufacturing Director,Very High,Married,9432,75456,4,0,39,Bad,Medium,4,7,6,Best,2,2,1,2,Jeune,Lille
20,Yes,Travel_Rarely,1173,Hardware,15,Bachelor,Human Resources,Medium,Femme,42,Medium,3,Manufacturing Director,Low,Divorced,21731,260772,3,0,5,Excellent,Medium,1,26,6,Better,20,18,15,13,Jeune,Lille
43,No,Non-Travel,297,Hardware,24,Doctor,Human Resources,Medium,Femme,77,Very High,4,Healthcare Representative,Medium,Married,28935,260415,6,1,38,Good,Low,4,39,3,Best,19,13,5,9,Adulte,Lille
58,No,Non-Travel,833,Sales,3,Bachelor,Medical,Low,Femme,191,Medium,4,Developer,High,Married,3436,65284,6,0,43,Good,Low,3,28,4,Best,16,11,4,5,Senior,Lyon
26,No,Non-Travel,767,Sales,6,Doctor,Technical Degree,High,Homme,161,High,5,Human Resources,Very High,Single,14736,368400,0,1,28,Excellent,Low,3,13,2,Bad,11,2,5,10,Jeune,Lyon
59,Yes,Non-Travel,1044,Hardware,33,Doctor,Technical Degree,Low,Homme,173,Low,5,Developer,Medium,Single,45696,274176,1,1,20,Outstanding,High,3,1,1,Best,1,1,1,1,Senior,Lille
25,No,Travel_Rarely,997,Software,34,Doctor,Life Sciences,Medium,Femme,135,Low,4,Human Resources,Low,Single,20941,62823,1,1,34,Excellent,Very High,3,34,1,Best,4,3,2,4,Jeune,Nantes
42,Yes,Travel_Frequently,636,Human Resources,4,Below College,Life Sciences,High,Homme,147,Medium,2,Human Resources,High,Married,26393,184751,6,1,31,Bad,High,1,12,1,Best,5,3,5,3,Adulte,Marseille
59,No,Non-Travel,139,Hardware,30,Doctor,Marketing,High,Homme,197,Very High,3,Sales Representative,High,Divorced,5593,111860,2,0,13,Good,Very High,4,37,3,Bad,19,18,4,11,Senior,Lille
46,Yes,Travel_Frequently,907,Support,32,College,Other,Medium,Homme,160,Medium,3,Human Resources,High,Divorced,5817,145425,2,1,8,Bad,Very High,2,38,5,Good,11,1,9,8,Senior,Grenoble
46,No,Travel_Frequently,1064,Software,14,Bachelor,Technical Degree,Medium,Homme,141,Very High,2,Manufacturing Director,Medium,Single,15796,410696,1,1,47,Bad,Very High,1,20,2,Best,18,11,12,17,Senior,Nantes
28,No,Non-Travel,248,Support,36,Below College,Life Sciences,Medium,Homme,179,Very High,3,Developer,High,Divorced,3503,73563,6,0,45,Outstanding,High,1,34,6,Better,2,2,1,1,Jeune,Grenoble
33,No,Travel_Rarely,1314,Hardware,2,College,Marketing,Medium,Homme,85,Medium,1,Manufacturing Director,Medium,Married,21489,107445,2,1,30,Excellent,High,4,36,1,Bad,12,10,10,4,Adulte,Lille
54,Yes,Travel_Frequently,1390,Research & Development,7,Doctor,Life Sciences,High,Homme,43,High,3,Sales Representative,Low,Divorced,33852,846300,7,1,30,Good,High,4,17,2,Bad,16,1,16,10,Senior,Paris
48,Yes,Travel_Rarely,645,Sales,28,College,Life Sciences,Very High,Homme,63,High,2,Human Resources,Low,Divorced,21273,234003,0,1,42,Outstanding,High,1,14,5,Best,12,1,4,1,Senior,Lyon
52,Yes,Travel_Rarely,748,Software,39,College,Marketing,High,Homme,94,High,4,Manufacturing Director,Very High,Divorced,42722,640830,5,0,15,Bad,Low,2,34,5,Good,2,1,1,2,Senior,Nantes
28,Yes,Travel_Frequently,755,Support,5,College,Human Resources,Low,Homme,108,Medium,3,Sales Executive,Low,Single,6258,62580,7,1,18,Excellent,Low,1,19,3,Good,14,12,3,12,Jeune,Grenoble
36,Yes,Travel_Rarely,1150,Software,20,Bachelor,Technical Degree,Low,Femme,92,High,5,Manufacturing Director,Medium,Divorced,49696,695744,8,1,33,Good,High,1,21,6,Good,7,3,4,1,Adulte,Nantes
53,No,Non-Travel,1183,Hardware,9,Doctor,Other,Low,Homme,70,Medium,3,Laboratory Technician,Medium,Married,30350,151750,2,1,40,Excellent,High,3,19,4,Better,12,6,4,3,Senior,Lille
28,Yes,Travel_Rarely,1323,Hardware,47,Master,Life Sciences,High,Femme,169,High,3,Healthcare Representative,Medium,Single,13187,171431,1,0,29,Outstanding,Low,2,2,6,Best,2,2,1,1,Jeune,Lille
60,Yes,Travel_Rarely,1333,Support,29,College,Medical,Low,Homme,45,High,5,Human Resources,Low,Single,47921,814657,4,1,42,Bad,High,3,13,1,Bad,11,5,8,6,Senior,Grenoble
29,Yes,Non-Travel,1320,Research & Development,29,College,Other,Medium,Femme,139,Very High,5,Sales Representative,Low,Married,48097,721455,7,1,31,Good,Low,4,22,3,Best,8,2,7,7,Jeune,Paris
55,No,Non-Travel,669,Software,31,Below College,Technical Degree,High,Homme,69,Very High,1,Manufacturing Director,Low,Single,42303,676848,6,1,17,Bad,Low,1,17,2,Better,3,3,3,2,Senior,Nantes
43,No,Travel_Rarely,384,Human Resources,43,Master,Technical Degree,High,Femme,159,Low,4,Healthcare Representative,High,Single,38187,1145610,8,0,11,Good,High,2,31,5,Best,18,14,10,14,Adulte,Marseille
42,Yes,Travel_Frequently,750,Sales,7,College,Human Resources,Low,Femme,183,Medium,2,Research Director,High,Divorced,31033,496528,5,1,41,Outstanding,Medium,3,12,1,Good,12,9,8,2,Adulte,Lyon
23,Yes,Travel_Frequently,496,Software,27,Master,Other,Very High,Femme,153,Low,2,Research Director,Low,Single,47876,287256,3,1,35,Excellent,High,2,23,4,Best,12,10,2,6,Jeune,Nantes
44,No,Travel_Frequently,451,Human Resources,45,College,Marketing,Very High,Homme,146,High,3,Sales Representative,Medium,Single,46302,370416,2,1,36,Bad,High,4,22,6,Good,10,8,8,9,Adulte,Marseille
60,No,Non-Travel,1236,Support,31,Below College,Other,Very High,Homme,70,High,5,Manufacturing Director,Medium,Single,50628,253140,3,1,14,Excellent,Medium,4,23,2,Better,6,4,4,6,Senior,Grenoble
58,No,Travel_Frequently,1325,Support,50,Bachelor,Other,Medium,Femme,148,High,4,Healthcare Representative,High,Married,1527,6108,0,0,21,Outstanding,High,3,4,2,Better,2,2,1,1,Senior,Grenoble
58,Yes,Non-Travel,1280,Support,44,Bachelor,Human Resources,High,Femme,174,Low,4,Research Director,Low,Married,3643,83789,6,0,5,Good,Very High,1,7,3,Bad,5,2,1,1,Senior,Grenoble
53,No,Non-Travel,1182,Sales,30,College,Human Resources,Medium,Femme,181,Low,1,Manufacturing Director,Very High,Divorced,17502,52506,2,1,21,Outstanding,Medium,3,10,5,Good,8,7,4,1,Senior,Lyon
20,Yes,Travel_Frequently,1286,Sales,23,Bachelor,Marketing,Low,Homme,108,Very High,1,Manufacturing Director,Very High,Married,11006,99054,5,0,26,Bad,Medium,4,6,2,Better,1,1,1,1,Jeune,Lyon
39,Yes,Non-Travel,509,Support,10,Doctor,Human Resources,Very High,Homme,177,Low,5,Sales Executive,Medium,Divorced,44054,1277566,1,0,27,Good,Low,2,13,2,Bad,10,3,7,1,Adulte,Grenoble
29,Yes,Travel_Frequently,366,Sales,11,College,Technical Degree,High,Femme,115,Medium,5,Healthcare Representative,Low,Divorced,30019,660418,8,0,15,Bad,High,3,18,1,Good,15,10,12,6,Jeune,Lyon
31,Yes,Travel_Frequently,524,Support,4,Bachelor,Medical,Low,Homme,35,Low,3,Developer,High,Married,25640,743560,2,0,8,Excellent,Very High,4,30,6,Good,1,1,1,1,Adulte,Grenoble
42,Yes,Non-Travel,1214,Human Resources,31,Below College,Marketing,Medium,Homme,167,High,3,Sales Executive,Medium,Single,37872,189360,3,1,36,Excellent,Medium,2,12,4,Good,11,8,10,9,Adulte,Marseille
54,Yes,Travel_Frequently,1378,Human Resources,42,Below College,Other,High,Femme,32,Medium,5,Human Resources,High,Divorced,21832,633128,0,1,18,Bad,High,4,35,2,Bad,12,9,10,10,Senior,Marseille
19,No,Travel_Rarely,1387,Software,39,Below College,Human Resources,High,Homme,129,Very High,2,Manufacturing Director,High,Married,38355,997230,3,1,20,Excellent,Very High,4,7,4,Best,1,1,1,1,Jeune,Nantes
32,Yes,Non-Travel,1006,Research & Development,47,College,Other,High,Homme,109,High,4,Developer,High,Divorced,6124,183720,4,1,2,Bad,Medium,3,40,1,Better,25,5,6,6,Adulte,Paris
25,Yes,Non-Travel,490,Software,28,Below College,Medical,Very High,Homme,40,Medium,2,Developer,Low,Divorced,50802,812832,5,1,19,Excellent,Very High,3,19,4,Best,15,11,14,3,Jeune,Nantes
59,No,Travel_Rarely,1049,Software,40,College,Marketing,Medium,Femme,187,Low,3,Sales Executive,High,Single,28987,86961,4,0,4,Good,Very High,3,13,6,Bad,10,1,3,1,Senior,Nantes
42,Yes,Travel_Rarely,1500,Sales,8,Below College,Other,Very High,Femme,149,High,3,Research Scientist,Very High,Divorced,35946,143784,7,0,0,Outstanding,Very High,2,12,4,Best,3,2,2,3,Adulte,Lyon
35,No,Travel_Rarely,1420,Hardware,41,Bachelor,Life Sciences,Very High,Femme,70,High,1,Laboratory Technician,Low,Single,43632,305424,8,1,1,Outstanding,Medium,1,32,5,Good,30,8,9,13,Adulte,Lille
45,No,Travel_Rarely,232,Sales,18,Below College,Marketing,High,Homme,184,High,1,Human Resources,Medium,Single,25869,594987,2,1,23,Outstanding,Medium,4,7,4,Good,5,4,1,2,Adulte,Lyon
34,No,Travel_Rarely,463,Human Resources,24,Below College,Human Resources,Medium,Femme,148,Medium,4,Sales Executive,High,Divorced,5395,118690,6,1,4,Outstanding,Very High,1,37,4,Best,30,9,18,8,Adulte,Marseille
47,No,Travel_Rarely,728,Sales,20,Master,Medical,Low,Femme,170,Low,1,Human Resources,Low,Divorced,37755,151020,2,0,3,Bad,Low,4,30,4,Better,3,3,3,3,Senior,Lyon
21,No,Travel_Frequently,1176,Research & Development,15,Master,Marketing,Very High,Homme,187,High,4,Laboratory Technician,Medium,Single,18202,72808,0,1,24,Outstanding,Low,4,13,5,Good,11,4,1,5,Jeune,Paris
25,No,Travel_Frequently,833,Hardware,19,College,Medical,Very High,Homme,135,Medium,4,Sales Representative,High,Divorced,13607,340175,8,0,29,Excellent,Medium,2,1,1,Good,1,1,1,1,Jeune,Lille
53,Yes,Non-Travel,518,Software,3,Below College,Human Resources,Medium,Femme,59,Very High,1,Research Director,Low,Married,14031,322713,7,1,6,Outstanding,Medium,4,19,2,Good,3,1,3,3,Senior,Nantes
35,No,Travel_Frequently,457,Research & Development,14,College,Technical Degree,Medium,Femme,53,Medium,3,Sales Executive,Medium,Single,40631,568834,5,1,13,Bad,High,1,15,4,Better,6,1,2,6,Adulte,Paris
28,Yes,Travel_Rarely,810,Support,9,Master,Marketing,Medium,Homme,136,High,2,Research Scientist,Low,Divorced,13828,318044,6,0,13,Outstanding,High,1,28,6,Bad,21,2,7,3,Jeune,Grenoble
60,No,Non-Travel,1313,Support,13,College,Other,Medium,Femme,47,Very High,3,Research Director,Medium,Married,19480,155840,8,1,18,Outstanding,Very High,2,28,3,Better,8,4,8,7,Senior,Grenoble
58,Yes,Non-Travel,1337,Research & Development,33,Doctor,Medical,High,Femme,139,High,5,Human Resources,Medium,Married,30805,277245,3,0,46,Outstanding,Very High,3,28,4,Good,28,11,24,11,Senior,Paris
37,No,Travel_Frequently,866,Sales,41,Bachelor,Technical Degree,Very High,Femme,51,Very High,1,Research Director,Medium,Divorced,10024,190456,7,0,17,Excellent,Very High,3,6,1,Best,5,3,4,2,Adulte,Lyon
33,No,Non-Travel,1434,Research & Development,49,Master,Life Sciences,Low,Homme,86,High,4,Laboratory Technician,Low,Divorced,39552,988800,3,1,38,Excellent,Low,1,38,2,Good,28,17,17,28,Adulte,Paris
26,No,Travel_Frequently,445,Human Resources,47,Doctor,Marketing,Medium,Femme,48,High,5,Sales Executive,Medium,Married,46856,1218256,2,0,48,Good,Low,4,16,3,Bad,13,4,8,11,Jeune,Marseille
32,Yes,Non-Travel,503,Human Resources,8,Doctor,Marketing,High,Homme,153,Low,3,Research Director,Medium,Married,46914,750624,6,0,48,Bad,High,3,32,3,Good,5,2,2,4,Adulte,Marseille
35,No,Travel_Frequently,124,Support,6,Bachelor,Life Sciences,Medium,Femme,195,Low,3,Sales Representative,High,Divorced,29207,87621,3,0,49,Excellent,Low,4,27,5,Bad,16,11,15,12,Adulte,Grenoble
33,No,Travel_Rarely,332,Support,33,College,Human Resources,Very High,Femme,99,Very High,5,Sales Executive,Low,Single,13059,169767,2,1,18,Bad,High,1,8,4,Best,7,5,3,6,Adulte,Grenoble
57,No,Travel_Rarely,1020,Hardware,12,College,Technical Degree,Medium,Homme,147,Very High,3,Sales Representative,Low,Divorced,2468,7404,4,0,5,Excellent,Medium,4,19,5,Bad,4,3,4,1,Senior,Lille
59,No,Travel_Frequently,1438,Research & Development,45,Master,Human Resources,High,Homme,122,Medium,1,Sales Representative,Very High,Married,33681,943068,3,1,28,Good,Low,3,10,3,Good,4,1,3,4,Senior,Paris
54,Yes,Travel_Rarely,932,Research & Development,21,Master,Technical Degree,Medium,Homme,49,Very High,1,Sales Representative,Low,Married,10995,164925,0,1,33,Good,Medium,3,40,6,Better,29,7,19,20,Senior,Paris
35,No,Travel_Rarely,929,Hardware,28,Bachelor,Marketing,Medium,Homme,103,Very High,1,Human Resources,Very High,Divorced,6771,88023,1,0,8,Outstanding,Very High,1,4,3,Better,3,2,1,1,Adulte,Lille
45,Yes,Non-Travel,456,Sales,22,Bachelor,Life Sciences,High,Femme,197,Medium,5,Human Resources,Very High,Married,14392,115136,0,0,48,Outstanding,Low,3,4,5,Best,4,1,2,1,Adulte,Lyon
43,Yes,Non-Travel,1124,Software,44,College,Marketing,Medium,Femme,61,Very High,2,Research Director,Very High,Divorced,19899,258687,5,1,5,Good,High,3,32,5,Good,19,12,19,5,Adulte,Nantes
56,Yes,Non-Travel,608,Software,18,College,Medical,Medium,Homme,58,Very High,5,Human Resources,Medium,Married,21962,197658,0,0,1,Bad,Low,4,18,6,Best,17,14,9,13,Senior,Nantes
22,No,Non-Travel,679,Hardware,36,Below College,Human Resources,Very High,Homme,64,Low,3,Research Scientist,Low,Single,6438,167388,4,0,40,Good,High,2,15,2,Bad,10,2,9,8,Jeune,Lille
54,No,Travel_Frequently,1371,Hardware,13,Master,Technical Degree,High,Femme,54,Medium,2,Developer,High,Single,12505,187575,6,1,36,Outstanding,Low,2,27,3,Good,18,3,6,11,Senior,Lille
44,No,Non-Travel,590,Sales,4,Doctor,Life Sciences,Medium,Femme,87,Low,1,Manufacturing Director,High,Married,31675,158375,8,0,30,Good,Very High,4,33,1,Better,4,2,3,4,Adulte,Lyon
55,Yes,Travel_Rarely,1131,Human Resources,27,Master,Other,Medium,Femme,199,High,5,Healthcare Representative,Medium,Single,19160,287400,0,0,11,Good,High,2,38,3,Best,36,6,24,25,Senior,Marseille
60,No,Travel_Frequently,325,Human Resources,14,Master,Medical,Low,Femme,44,Low,1,Research Scientist,Low,Divorced,32236,644720,5,1,36,Outstanding,Very High,1,39,5,Bad,21,3,3,20,Senior,Marseille
52,No,Non-Travel,1492,Software,47,Bachelor,Other,Very High,Femme,137,Very High,4,Sales Representative,Low,Married,21464,171712,2,1,3,Good,Low,4,35,3,Better,2,2,1,1,Senior,Nantes
23,Yes,Travel_Rarely,334,Hardware,3,Master,Marketing,Low,Femme,65,High,2,Developer,Medium,Married,44776,313432,7,1,30,Excellent,High,2,32,3,Better,7,2,1,6,Jeune,Lille
33,No,Travel_Rarely,1334,Sales,16,College,Marketing,Low,Homme,38,Very High,5,Developer,Low,Married,49339,1085458,8,1,36,Bad,Medium,4,22,5,Best,9,1,5,6,Adulte,Lyon
21,No,Non-Travel,904,Hardware,13,Doctor,Human Resources,Low,Femme,117,Medium,4,Healthcare Representative,Low,Married,22358,536592,3,1,27,Excellent,High,3,1,6,Better,1,1,1,1,Jeune,Lille
50,No,Travel_Frequently,726,Hardware,39,Doctor,Marketing,Low,Femme,141,High,4,Sales Executive,Medium,Married,16168,485040,5,1,4,Outstanding,Very High,1,22,3,Best,2,1,2,1,Senior,Lille
25,Yes,Travel_Rarely,303,Support,44,College,Life Sciences,Very High,Femme,154,High,1,Healthcare Representative,High,Married,49470,1434630,4,0,2,Bad,Very High,3,10,3,Bad,8,1,2,4,Jeune,Grenoble
35,No,Travel_Rarely,639,Support,43,College,Technical Degree,Very High,Homme,37,Medium,2,Developer,Very High,Married,10666,181322,5,1,17,Outstanding,Low,1,3,1,Better,3,2,1,1,Adulte,Grenoble
57,Yes,Travel_Rarely,1093,Support,29,Bachelor,Marketing,High,Homme,167,High,1,Human Resources,Very High,Single,29108,232864,0,0,39,Good,Low,4,14,6,Better,13,1,2,4,Senior,Grenoble
28,No,Travel_Frequently,173,Research & Development,36,Bachelor,Medical,High,Femme,186,Low,4,Developer,Low,Single,39728,79456,7,0,18,Outstanding,Medium,1,14,1,Better,11,5,6,9,Jeune,Paris
32,Yes,Travel_Frequently,222,Sales,7,Doctor,Medical,Very High,Homme,191,Medium,4,Research Director,Low,Married,27870,55740,4,0,36,Outstanding,High,1,22,1,Best,10,6,9,10,Adulte,Lyon
19,No,Travel_Rarely,353,Hardware,23,Bachelor,Human Resources,High,Homme,158,High,3,Research Director,Low,Single,26940,808200,8,1,17,Excellent,High,4,5,5,Best,2,2,1,2,Jeune,Lille
46,No,Travel_Rarely,519,Research & Development,9,Doctor,Technical Degree,Medium,Femme,67,Medium,2,Research Scientist,Very High,Divorced,27494,659856,0,1,32,Good,Low,4,7,5,Best,3,1,1,1,Senior,Paris
49,No,Non-Travel,1494,Sales,14,Doctor,Medical,Low,Homme,133,Very High,5,Sales Executive,High,Married,33939,882414,6,1,18,Outstanding,Low,1,38,3,Good,13,12,8,1,Senior,Lyon
40,Yes,Non-Travel,271,Research & Development,18,Below College,Marketing,Very High,Femme,149,Medium,5,Sales Executive,Low,Divorced,43779,569127,1,1,37,Excellent,Medium,2,20,6,Best,14,10,14,4,Adulte,Paris
56,Yes,Travel_Rarely,1105,Support,50,Doctor,Other,Medium,Homme,54,High,3,Manufacturing Director,High,Married,34317,308853,4,0,5,Bad,Medium,2,15,2,Better,9,7,6,8,Senior,Grenoble
40,No,Travel_Rarely,610,Research & Development,32,Doctor,Marketing,Medium,Homme,71,Medium,5,Human Resources,Very High,Single,36325,435900,5,1,20,Good,Very High,4,40,6,Bad,33,14,31,29,Adulte,Paris
36,Yes,Travel_Rarely,1021,Human Resources,41,Below College,Other,Low,Homme,138,Very High,1,Sales Representative,Very High,Single,32245,354695,8,0,1,Excellent,High,1,16,2,Better,14,1,9,11,Adulte,Marseille
19,Yes,Travel_Rarely,711,Support,30,College,Marketing,Medium,Homme,125,Low,2,Research Scientist,Low,Divorced,45034,1170884,0,1,18,Outstanding,High,2,27,1,Good,18,14,2,1,Jeune,Grenoble
32,Yes,Travel_Rarely,636,Hardware,44,Below College,Life Sciences,High,Femme,155,Very High,4,Research Scientist,Low,Married,30522,30522,5,0,31,Excellent,Medium,1,39,4,Better,8,7,6,6,Adulte,Lille
37,No,Non-Travel,196,Software,40,College,Other,Low,Homme,50,Medium,4,Research Director,Medium,Divorced,1802,28832,7,0,31,Outstanding,High,3,29,6,Better,16,8,3,14,Adulte,Nantes
35,Yes,Travel_Rarely,1030,Research & Development,39,Doctor,Other,Medium,Femme,47,Medium,2,Human Resources,Low,Divorced,15209,288971,1,0,29,Excellent,Low,3,30,3,Best,17,3,11,13,Adulte,Paris
51,No,Non-Travel,469,Research & Development,17,College,Human Resources,Medium,Femme,197,Medium,1,Research Director,Low,Divorced,28348,226784,4,1,49,Good,High,1,10,2,Bad,5,4,4,5,Senior,Paris
44,Yes,Non-Travel,347,Research & Development,47,Below College,Human Resources,Very High,Homme,67,Low,3,Human Resources,High,Divorced,36572,402292,1,0,38,Bad,Very High,4,13,6,Better,6,6,6,1,Adulte,Paris
21,No,Non-Travel,1267,Sales,40,College,Medical,Low,Femme,146,High,1,Developer,Very High,Single,43611,218055,1,1,48,Outstanding,High,4,7,4,Best,3,2,3,2,Jeune,Lyon
19,Yes,Travel_Rarely,350,Hardware,28,Bachelor,Marketing,Low,Femme,37,Medium,1,Manufacturing Director,Low,Married,28483,740558,0,0,38,Outstanding,High,4,34,2,Best,10,2,1,6,Jeune,Lille
56,No,Travel_Rarely,258,Support,27,Doctor,Marketing,Low,Femme,155,Low,1,Sales Executive,Very High,Divorced,16654,449658,3,1,26,Bad,High,4,7,6,Good,6,3,3,4,Senior,Grenoble
34,No,Non-Travel,978,Research & Development,41,Doctor,Medical,Low,Femme,79,Low,3,Research Director,Medium,Divorced,20996,419920,8,1,12,Outstanding,Medium,3,3,6,Good,3,1,3,3,Adulte,Paris
55,Yes,Non-Travel,1068,Sales,17,Doctor,Human Resources,Low,Homme,94,Medium,1,Sales Executive,Low,Divorced,13519,162228,8,1,0,Excellent,Very High,1,28,5,Good,5,4,4,3,Senior,Lyon
39,No,Travel_Rarely,735,Hardware,14,Bachelor,Other,Very High,Homme,103,High,1,Developer,High,Single,13274,225658,3,0,3,Good,High,2,20,2,Better,7,5,2,6,Adulte,Lille
42,Yes,Travel_Frequently,460,Hardware,2,Doctor,Technical Degree,Medium,Homme,129,Medium,1,Research Director,High,Married,48952,244760,6,0,45,Outstanding,Very High,1,11,5,Better,7,5,7,5,Adulte,Lille
35,Yes,Travel_Frequently,1459,Sales,27,Doctor,Medical,Low,Femme,165,High,4,Research Director,Medium,Married,36549,182745,7,1,14,Good,Medium,1,15,4,Bad,10,5,8,5,Adulte,Lyon
38,No,Travel_Rarely,1362,Sales,7,Doctor,Human Resources,Very High,Femme,125,Medium,4,Human Resources,Medium,Divorced,16467,65868,7,1,27,Good,High,2,7,2,Bad,1,1,1,1,Adulte,Lyon
47,No,Travel_Frequently,974,Research & Development,2,Below College,Life Sciences,Very High,Homme,91,Low,1,Sales Representative,Medium,Single,49316,1282216,7,0,20,Good,Medium,3,31,2,Best,3,2,3,3,Senior,Paris
18,Yes,Travel_Frequently,754,Research & Development,6,Doctor,Other,Medium,Femme,60,Medium,3,Sales Executive,High,Married,32648,293832,6,0,44,Outstanding,Very High,2,39,2,Bad,39,10,39,34,Jeune,Paris
40,No,Travel_Rarely,893,Software,10,Master,Human Resources,Medium,Homme,37,High,3,Manufacturing Director,High,Single,19434,97170,6,1,15,Bad,Medium,1,9,1,Best,4,4,2,1,Adulte,Nantes
42,Yes,Travel_Rarely,1224,Support,29,Below College,Life Sciences,Low,Homme,39,High,2,Human Resources,High,Married,44163,44163,1,1,43,Bad,High,4,1,5,Good,1,1,1,1,Adulte,Grenoble
31,No,Travel_Frequently,1160,Human Resources,15,Master,Life Sciences,Very High,Femme,130,Medium,2,Developer,High,Single,10336,82688,1,0,49,Excellent,Medium,4,28,1,Good,15,6,5,8,Adulte,Marseille
51,No,Travel_Rarely,1492,Support,22,College,Medical,Very High,Homme,77,High,2,Human Resources,Low,Married,8400,134400,3,1,3,Good,Low,1,38,2,Bad,29,17,14,13,Senior,Grenoble
59,No,Travel_Rarely,903,Research & Development,4,Doctor,Medical,Medium,Femme,109,Medium,4,Manager,Low,Divorced,1020,6120,5,1,43,Outstanding,Low,2,15,6,Best,6,6,2,4,Senior,Paris
41,Yes,Non-Travel,1403,Sales,45,Master,Medical,High,Homme,192,Very High,2,Laboratory Technician,Medium,Divorced,21178,529450,2,0,27,Excellent,High,3,32,1,Better,10,4,2,1,Adulte,Lyon
29,Yes,Travel_Frequently,302,Human Resources,30,College,Human Resources,Very High,Homme,71,Very High,3,Manufacturing Director,Very High,Single,32024,576432,0,1,17,Outstanding,Very High,1,2,1,Better,1,1,1,1,Jeune,Marseille
32,No,Travel_Frequently,1226,Support,3,Bachelor,Life Sciences,Medium,Femme,48,Very High,3,Human Resources,High,Single,27463,411945,0,0,12,Excellent,High,1,14,1,Bad,10,9,8,4,Adulte,Grenoble
50,Yes,Travel_Frequently,1319,Support,50,Doctor,Technical Degree,High,Femme,104,Very High,2,Manufacturing Director,Low,Single,32060,609140,0,1,46,Outstanding,High,4,11,6,Better,10,2,9,5,Senior,Grenoble
59,Yes,Travel_Frequently,615,Support,10,College,Other,High,Femme,135,Low,2,Laboratory Technician,High,Divorced,13536,297792,8,1,14,Excellent,Medium,4,32,3,Bad,7,7,7,5,Senior,Grenoble
27,Yes,Travel_Frequently,1299,Research & Development,20,Bachelor,Technical Degree,Medium,Homme,165,Low,1,Research Director,Very High,Single,42502,85004,0,0,41,Good,Very High,2,21,4,Better,11,10,6,1,Jeune,Paris
55,No,Travel_Rarely,191,Sales,44,Doctor,Technical Degree,Medium,Femme,46,Medium,3,Sales Representative,Low,Single,41531,913682,6,1,45,Good,High,3,35,6,Better,15,9,12,13,Senior,Lyon
40,Yes,Non-Travel,416,Software,36,Below College,Life Sciences,Low,Femme,99,Very High,4,Sales Executive,Very High,Divorced,19412,310592,6,1,17,Good,Low,1,8,5,Better,6,3,5,2,Adulte,Nantes
47,No,Travel_Rarely,606,Support,3,Doctor,Medical,Very High,Femme,39,Very High,4,Human Resources,Low,Married,49810,348670,1,1,6,Good,High,2,36,2,Best,27,13,6,17,Senior,Grenoble
40,No,Non-Travel,842,Human Resources,17,College,Other,Very High,Homme,82,Low,1,Research Scientist,Very High,Married,5293,132325,7,0,3,Bad,Very High,2,39,4,Bad,23,9,17,3,Adulte,Marseille
29,Yes,Non-Travel,1332,Support,10,Master,Other,Very High,Homme,158,Low,5,Sales Representative,Low,Married,5080,111760,1,1,3,Outstanding,Very High,1,20,6,Good,10,1,1,4,Jeune,Grenoble
33,Yes,Non-Travel,1113,Hardware,45,Below College,Human Resources,Medium,Femme,72,Medium,2,Laboratory Technician,High,Married,25256,454608,0,0,31,Bad,Low,4,35,5,Best,33,8,15,22,Adulte,Lille
50,No,Non-Travel,349,Sales,14,Bachelor,Other,High,Homme,98,High,1,Sales Representative,Low,Married,4716,141480,3,0,42,Outstanding,High,4,37,3,Good,13,11,3,12,Senior,Lyon
26,No,Travel_Frequently,695,Software,32,Doctor,Technical Degree,Low,Homme,189,Very High,2,Healthcare Representative,Medium,Single,24789,421413,6,0,46,Excellent,Very High,3,7,5,Good,5,5,1,3,Jeune,Nantes
38,No,Travel_Rarely,476,Research & Development,28,Doctor,Other,Medium,Femme,174,High,4,Human Resources,Low,Single,40214,965136,1,1,13,Bad,Medium,1,9,4,Best,4,3,1,2,Adulte,Paris
26,No,Travel_Frequently,705,Hardware,1,College,Marketing,High,Homme,179,Very High,3,Research Director,Low,Married,28812,432180,6,1,41,Bad,Low,4,4,6,Better,1,1,1,1,Jeune,Lille
28,No,Travel_Frequently,400,Research & Development,40,Doctor,Technical Degree,Medium,Homme,156,Medium,5,Sales Executive,Very High,Single,45208,361664,2,0,33,Good,Low,3,33,2,Best,6,3,2,2,Jeune,Paris
38,Yes,Travel_Rarely,1097,Hardware,34,Master,Other,High,Femme,136,Low,3,Sales Representative,Low,Single,14218,170616,3,1,30,Outstanding,Low,1,24,5,Better,22,19,6,2,Adulte,Lille
18,Yes,Travel_Frequently,668,Hardware,45,Master,Marketing,High,Femme,175,Low,4,Research Director,High,Divorced,14008,252144,7,0,45,Bad,High,4,1,5,Good,1,1,1,1,Jeune,Lille
27,Yes,Travel_Rarely,558,Software,36,College,Technical Degree,Low,Femme,45,Very High,4,Research Scientist,Medium,Single,50561,707854,6,0,45,Excellent,Medium,3,34,6,Best,11,3,8,5,Jeune,Nantes
35,Yes,Non-Travel,597,Hardware,48,Below College,Life Sciences,Very High,Femme,55,Low,3,Manager,High,Married,39068,117204,1,0,7,Good,Very High,4,22,5,Better,8,2,7,7,Adulte,Lille
29,Yes,Travel_Rarely,137,Software,3,College,Human Resources,High,Homme,51,Very High,5,Manager,Medium,Divorced,26116,104464,5,0,47,Good,Medium,4,20,5,Bad,7,7,2,2,Jeune,Nantes
53,No,Travel_Rarely,245,Human Resources,47,Below College,Marketing,High,Homme,131,High,3,Research Scientist,High,Married,28351,623722,2,1,42,Good,Low,1,13,5,Better,6,5,2,1,Senior,Marseille
44,Yes,Non-Travel,750,Sales,19,Master,Technical Degree,Very High,Homme,149,High,1,Human Resources,Medium,Married,38961,38961,3,1,4,Excellent,Low,1,14,2,Best,4,3,2,3,Adulte,Lyon
24,No,Non-Travel,920,Research & Development,50,College,Human Resources,Medium,Femme,199,Very High,2,Sales Representative,Very High,Divorced,26002,234018,8,0,18,Bad,Medium,2,36,2,Good,26,8,16,21,Jeune,Paris
20,Yes,Non-Travel,467,Sales,36,Below College,Marketing,Medium,Femme,67,Medium,5,Developer,Low,Married,45295,815310,1,1,5,Excellent,High,4,13,2,Good,11,10,5,1,Jeune,Lyon
28,Yes,Travel_Rarely,864,Support,34,Doctor,Life Sciences,High,Femme,61,Low,4,Sales Executive,Medium,Divorced,22290,334350,2,1,1,Outstanding,Medium,2,15,4,Best,2,1,1,1,Jeune,Grenoble
40,Yes,Non-Travel,657,Human Resources,45,Master,Other,Medium,Femme,181,Very High,1,Healthcare Representative,High,Single,19668,19668,3,1,35,Outstanding,Low,3,29,1,Bad,24,4,5,20,Adulte,Marseille
46,No,Travel_Frequently,1287,Research & Development,38,Below College,Medical,High,Femme,111,High,1,Healthcare Representative,Very High,Divorced,1235,14820,6,1,16,Excellent,Low,1,25,2,Good,17,16,8,7,Senior,Paris
19,Yes,Travel_Rarely,964,Software,15,Bachelor,Other,Low,Homme,61,Low,3,Research Director,Low,Married,44311,531732,2,0,17,Outstanding,Very High,1,13,3,Better,7,5,7,7,Jeune,Nantes
32,Yes,Travel_Rarely,481,Support,18,College,Medical,Medium,Homme,60,Very High,2,Manager,Medium,Divorced,36874,221244,2,0,37,Outstanding,Very High,2,7,6,Better,2,1,1,1,Adulte,Grenoble
31,No,Non-Travel,1301,Hardware,34,Bachelor,Human Resources,Low,Femme,165,Very High,5,Laboratory Technician,Medium,Married,7255,21765,8,1,5,Outstanding,Very High,3,25,1,Better,20,3,17,8,Adulte,Lille
31,Yes,Travel_Rarely,311,Human Resources,35,Bachelor,Life Sciences,Very High,Homme,105,Low,1,Developer,Medium,Single,11600,255200,5,0,32,Bad,Very High,1,40,2,Good,17,8,13,2,Adulte,Marseille
36,No,Travel_Frequently,1351,Support,45,Below College,Marketing,High,Femme,126,Low,4,Healthcare Representative,High,Single,1431,31482,6,1,12,Good,Low,4,16,4,Better,16,14,11,8,Adulte,Grenoble
38,Yes,Travel_Rarely,682,Research & Development,27,Bachelor,Other,High,Homme,32,High,2,Sales Representative,Very High,Single,42499,297493,7,1,39,Good,Low,3,17,3,Bad,15,2,12,4,Adulte,Paris
21,Yes,Travel_Rarely,1034,Research & Development,1,Below College,Medical,Very High,Femme,98,High,2,Sales Executive,Low,Married,29429,882870,3,1,46,Bad,Very High,3,10,5,Best,8,5,6,7,Jeune,Paris
59,No,Travel_Frequently,1405,Human Resources,8,Below College,Human Resources,Very High,Homme,100,Low,1,Manager,Medium,Divorced,14140,14140,8,1,25,Good,Medium,2,14,4,Better,2,1,2,2,Senior,Marseille
25,Yes,Travel_Frequently,157,Software,47,Doctor,Medical,Low,Femme,50,Low,5,Sales Executive,Medium,Divorced,31107,684354,1,1,47,Good,Low,2,6,6,Bad,1,1,1,1,Jeune,Nantes
20,No,Travel_Frequently,354,Support,24,Doctor,Human Resources,Very High,Homme,147,Very High,2,Human Resources,Medium,Divorced,28748,804944,7,0,0,Outstanding,Medium,3,35,2,Bad,25,16,3,17,Jeune,Grenoble
31,Yes,Travel_Frequently,1383,Human Resources,30,Doctor,Technical Degree,Very High,Homme,139,Medium,2,Laboratory Technician,High,Married,13749,206235,0,0,28,Outstanding,Very High,2,24,6,Bad,11,3,7,5,Adulte,Marseille
26,Yes,Travel_Frequently,1028,Support,36,Bachelor,Human Resources,Medium,Femme,179,Medium,1,Healthcare Representative,Medium,Divorced,47193,377544,4,1,37,Outstanding,Low,3,2,2,Better,2,2,2,2,Jeune,Grenoble
47,No,Travel_Rarely,1441,Support,19,Bachelor,Life Sciences,Low,Femme,45,Low,4,Laboratory Technician,Medium,Single,26938,538760,0,1,42,Outstanding,Low,2,14,5,Better,14,8,2,7,Senior,Grenoble
45,Yes,Travel_Rarely,920,Research & Development,33,Master,Medical,Very High,Femme,140,Medium,2,Developer,High,Single,6739,67390,1,0,9,Bad,Medium,3,36,3,Better,22,2,15,18,Adulte,Paris
58,No,Travel_Frequently,635,Support,15,Below College,Technical Degree,Very High,Femme,154,Medium,5,Sales Executive,Medium,Married,36849,479037,0,1,46,Outstanding,Low,1,35,1,Good,18,17,18,17,Senior,Grenoble
22,No,Non-Travel,1098,Hardware,5,Below College,Technical Degree,Very High,Homme,176,High,3,Research Director,Medium,Married,13991,153901,4,1,18,Bad,Low,3,26,4,Bad,1,1,1,1,Jeune,Lille
18,No,Travel_Frequently,847,Hardware,5,Below College,Marketing,High,Homme,142,Low,5,Sales Representative,Very High,Single,17144,411456,5,0,19,Good,Medium,4,19,6,Bad,3,3,1,2,Jeune,Lille
24,Yes,Travel_Frequently,714,Research & Development,38,Master,Life Sciences,High,Homme,199,Low,1,Laboratory Technician,Medium,Single,23967,191736,3,1,0,Excellent,High,2,8,1,Bad,6,4,1,4,Jeune,Paris
42,Yes,Travel_Frequently,388,Human Resources,13,Below College,Other,Very High,Femme,167,Low,2,Research Scientist,High,Married,36153,1084590,4,1,18,Bad,Very High,1,13,6,Best,8,5,6,1,Adulte,Marseille
27,Yes,Travel_Frequently,735,Research & Development,2,Below College,Medical,Low,Femme,149,Medium,1,Sales Representative,High,Divorced,28752,603792,6,1,6,Outstanding,High,4,16,2,Best,4,1,4,1,Jeune,Paris
25,No,Travel_Rarely,1429,Software,31,Bachelor,Life Sciences,Medium,Homme,147,High,4,Human Resources,Very High,Single,32533,227731,0,0,12,Excellent,Low,1,23,1,Better,19,11,3,7,Jeune,Nantes
40,Yes,Non-Travel,911,Software,35,Bachelor,Technical Degree,High,Femme,181,High,5,Manager,High,Single,41647,874587,1,0,18,Good,Very High,3,39,4,Best,28,12,2,18,Adulte,Nantes
55,No,Travel_Rarely,1231,Sales,6,Bachelor,Other,Very High,Homme,163,Low,3,Research Scientist,High,Married,34093,306837,7,1,0,Bad,Very High,4,8,3,Best,7,5,1,3,Senior,Lyon
43,Yes,Non-Travel,974,Hardware,26,Doctor,Other,Very High,Femme,48,High,1,Manager,Medium,Divorced,25275,303300,7,0,27,Excellent,High,1,31,1,Best,29,29,12,21,Adulte,Lille
54,No,Travel_Rarely,410,Research & Development,47,Doctor,Technical Degree,High,Homme,151,Very High,2,Sales Executive,High,Married,36968,73936,0,0,30,Good,Very High,1,17,5,Best,17,17,2,1,Senior,Paris
37,No,Non-Travel,600,Human Resources,1,College,Medical,Very High,Femme,67,Medium,5,Research Director,Medium,Divorced,24559,368385,2,1,0,Outstanding,Very High,3,2,1,Bad,1,1,1,1,Adulte,Marseille
38,Yes,Non-Travel,186,Research & Development,33,Bachelor,Medical,Very High,Homme,104,Medium,2,Manufacturing Director,High,Married,24832,74496,3,1,5,Good,Low,1,36,4,Better,5,5,4,4,Adulte,Paris
32,Yes,Non-Travel,1407,Software,16,Bachelor,Technical Degree,Very High,Homme,110,High,5,Human Resources,Very High,Married,28030,168180,2,0,0,Excellent,High,3,21,5,Good,12,10,3,9,Adulte,Nantes
22,Yes,Travel_Rarely,103,Software,41,Below College,Other,Medium,Homme,60,High,2,Laboratory Technician,High,Divorced,20339,508475,1,1,44,Outstanding,Low,4,32,5,Better,5,2,4,3,Jeune,Nantes
34,No,Non-Travel,620,Hardware,23,Bachelor,Other,Medium,Homme,125,Low,4,Human Resources,Medium,Married,43389,86778,0,1,7,Outstanding,Low,2,26,4,Good,14,8,6,11,Adulte,Lille
53,Yes,Travel_Rarely,1109,Support,25,College,Life Sciences,Medium,Homme,167,Low,1,Manufacturing Director,Medium,Married,23479,680891,2,1,45,Excellent,Medium,3,23,3,Good,10,7,8,10,Senior,Grenoble
27,Yes,Travel_Frequently,1397,Hardware,36,Master,Marketing,High,Femme,91,Medium,4,Laboratory Technician,High,Married,35759,393349,6,0,12,Outstanding,Medium,2,29,3,Good,2,2,1,2,Jeune,Lille
44,Yes,Travel_Rarely,972,Support,5,Doctor,Life Sciences,High,Homme,185,Low,2,Developer,High,Married,4031,24186,5,1,21,Good,Low,1,7,3,Better,4,4,1,3,Adulte,Grenoble
57,Yes,Non-Travel,732,Human Resources,44,Doctor,Medical,High,Femme,76,High,4,Manager,High,Married,39579,791580,1,0,34,Outstanding,Low,3,39,1,Bad,34,10,1,25,Senior,Marseille
37,No,Non-Travel,214,Human Resources,11,Master,Marketing,Medium,Homme,159,High,1,Sales Representative,Very High,Single,27809,361517,3,0,28,Outstanding,Low,2,32,5,Better,8,8,5,6,Adulte,Marseille
42,Yes,Travel_Rarely,224,Support,24,Master,Human Resources,Very High,Femme,95,High,3,Laboratory Technician,Medium,Single,17562,491736,2,0,46,Bad,Low,3,12,3,Better,6,3,2,6,Adulte,Grenoble
59,Yes,Travel_Rarely,649,Human Resources,22,College,Life Sciences,High,Femme,176,High,1,Laboratory Technician,Medium,Married,8888,222200,5,1,39,Bad,Medium,1,22,6,Better,5,3,2,2,Senior,Marseille
30,No,Travel_Rarely,1349,Research & Development,16,Below College,Marketing,Very High,Homme,30,Medium,3,Developer,Very High,Single,2664,42624,2,0,21,Outstanding,Medium,3,15,3,Good,15,2,3,11,Jeune,Paris
37,Yes,Travel_Rarely,1382,Human Resources,29,Doctor,Technical Degree,High,Homme,179,Low,2,Developer,Low,Married,42483,849660,0,1,17,Excellent,Medium,4,23,6,Best,14,12,7,5,Adulte,Marseille
40,No,Travel_Frequently,393,Sales,2,College,Other,High,Femme,62,Low,2,Human Resources,Very High,Divorced,21495,128970,6,0,33,Good,Medium,3,29,4,Better,25,8,3,9,Adulte,Lyon
31,No,Travel_Frequently,301,Software,12,Bachelor,Medical,Low,Homme,42,High,5,Manager,Low,Married,35691,713820,6,0,48,Outstanding,Very High,1,21,1,Bad,15,5,13,12,Adulte,Nantes
24,Yes,Travel_Frequently,1416,Support,17,Below College,Life Sciences,Very High,Homme,82,High,5,Developer,Low,Divorced,10118,222596,3,0,31,Outstanding,High,4,25,5,Bad,2,1,2,1,Jeune,Grenoble
28,No,Travel_Rarely,985,Research & Development,9,Doctor,Marketing,High,Homme,125,Low,2,Research Director,Very High,Single,15764,110348,2,0,12,Good,Low,4,21,4,Better,20,11,11,2,Jeune,Paris
35,No,Non-Travel,1482,Support,4,College,Other,Very High,Homme,164,Very High,5,Manufacturing Director,Medium,Divorced,45663,684945,3,0,6,Good,Low,2,30,5,Bad,7,7,6,3,Adulte,Grenoble
25,Yes,Travel_Frequently,147,Software,37,Doctor,Marketing,Low,Homme,194,Medium,3,Research Director,Medium,Single,8116,40580,3,0,3,Good,High,2,29,2,Better,28,22,26,7,Jeune,Nantes
48,No,Travel_Rarely,833,Sales,35,Below College,Other,High,Homme,130,Very High,3,Research Director,Very High,Single,29700,801900,5,1,40,Outstanding,Very High,4,18,4,Best,2,2,1,2,Senior,Lyon
43,Yes,Non-Travel,1086,Human Resources,8,Below College,Life Sciences,High,Femme,96,Low,5,Research Director,Low,Married,38737,77474,7,0,25,Outstanding,Medium,3,17,5,Bad,10,1,3,7,Adulte,Marseille
33,Yes,Travel_Rarely,1348,Research & Development,11,Doctor,Medical,Low,Femme,42,Medium,2,Sales Executive,Medium,Married,21813,43626,8,0,26,Outstanding,High,3,32,5,Best,10,5,2,7,Adulte,Paris
41,No,Travel_Rarely,918,Software,28,Doctor,Marketing,High,Homme,156,Medium,1,Developer,Medium,Divorced,28213,141065,4,0,7,Good,Very High,1,12,4,Good,2,2,1,2,Adulte,Nantes
57,No,Travel_Rarely,440,Human Resources,8,College,Other,High,Homme,73,High,1,Laboratory Technician,Medium,Single,34296,377256,6,0,39,Bad,Low,4,13,3,Bad,10,6,2,3,Senior,Marseille
47,Yes,Non-Travel,578,Hardware,13,Doctor,Other,High,Homme,154,Very High,3,Healthcare Representative,High,Divorced,7030,189810,2,1,42,Good,Medium,1,38,6,Bad,11,7,2,1,Senior,Lille
32,No,Non-Travel,479,Hardware,48,Bachelor,Human Resources,Very High,Femme,140,Very High,5,Research Scientist,Very High,Divorced,11429,148577,3,1,8,Outstanding,Low,4,11,6,Best,10,7,6,4,Adulte,Lille
33,Yes,Non-Travel,1477,Software,12,Master,Medical,Very High,Femme,63,Low,2,Manager,Low,Divorced,44366,976052,0,1,18,Good,Low,2,39,2,Good,32,20,27,28,Adulte,Nantes
20,No,Travel_Frequently,941,Software,31,Below College,Marketing,Medium,Homme,59,Medium,5,Laboratory Technician,Low,Divorced,29260,409640,7,1,49,Bad,Very High,1,23,5,Good,9,3,7,6,Jeune,Nantes
53,No,Travel_Frequently,675,Research & Development,7,Doctor,Technical Degree,Low,Homme,130,Low,4,Developer,Very High,Married,45029,945609,3,1,24,Outstanding,Low,1,24,6,Best,2,1,2,2,Senior,Paris
29,Yes,Travel_Frequently,1102,Human Resources,49,Doctor,Other,Very High,Femme,176,Low,3,Research Scientist,Very High,Married,14325,329475,4,1,27,Good,High,3,9,5,Bad,7,7,3,1,Jeune,Marseille
59,No,Travel_Frequently,984,Human Resources,12,Bachelor,Life Sciences,High,Homme,140,Very High,3,Research Director,High,Divorced,31768,222376,0,1,13,Good,High,1,38,2,Better,30,13,13,9,Senior,Marseille
42,Yes,Travel_Rarely,782,Support,24,Bachelor,Other,High,Homme,81,Very High,5,Human Resources,Very High,Single,42263,295841,5,1,49,Outstanding,High,3,23,2,Better,1,1,1,1,Adulte,Grenoble
60,No,Travel_Frequently,949,Software,49,Bachelor,Technical Degree,Very High,Homme,153,High,5,Developer,Very High,Single,42600,639000,6,0,39,Good,Very High,3,39,4,Best,10,1,5,9,Senior,Nantes
35,Yes,Travel_Rarely,1029,Research & Development,29,Below College,Medical,Very High,Homme,44,Low,2,Sales Executive,High,Single,39739,913997,7,1,17,Good,Low,1,15,6,Bad,14,7,1,9,Adulte,Paris
20,Yes,Travel_Rarely,1413,Sales,8,Master,Human Resources,Very High,Homme,64,Very High,4,Manager,Very High,Married,35386,990808,7,0,23,Bad,Medium,3,15,2,Better,15,12,1,10,Jeune,Lyon
20,Yes,Travel_Frequently,1379,Research & Development,10,Bachelor,Marketing,High,Femme,140,Low,3,Developer,Medium,Single,25634,179438,3,1,15,Good,Very High,3,15,3,Best,6,4,3,6,Jeune,Paris
57,No,Non-Travel,1328,Sales,7,Below College,Technical Degree,Very High,Femme,32,Very High,1,Sales Executive,Very High,Single,4304,64560,4,0,43,Bad,Low,3,9,4,Bad,8,5,1,6,Senior,Lyon
22,No,Travel_Rarely,462,Human Resources,24,College,Other,High,Femme,82,Low,2,Laboratory Technician,Low,Single,39925,479100,6,1,49,Outstanding,Medium,2,4,6,Best,4,2,4,1,Jeune,Marseille
51,Yes,Travel_Rarely,613,Sales,2,College,Technical Degree,High,Homme,68,Medium,5,Human Resources,High,Single,25432,432344,5,0,22,Good,Low,4,38,6,Better,26,23,2,19,Senior,Lyon
45,Yes,Travel_Frequently,1498,Support,11,College,Other,Medium,Femme,100,High,4,Laboratory Technician,Low,Single,21203,402857,5,1,23,Excellent,Very High,4,18,3,Good,2,1,2,1,Adulte,Grenoble
31,Yes,Travel_Rarely,225,Support,16,College,Technical Degree,Very High,Homme,41,High,2,Laboratory Technician,Very High,Married,11120,77840,5,1,33,Outstanding,Very High,4,35,1,Bad,34,29,28,4,Adulte,Grenoble
46,Yes,Travel_Rarely,750,Research & Development,34,Doctor,Life Sciences,Low,Femme,178,High,2,Human Resources,Low,Divorced,6251,81263,3,0,11,Excellent,Low,3,2,3,Good,2,2,1,2,Senior,Paris
22,Yes,Non-Travel,1129,Software,4,Bachelor,Human Resources,High,Homme,43,Medium,3,Sales Representative,Low,Divorced,15332,122656,8,0,34,Bad,High,3,31,2,Better,31,31,28,6,Jeune,Nantes
35,No,Travel_Frequently,382,Support,4,Master,Other,Very High,Homme,102,Very High,5,Healthcare Representative,High,Single,37646,639982,6,0,14,Bad,Very High,1,32,2,Bad,6,5,2,6,Adulte,Grenoble
31,No,Travel_Rarely,1444,Hardware,41,Doctor,Medical,Low,Homme,41,High,2,Sales Executive,Medium,Married,44661,312627,2,1,8,Outstanding,Very High,3,27,1,Good,26,5,26,6,Adulte,Lille
39,No,Travel_Rarely,688,Sales,41,Below College,Medical,Low,Femme,124,Very High,2,Research Scientist,Very High,Divorced,27788,555760,6,1,5,Outstanding,Medium,4,29,5,Best,5,1,4,3,Adulte,Lyon
33,No,Travel_Rarely,1163,Human Resources,32,Below College,Human Resources,Very High,Homme,49,Very High,1,Manufacturing Director,High,Single,42191,928202,0,0,4,Good,Low,4,16,1,Bad,9,4,6,5,Adulte,Marseille
30,No,Travel_Frequently,1232,Support,35,College,Other,Low,Femme,168,Low,5,Sales Executive,Low,Divorced,40329,1048554,2,0,19,Outstanding,High,4,7,6,Bad,1,1,1,1,Jeune,Grenoble
30,No,Travel_Rarely,403,Software,5,Below College,Technical Degree,Medium,Homme,181,Very High,3,Developer,Low,Married,23894,597350,0,1,40,Good,Low,2,39,1,Good,11,11,11,1,Jeune,Nantes
45,No,Travel_Rarely,173,Sales,31,Master,Marketing,Medium,Femme,181,Low,5,Developer,Medium,Single,12407,322582,1,0,6,Bad,Very High,3,14,5,Good,5,4,1,1,Adulte,Lyon
25,No,Non-Travel,1293,Hardware,15,Doctor,Other,Very High,Homme,181,Medium,2,Research Director,Very High,Married,9766,205086,8,0,22,Excellent,Medium,3,13,2,Bad,5,3,2,1,Jeune,Lille
23,Yes,Non-Travel,1026,Software,2,Doctor,Other,Very High,Homme,186,Medium,5,Human Resources,High,Married,3650,76650,5,0,2,Bad,Medium,4,29,6,Good,1,1,1,1,Jeune,Nantes
49,Yes,Travel_Frequently,143,Research & Development,28,Master,Life Sciences,Low,Homme,107,Very High,4,Laboratory Technician,Low,Divorced,4358,21790,4,0,17,Good,Low,1,1,5,Bad,1,1,1,1,Senior,Paris
32,No,Non-Travel,1404,Hardware,30,College,Human Resources,Very High,Homme,139,High,5,Healthcare Representative,Medium,Married,20370,346290,2,0,33,Excellent,Very High,4,6,4,Best,1,1,1,1,Adulte,Lille
41,No,Non-Travel,337,Hardware,16,Master,Human Resources,Very High,Femme,142,High,3,Manager,Medium,Single,43932,658980,5,0,22,Bad,Very High,4,18,4,Best,4,1,1,1,Adulte,Lille
54,Yes,Non-Travel,310,Hardware,50,Doctor,Technical Degree,Low,Femme,112,Medium,2,Developer,High,Married,25886,673036,2,0,10,Bad,High,4,27,2,Best,7,2,1,1,Senior,Lille
41,No,Travel_Rarely,1055,Human Resources,30,Below College,Technical Degree,High,Homme,91,Medium,4,Laboratory Technician,Very High,Married,39883,438713,5,0,35,Outstanding,Low,4,38,1,Good,12,7,10,3,Adulte,Marseille
59,Yes,Travel_Rarely,637,Human Resources,3,Bachelor,Medical,Very High,Homme,146,Medium,5,Research Scientist,Low,Single,10427,135551,5,1,33,Outstanding,Low,3,30,5,Best,11,5,4,6,Senior,Marseille
28,Yes,Travel_Rarely,1372,Human Resources,18,Master,Technical Degree,Very High,Femme,51,High,2,Research Director,Medium,Divorced,10654,53270,3,1,36,Excellent,High,3,2,4,Good,2,1,2,1,Jeune,Marseille
24,Yes,Travel_Rarely,717,Hardware,20,Bachelor,Technical Degree,Very High,Homme,39,Very High,5,Healthcare Representative,Medium,Divorced,6533,19599,0,0,42,Excellent,High,3,18,2,Bad,11,4,9,4,Jeune,Lille
39,Yes,Non-Travel,773,Human Resources,43,Master,Life Sciences,Very High,Homme,153,Medium,3,Healthcare Representative,Low,Married,6808,68080,4,0,17,Excellent,Medium,2,21,2,Bad,16,13,9,11,Adulte,Marseille
28,Yes,Non-Travel,1290,Human Resources,16,Master,Marketing,Low,Femme,198,Medium,3,Research Scientist,Low,Married,48407,1016547,7,1,25,Good,High,2,30,5,Bad,16,11,15,11,Jeune,Marseille
32,Yes,Travel_Frequently,1291,Human Resources,17,Below College,Life Sciences,Low,Femme,99,Very High,3,Sales Executive,Very High,Divorced,46453,603889,1,1,7,Good,Very High,2,33,6,Good,3,1,3,3,Adulte,Marseille
28,No,Travel_Rarely,1447,Software,27,Below College,Human Resources,Very High,Homme,146,Very High,1,Manager,High,Divorced,36151,723020,1,0,19,Outstanding,High,4,39,1,Best,35,9,24,21,Jeune,Nantes
20,Yes,Travel_Rarely,1421,Sales,45,Doctor,Other,High,Femme,75,Medium,2,Sales Executive,Medium,Divorced,40702,447722,8,1,30,Good,Medium,2,21,2,Better,19,11,18,10,Jeune,Lyon
46,Yes,Non-Travel,791,Software,13,Doctor,Other,Medium,Homme,190,Low,2,Manager,Medium,Single,28315,792820,6,1,10,Outstanding,Low,1,32,4,Better,2,1,2,2,Senior,Nantes
24,No,Travel_Frequently,327,Support,31,Below College,Human Resources,High,Homme,74,Low,1,Sales Representative,Low,Single,1372,9604,2,0,29,Outstanding,Very High,1,12,6,Bad,3,3,2,1,Jeune,Grenoble
54,Yes,Non-Travel,295,Research & Development,29,Doctor,Medical,Medium,Homme,166,Low,3,Research Scientist,Medium,Single,48711,243555,4,0,31,Good,Medium,2,5,3,Bad,4,1,3,1,Senior,Paris
28,Yes,Travel_Rarely,395,Support,43,Doctor,Marketing,Medium,Homme,155,Low,2,Sales Representative,Very High,Divorced,35581,284648,2,1,28,Outstanding,Very High,4,6,1,Better,4,4,4,2,Jeune,Grenoble
24,No,Travel_Frequently,187,Research & Development,49,Doctor,Life Sciences,Low,Femme,184,Low,2,Manufacturing Director,High,Single,5920,171680,3,1,44,Excellent,High,3,26,3,Best,6,6,2,2,Jeune,Paris
29,Yes,Travel_Frequently,720,Hardware,23,College,Medical,Medium,Homme,133,High,4,Research Director,High,Married,44454,444540,5,0,29,Bad,Very High,2,15,5,Good,10,4,1,1,Jeune,Lille
42,No,Travel_Frequently,635,Research & Development,30,Master,Human Resources,Low,Homme,104,Low,2,Human Resources,Medium,Single,36432,910800,6,1,35,Good,Very High,3,28,5,Good,12,9,6,4,Adulte,Paris
55,Yes,Travel_Rarely,1114,Support,28,Master,Marketing,Very High,Femme,107,High,2,Research Director,High,Married,5624,101232,3,1,45,Outstanding,Low,2,32,1,Bad,2,1,1,2,Senior,Grenoble
56,No,Travel_Rarely,1493,Human Resources,39,Bachelor,Human Resources,Very High,Homme,197,Very High,2,Sales Executive,Low,Married,44855,224275,7,0,18,Excellent,Medium,4,24,2,Better,14,11,8,2,Senior,Marseille
19,Yes,Travel_Rarely,121,Human Resources,33,College,Marketing,Very High,Femme,65,Very High,3,Manufacturing Director,Very High,Divorced,31700,348700,4,0,33,Bad,Very High,3,10,1,Bad,4,3,3,3,Jeune,Marseille
35,Yes,Travel_Frequently,538,Hardware,28,Bachelor,Human Resources,Medium,Homme,134,Medium,5,Human Resources,Very High,Divorced,27132,488376,3,1,21,Outstanding,Medium,2,11,1,Better,5,1,2,1,Adulte,Lille
26,No,Travel_Frequently,298,Human Resources,40,Doctor,Other,Medium,Homme,64,High,2,Manager,Very High,Single,9400,84600,1,0,15,Good,Very High,4,2,4,Bad,2,2,1,2,Jeune,Marseille
48,Yes,Non-Travel,1196,Support,24,Master,Technical Degree,Low,Homme,46,Low,3,Manager,Very High,Single,25207,705796,5,1,8,Outstanding,High,1,8,6,Best,8,4,1,5,Senior,Grenoble
60,No,Travel_Rarely,772,Support,25,College,Life Sciences,Low,Femme,150,Very High,5,Developer,Medium,Divorced,36545,877080,6,1,26,Bad,High,3,19,5,Better,3,1,1,1,Senior,Grenoble
41,Yes,Non-Travel,458,Human Resources,39,Bachelor,Other,Very High,Femme,34,High,5,Healthcare Representative,High,Divorced,24067,722010,2,1,42,Outstanding,Medium,1,27,4,Best,4,2,3,3,Adulte,Marseille
35,Yes,Travel_Frequently,821,Research & Development,47,Doctor,Marketing,Low,Femme,87,High,3,Sales Representative,Medium,Single,36578,475514,2,1,37,Good,Very High,2,35,3,Better,24,23,7,24,Adulte,Paris
29,No,Travel_Rarely,909,Sales,40,Bachelor,Other,Medium,Femme,75,High,5,Sales Representative,Low,Married,14612,160732,6,0,28,Bad,Medium,2,7,2,Best,3,2,2,2,Jeune,Lyon
56,Yes,Travel_Frequently,809,Sales,44,College,Medical,High,Femme,171,Very High,4,Human Resources,Very High,Single,42824,728008,5,1,35,Excellent,Medium,4,15,1,Bad,2,2,1,1,Senior,Lyon
36,No,Travel_Rarely,1457,Sales,21,Doctor,Life Sciences,Medium,Femme,196,Very High,2,Developer,Very High,Married,8276,215176,6,0,48,Excellent,High,3,15,3,Best,6,4,3,2,Adulte,Lyon
54,No,Travel_Rarely,1092,Research & Development,31,Bachelor,Other,Very High,Homme,53,Very High,5,Research Director,High,Divorced,7150,50050,4,1,19,Excellent,Medium,2,5,3,Better,4,2,3,4,Senior,Paris
56,No,Travel_Rarely,174,Support,10,College,Life Sciences,Low,Homme,57,Very High,2,Sales Executive,Low,Divorced,1849,18490,8,1,8,Outstanding,Medium,3,23,3,Bad,23,3,12,10,Senior,Grenoble
48,Yes,Travel_Frequently,1339,Research & Development,38,Doctor,Technical Degree,Very High,Femme,178,Very High,5,Human Resources,Medium,Single,50240,1004800,5,0,25,Outstanding,Low,4,24,6,Best,18,16,12,2,Senior,Paris
19,Yes,Travel_Frequently,980,Research & Development,23,Master,Marketing,Low,Femme,117,Very High,2,Sales Representative,Very High,Divorced,3426,47964,7,1,44,Excellent,Very High,2,14,3,Best,9,9,5,7,Jeune,Paris
21,No,Travel_Rarely,200,Research & Development,44,Bachelor,Medical,Very High,Homme,102,Low,1,Manufacturing Director,Low,Married,33149,430937,3,0,22,Outstanding,Medium,1,12,3,Better,10,8,1,2,Jeune,Paris
35,No,Travel_Rarely,817,Human Resources,39,Doctor,Life Sciences,High,Homme,183,High,5,Sales Executive,Very High,Divorced,42933,858660,2,1,22,Bad,Low,2,7,1,Best,1,1,1,1,Adulte,Marseille
19,Yes,Travel_Frequently,1245,Research & Development,43,Master,Life Sciences,Low,Femme,105,Low,2,Research Scientist,Low,Divorced,42336,1227744,8,0,0,Bad,Very High,1,40,4,Best,37,26,14,29,Jeune,Paris
37,No,Non-Travel,192,Research & Development,39,College,Marketing,Medium,Homme,181,High,5,Developer,Very High,Divorced,3154,78850,3,0,2,Bad,Low,3,8,4,Bad,3,2,1,1,Adulte,Paris
36,No,Non-Travel,606,Human Resources,19,College,Life Sciences,Low,Femme,99,Medium,4,Human Resources,Very High,Single,42867,943074,5,0,26,Outstanding,Low,2,18,5,Best,9,6,6,6,Adulte,Marseille
34,Yes,Travel_Rarely,443,Software,26,Below College,Life Sciences,Low,Homme,44,Low,5,Research Director,Low,Single,19709,394180,2,0,37,Outstanding,High,4,7,1,Bad,1,1,1,1,Adulte,Nantes
47,Yes,Non-Travel,760,Human Resources,28,Bachelor,Marketing,Medium,Femme,107,Low,3,Laboratory Technician,Very High,Married,16960,271360,6,1,23,Bad,High,3,31,4,Bad,9,7,9,2,Senior,Marseille
43,No,Non-Travel,450,Research & Development,21,Bachelor,Marketing,Medium,Femme,65,High,1,Research Scientist,Very High,Single,10911,152754,7,0,40,Bad,Medium,4,13,2,Best,2,2,1,1,Adulte,Paris
48,No,Travel_Rarely,1380,Software,2,Doctor,Life Sciences,Medium,Femme,166,Medium,2,Manufacturing Director,Very High,Divorced,17577,386694,8,1,2,Excellent,Very High,1,21,6,Better,2,2,1,2,Senior,Nantes
39,No,Non-Travel,301,Support,41,Below College,Marketing,Medium,Homme,50,Medium,4,Sales Executive,Medium,Married,10946,240812,1,0,22,Good,Very High,1,6,5,Better,2,2,2,2,Adulte,Grenoble
42,Yes,Non-Travel,1179,Software,1,Below College,Human Resources,Medium,Homme,86,Very High,5,Laboratory Technician,High,Divorced,29236,58472,2,1,46,Bad,Very High,4,32,1,Better,23,17,7,7,Adulte,Nantes
32,Yes,Travel_Rarely,127,Human Resources,18,College,Life Sciences,Very High,Femme,91,Medium,3,Laboratory Technician,Low,Single,42308,211540,8,1,9,Bad,Medium,3,21,5,Good,7,2,4,3,Adulte,Marseille
29,No,Travel_Frequently,194,Human Resources,39,College,Human Resources,Medium,Homme,62,High,3,Manufacturing Director,Very High,Married,40746,1018650,8,1,47,Excellent,High,4,32,5,Good,20,9,4,10,Jeune,Marseille
25,Yes,Travel_Frequently,880,Sales,9,Master,Technical Degree,Very High,Homme,157,Very High,1,Manager,Low,Divorced,25931,440827,2,0,15,Bad,High,4,7,6,Bad,4,4,4,4,Jeune,Lyon
52,Yes,Travel_Frequently,723,Hardware,37,Below College,Human Resources,Low,Femme,118,High,4,Sales Executive,Very High,Married,47033,470330,0,1,5,Bad,High,1,7,5,Good,6,2,6,5,Senior,Lille
52,No,Travel_Frequently,201,Sales,12,Master,Medical,High,Femme,62,High,1,Healthcare Representative,Medium,Married,39955,1158695,1,1,48,Bad,High,2,33,5,Best,15,13,9,8,Senior,Lyon
23,No,Non-Travel,1262,Support,26,College,Marketing,Very High,Femme,136,High,1,Research Director,Very High,Divorced,9760,185440,3,1,38,Bad,Medium,2,22,5,Best,16,16,9,12,Jeune,Grenoble
46,No,Travel_Frequently,660,Research & Development,12,College,Marketing,Low,Femme,170,Medium,2,Healthcare Representative,Low,Divorced,50560,252800,0,1,11,Outstanding,Medium,4,10,1,Best,2,1,1,1,Senior,Paris
60,Yes,Travel_Rarely,558,Sales,2,Master,Human Resources,Very High,Homme,65,Low,5,Laboratory Technician,Low,Married,18930,246090,3,0,22,Outstanding,Low,4,9,4,Best,1,1,1,1,Senior,Lyon
55,Yes,Travel_Rarely,374,Sales,24,College,Life Sciences,Very High,Femme,187,Very High,2,Human Resources,High,Divorced,50810,1270250,7,0,48,Excellent,Low,3,17,2,Better,13,13,7,4,Senior,Lyon
39,No,Travel_Frequently,1230,Sales,32,Master,Other,High,Homme,114,Medium,1,Healthcare Representative,Medium,Married,10138,141932,1,0,38,Good,Medium,1,6,2,Good,1,1,1,1,Adulte,Lyon
18,No,Travel_Frequently,822,Support,48,Doctor,Human Resources,Low,Femme,99,Medium,1,Human Resources,Medium,Married,5938,77194,0,1,9,Bad,Very High,4,1,2,Good,1,1,1,1,Jeune,Grenoble
60,No,Travel_Frequently,1360,Software,8,Master,Technical Degree,High,Femme,85,Low,3,Manager,Very High,Single,4691,93820,1,1,25,Good,High,3,19,6,Better,16,3,9,13,Senior,Nantes
18,Yes,Non-Travel,1153,Support,39,Below College,Other,Low,Homme,169,High,3,Manufacturing Director,High,Divorced,16020,448560,2,1,30,Bad,Medium,3,7,3,Bad,7,6,6,2,Jeune,Grenoble
42,No,Travel_Frequently,619,Human Resources,15,Bachelor,Marketing,High,Femme,137,Low,2,Laboratory Technician,Very High,Single,2253,6759,3,1,27,Good,High,3,9,4,Best,3,1,3,3,Adulte,Marseille
44,No,Travel_Rarely,495,Support,5,College,Medical,Low,Homme,33,Medium,4,Developer,Medium,Single,19466,564514,2,0,15,Bad,Very High,1,25,2,Best,17,4,11,12,Adulte,Grenoble
43,No,Travel_Rarely,227,Research & Development,16,Below College,Life Sciences,High,Homme,160,Medium,3,Sales Executive,Very High,Divorced,18228,91140,4,0,28,Bad,Medium,3,4,2,Good,1,1,1,1,Adulte,Paris
28,Yes,Travel_Frequently,679,Sales,26,Doctor,Life Sciences,High,Femme,49,Medium,5,Sales Representative,Low,Divorced,23266,465320,1,0,33,Outstanding,Medium,4,37,3,Bad,7,5,7,6,Jeune,Lyon
36,Yes,Travel_Frequently,211,Human Resources,22,Bachelor,Marketing,Medium,Femme,143,Very High,5,Healthcare Representative,Very High,Single,20549,595921,7,0,31,Excellent,Very High,3,8,3,Best,1,1,1,1,Adulte,Marseille
55,Yes,Non-Travel,766,Software,1,Master,Medical,Very High,Femme,68,Low,2,Sales Representative,Very High,Married,8438,219388,5,1,16,Good,High,4,37,5,Bad,34,26,9,6,Senior,Nantes
50,No,Travel_Frequently,551,Sales,10,Bachelor,Life Sciences,High,Femme,175,Medium,4,Research Scientist,Medium,Single,33074,463036,7,1,26,Outstanding,High,3,18,2,Best,2,2,1,1,Senior,Lyon
43,No,Non-Travel,306,Sales,40,Below College,Marketing,Medium,Homme,63,Very High,3,Healthcare Representative,Low,Married,21603,561678,1,0,19,Excellent,Low,4,18,4,Best,8,1,4,7,Adulte,Lyon
29,No,Non-Travel,596,Software,35,Master,Other,High,Femme,138,High,3,Research Scientist,Low,Married,35264,246848,2,1,26,Bad,Very High,4,37,1,Good,32,30,14,25,Jeune,Nantes
20,No,Non-Travel,623,Hardware,30,College,Other,Low,Homme,96,Low,1,Laboratory Technician,High,Single,26135,104540,5,1,17,Good,Very High,3,36,5,Better,4,1,1,3,Jeune,Lille
59,Yes,Travel_Frequently,1228,Research & Development,28,Bachelor,Marketing,Medium,Femme,50,Very High,5,Research Director,High,Married,50348,654524,7,1,47,Bad,Very High,4,2,4,Good,2,1,2,1,Senior,Paris
40,Yes,Travel_Rarely,726,Support,22,Bachelor,Marketing,Very High,Homme,30,High,5,Healthcare Representative,High,Single,48811,1269086,8,0,34,Outstanding,Very High,2,16,4,Best,12,6,10,1,Adulte,Grenoble
18,No,Travel_Frequently,656,Sales,40,College,Marketing,Very High,Homme,177,Medium,2,Manufacturing Director,Very High,Single,26643,426288,6,0,1,Bad,Very High,1,33,1,Better,32,3,22,7,Jeune,Lyon
41,Yes,Non-Travel,268,Support,26,Bachelor,Medical,Very High,Femme,158,High,5,Research Director,Low,Married,20417,61251,5,1,32,Excellent,Very High,4,14,3,Bad,4,4,2,3,Adulte,Grenoble
49,Yes,Travel_Rarely,224,Software,12,Doctor,Technical Degree,High,Homme,74,Medium,1,Research Director,Medium,Single,29228,350736,3,0,21,Bad,High,4,20,1,Best,17,3,9,14,Senior,Nantes
47,Yes,Travel_Frequently,1250,Research & Development,18,Doctor,Life Sciences,High,Homme,152,High,2,Developer,Low,Divorced,21230,254760,3,1,41,Outstanding,Very High,1,30,3,Good,11,6,8,1,Senior,Paris
56,Yes,Non-Travel,610,Research & Development,50,Master,Human Resources,Low,Femme,35,High,5,Healthcare Representative,Low,Single,21661,476542,2,1,28,Outstanding,Medium,2,39,4,Best,5,4,3,1,Senior,Paris
26,No,Travel_Frequently,566,Support,36,Master,Medical,Medium,Homme,153,Very High,3,Human Resources,Very High,Married,4820,14460,8,1,44,Good,Very High,4,31,2,Bad,30,27,23,14,Jeune,Grenoble
42,No,Travel_Frequently,1298,Human Resources,11,Doctor,Marketing,Medium,Femme,93,High,5,Healthcare Representative,Low,Single,29915,688045,8,1,12,Excellent,Low,3,2,2,Bad,1,1,1,1,Adulte,Marseille
23,No,Travel_Frequently,831,Sales,12,Bachelor,Life Sciences,Low,Femme,143,Medium,5,Human Resources,Medium,Divorced,36112,397232,6,0,3,Outstanding,Low,2,6,4,Good,3,2,1,3,Jeune,Lyon
39,No,Non-Travel,1204,Software,49,Below College,Life Sciences,Low,Homme,130,High,4,Laboratory Technician,High,Divorced,43239,1080975,4,0,0,Excellent,High,2,26,1,Better,9,5,9,9,Adulte,Nantes
21,No,Travel_Frequently,1446,Human Resources,4,Bachelor,Other,Low,Homme,102,Low,4,Human Resources,High,Divorced,42145,800755,8,0,27,Good,Very High,1,22,2,Good,18,3,18,17,Jeune,Marseille
20,No,Travel_Frequently,1454,Research & Development,9,Master,Technical Degree,Very High,Homme,103,High,1,Sales Executive,Low,Divorced,19106,248378,5,1,10,Excellent,Very High,3,2,5,Bad,1,1,1,1,Jeune,Paris
37,Yes,Travel_Rarely,852,Hardware,17,Bachelor,Marketing,Medium,Femme,117,High,3,Manufacturing Director,Low,Divorced,36458,874992,7,0,42,Good,High,4,36,1,Bad,24,3,24,12,Adulte,Lille
19,Yes,Non-Travel,450,Support,42,Below College,Other,High,Homme,81,Medium,5,Human Resources,Medium,Married,21965,307510,2,1,34,Good,Very High,2,3,3,Better,1,1,1,1,Jeune,Grenoble
30,No,Non-Travel,657,Hardware,27,Doctor,Other,Very High,Homme,112,Medium,1,Manufacturing Director,Medium,Married,40555,405550,7,1,32,Excellent,High,4,16,4,Bad,13,9,4,1,Jeune,Lille
26,No,Non-Travel,1171,Software,2,Master,Medical,High,Homme,38,Very High,2,Research Scientist,Very High,Married,37959,948975,3,0,36,Good,Low,1,36,3,Good,3,1,2,1,Jeune,Nantes
36,No,Travel_Rarely,1245,Hardware,28,Doctor,Life Sciences,High,Homme,146,Medium,3,Laboratory Technician,Medium,Married,38368,537152,1,0,49,Bad,High,3,34,5,Best,6,2,2,5,Adulte,Lille
50,Yes,Travel_Rarely,518,Hardware,20,Doctor,Other,Low,Homme,57,Low,5,Human Resources,Medium,Divorced,20312,182808,2,0,26,Excellent,Very High,2,17,3,Better,4,2,2,4,Senior,Lille
28,No,Travel_Frequently,1273,Human Resources,12,Doctor,Life Sciences,Medium,Homme,43,Very High,2,Sales Executive,Medium,Single,12170,243400,5,0,26,Excellent,High,1,1,2,Better,1,1,1,1,Jeune,Marseille
18,Yes,Travel_Frequently,959,Support,47,Master,Other,Medium,Homme,104,Low,5,Sales Representative,High,Married,32565,227955,8,1,12,Outstanding,Very High,3,4,3,Good,1,1,1,1,Jeune,Grenoble
50,No,Non-Travel,1171,Research & Development,47,Master,Life Sciences,Low,Homme,31,Very High,2,Sales Executive,Very High,Divorced,20877,187893,0,0,14,Bad,Low,4,32,1,Bad,31,12,5,15,Senior,Paris
50,No,Travel_Rarely,977,Software,37,Doctor,Life Sciences,Medium,Homme,112,Low,5,Healthcare Representative,Low,Divorced,19355,541940,3,1,32,Good,Very High,4,40,6,Good,10,10,3,2,Senior,Nantes
19,No,Travel_Frequently,1339,Sales,48,Bachelor,Other,Very High,Homme,71,Very High,2,Healthcare Representative,High,Divorced,44156,794808,8,1,8,Bad,Very High,4,40,4,Best,20,2,17,4,Jeune,Lyon
37,Yes,Non-Travel,1079,Human Resources,24,Below College,Technical Degree,Low,Femme,141,Medium,3,Sales Executive,Very High,Married,46916,1172900,3,1,38,Excellent,Very High,2,28,1,Best,11,7,5,1,Adulte,Marseille
25,Yes,Travel_Frequently,1453,Research & Development,5,Master,Marketing,Low,Homme,145,Very High,4,Research Director,Medium,Married,28307,283070,2,0,13,Excellent,High,1,1,6,Good,1,1,1,1,Jeune,Paris
57,Yes,Travel_Frequently,783,Hardware,3,Below College,Life Sciences,Low,Femme,71,Very High,1,Laboratory Technician,Very High,Married,17994,467844,6,0,0,Good,Low,2,28,2,Good,16,4,15,15,Senior,Lille
23,No,Travel_Frequently,683,Sales,50,Below College,Technical Degree,High,Homme,102,Very High,1,Manufacturing Director,Very High,Divorced,32324,549508,8,0,26,Outstanding,High,2,1,6,Good,1,1,1,1,Jeune,Lyon
36,Yes,Travel_Frequently,207,Sales,49,Below College,Other,Medium,Femme,41,Medium,2,Developer,High,Single,28371,652533,7,1,37,Excellent,Medium,4,31,4,Better,21,21,12,21,Adulte,Lyon
44,No,Non-Travel,345,Software,11,Master,Human Resources,Medium,Homme,94,High,4,Research Director,Low,Single,35106,807438,1,0,15,Outstanding,Very High,3,2,3,Better,1,1,1,1,Adulte,Nantes
22,No,Travel_Frequently,623,Research & Development,32,Bachelor,Technical Degree,Medium,Homme,151,High,1,Manufacturing Director,Medium,Married,44667,1116675,8,0,20,Good,Low,4,34,1,Best,24,13,5,20,Jeune,Paris
28,No,Travel_Frequently,1063,Hardware,50,College,Life Sciences,Low,Femme,71,Very High,5,Laboratory Technician,Medium,Divorced,27220,626060,5,1,11,Outstanding,Very High,2,12,5,Best,11,3,11,8,Jeune,Lille
28,Yes,Travel_Frequently,1453,Software,15,Below College,Life Sciences,Medium,Homme,50,Very High,1,Laboratory Technician,High,Single,45629,1231983,7,1,13,Good,Medium,1,16,6,Good,8,4,1,1,Jeune,Nantes
58,Yes,Travel_Rarely,873,Hardware,5,Doctor,Other,High,Homme,158,Low,1,Sales Representative,High,Married,23191,301483,1,1,43,Outstanding,Low,3,27,5,Better,20,7,8,5,Senior,Lille
51,Yes,Travel_Rarely,1404,Hardware,9,Doctor,Medical,Very High,Femme,81,Medium,2,Human Resources,Very High,Married,31574,315740,1,1,39,Bad,Very High,1,6,6,Good,5,1,4,4,Senior,Lille
42,Yes,Travel_Rarely,1071,Research & Development,16,Bachelor,Other,Very High,Homme,128,High,5,Laboratory Technician,Low,Single,42720,598080,2,0,25,Excellent,High,4,5,2,Bad,4,4,3,3,Adulte,Paris
26,Yes,Travel_Frequently,515,Hardware,36,Doctor,Technical Degree,High,Femme,80,Low,5,Research Director,Low,Married,19194,479850,4,0,12,Outstanding,Low,2,29,4,Good,3,1,1,3,Jeune,Lille
45,Yes,Travel_Frequently,300,Research & Development,28,Doctor,Medical,High,Homme,39,Medium,4,Sales Executive,High,Single,21796,108980,5,1,2,Bad,High,3,13,3,Better,1,1,1,1,Adulte,Paris
42,Yes,Travel_Rarely,291,Support,18,Bachelor,Technical Degree,Very High,Femme,147,Very High,5,Developer,High,Married,1392,18096,6,1,31,Excellent,High,4,32,2,Better,2,2,2,1,Adulte,Grenoble
25,Yes,Non-Travel,1190,Research & Development,21,Doctor,Life Sciences,Medium,Homme,174,Very High,3,Manager,Low,Married,27124,27124,4,1,19,Excellent,Low,4,40,2,Bad,11,8,2,10,Jeune,Paris
33,Yes,Non-Travel,815,Hardware,3,Doctor,Medical,Medium,Homme,90,Low,1,Human Resources,Very High,Divorced,14347,301287,1,1,11,Excellent,Low,3,12,5,Better,5,1,3,2,Adulte,Lille
52,Yes,Travel_Frequently,962,Sales,47,Master,Life Sciences,Medium,Femme,40,High,3,Research Director,Medium,Single,9812,9812,4,1,20,Excellent,Medium,2,24,2,Good,5,5,5,1,Senior,Lyon
33,Yes,Travel_Frequently,1108,Hardware,29,Doctor,Medical,Medium,Femme,56,Low,5,Laboratory Technician,Low,Divorced,16495,395880,3,0,35,Bad,Low,3,7,4,Good,4,1,4,2,Adulte,Lille
45,No,Travel_Rarely,791,Software,32,Master,Life Sciences,Medium,Femme,122,Medium,5,Research Scientist,Low,Married,46750,888250,0,1,0,Good,High,3,24,6,Best,16,2,9,7,Adulte,Nantes
52,No,Travel_Frequently,943,Software,7,Doctor,Marketing,Medium,Femme,169,Very High,3,Research Scientist,High,Divorced,46611,605943,6,1,4,Outstanding,Low,3,29,4,Bad,4,4,2,2,Senior,Nantes
43,No,Travel_Frequently,443,Software,6,Bachelor,Medical,Very High,Homme,73,Very High,5,Research Director,Medium,Single,30631,918930,4,1,48,Bad,Low,1,1,3,Good,1,1,1,1,Adulte,Nantes
40,No,Travel_Rarely,1261,Support,4,College,Marketing,Low,Femme,64,High,2,Manager,Medium,Single,40676,162704,8,0,7,Good,High,2,16,6,Bad,3,3,1,2,Adulte,Grenoble
22,Yes,Travel_Frequently,1091,Sales,8,Doctor,Other,Very High,Homme,39,Low,5,Healthcare Representative,Very High,Divorced,32027,640540,3,0,22,Excellent,Low,4,14,6,Bad,12,7,11,6,Jeune,Lyon
55,Yes,Travel_Rarely,689,Sales,25,Bachelor,Technical Degree,Medium,Homme,149,High,3,Developer,Very High,Single,49725,1442025,6,1,12,Excellent,Very High,3,20,4,Best,7,2,3,3,Senior,Lyon
46,Yes,Travel_Frequently,307,Research & Development,26,Below College,Medical,Very High,Femme,73,Medium,2,Sales Representative,Low,Married,19492,428824,8,0,29,Good,Very High,3,4,1,Good,3,3,3,2,Senior,Paris
34,No,Non-Travel,1446,Software,10,College,Human Resources,High,Femme,103,High,4,Developer,Very High,Divorced,13359,173667,7,1,27,Good,Low,3,16,6,Good,9,1,1,2,Adulte,Nantes
28,No,Travel_Frequently,1454,Software,15,Doctor,Medical,Medium,Homme,150,High,4,Research Scientist,High,Single,36090,72180,7,0,26,Good,High,2,1,4,Best,1,1,1,1,Jeune,Nantes
53,No,Travel_Frequently,399,Hardware,11,Bachelor,Marketing,High,Femme,117,Medium,3,Manager,Low,Married,6106,48848,3,1,48,Good,High,1,4,1,Good,1,1,1,1,Senior,Lille
57,No,Non-Travel,1169,Support,23,College,Technical Degree,Very High,Femme,107,Medium,5,Manager,High,Divorced,43324,1169748,4,0,22,Excellent,High,1,25,4,Bad,18,9,14,17,Senior,Grenoble
57,Yes,Travel_Rarely,277,Human Resources,45,College,Other,High,Femme,135,Medium,3,Human Resources,Very High,Married,36324,36324,6,0,26,Good,Very High,4,6,2,Bad,5,5,4,5,Senior,Marseille
55,No,Non-Travel,245,Support,44,Master,Life Sciences,Low,Femme,35,Low,3,Manufacturing Director,High,Divorced,5871,46968,7,1,0,Good,High,1,26,4,Best,3,2,3,2,Senior,Grenoble
48,No,Non-Travel,695,Hardware,9,Master,Technical Degree,Medium,Femme,110,Very High,3,Human Resources,High,Married,39825,1035450,3,1,49,Good,Low,4,16,5,Better,11,7,8,4,Senior,Lille
51,No,Non-Travel,931,Human Resources,43,College,Medical,Medium,Homme,200,Medium,5,Sales Executive,High,Divorced,3087,6174,4,1,42,Outstanding,Medium,3,10,3,Good,4,2,1,2,Senior,Marseille
51,Yes,Travel_Frequently,488,Sales,32,College,Medical,Medium,Homme,47,Low,1,Manufacturing Director,Medium,Single,22922,412596,4,0,25,Outstanding,Low,3,5,5,Bad,4,2,2,3,Senior,Lyon
39,Yes,Travel_Frequently,232,Hardware,6,College,Human Resources,High,Homme,90,Very High,4,Sales Executive,Very High,Single,15696,470880,4,1,3,Excellent,Low,4,30,5,Best,27,1,2,24,Adulte,Lille
35,Yes,Non-Travel,1139,Software,23,Doctor,Human Resources,Medium,Homme,198,Medium,3,Manufacturing Director,Very High,Married,22069,286897,8,1,19,Good,Medium,3,10,4,Best,10,8,4,1,Adulte,Nantes
25,Yes,Travel_Rarely,353,Hardware,47,Bachelor,Medical,Very High,Femme,182,Medium,3,Sales Representative,Very High,Single,48620,1409980,5,1,13,Good,Low,4,10,5,Better,5,2,4,1,Jeune,Lille
41,No,Travel_Rarely,1462,Sales,16,Master,Other,High,Femme,93,Medium,3,Healthcare Representative,Very High,Married,9796,97960,1,1,28,Outstanding,High,4,1,5,Good,1,1,1,1,Adulte,Lyon
30,No,Travel_Frequently,342,Research & Development,22,College,Marketing,High,Femme,125,Medium,3,Sales Representative,Medium,Married,13376,214016,4,1,45,Bad,High,4,27,1,Bad,18,3,7,2,Jeune,Paris
22,No,Non-Travel,648,Support,47,Bachelor,Other,High,Homme,100,Low,2,Manager,Medium,Divorced,39115,821415,0,1,33,Good,Medium,3,12,6,Best,10,2,4,9,Jeune,Grenoble
33,No,Travel_Frequently,590,Hardware,26,College,Life Sciences,Low,Femme,111,Low,3,Manufacturing Director,High,Single,5982,131604,4,0,33,Excellent,Medium,4,23,2,Bad,9,1,4,9,Adulte,Lille
24,No,Non-Travel,529,Software,33,College,Medical,Medium,Femme,192,Low,4,Manager,High,Divorced,31097,621940,0,1,39,Excellent,Medium,2,34,5,Best,25,19,16,6,Jeune,Nantes
29,Yes,Non-Travel,358,Sales,44,Master,Medical,Medium,Homme,57,Very High,1,Sales Executive,Low,Married,28804,230432,8,0,35,Bad,Very High,1,14,1,Good,5,1,2,4,Jeune,Lyon
51,Yes,Travel_Frequently,1064,Sales,18,Doctor,Marketing,Medium,Femme,34,Very High,4,Research Director,Medium,Single,22795,501490,5,1,8,Good,High,2,7,3,Bad,4,3,3,4,Senior,Lyon
40,No,Travel_Frequently,1059,Support,11,Master,Marketing,Medium,Homme,41,Medium,3,Sales Representative,Very High,Divorced,17296,259440,4,1,3,Good,Low,3,7,6,Best,6,1,5,1,Adulte,Grenoble
47,Yes,Travel_Rarely,206,Hardware,35,Bachelor,Human Resources,Low,Femme,112,Very High,3,Manufacturing Director,Medium,Divorced,5207,145796,0,1,35,Outstanding,Medium,3,40,1,Good,4,3,4,3,Senior,Lille
48,Yes,Non-Travel,380,Support,21,Master,Human Resources,High,Femme,127,Low,2,Healthcare Representative,High,Married,45046,630644,5,1,39,Good,Very High,2,7,5,Best,4,2,2,2,Senior,Grenoble
24,No,Non-Travel,1262,Sales,18,Doctor,Life Sciences,Very High,Homme,72,Very High,5,Manufacturing Director,Medium,Single,43468,260808,7,1,31,Excellent,Low,3,31,5,Best,9,2,1,2,Jeune,Lyon
60,Yes,Travel_Rarely,477,Software,9,Bachelor,Medical,High,Homme,182,High,4,Manager,Medium,Divorced,43094,474034,4,1,12,Good,High,4,19,6,Best,8,5,8,6,Senior,Nantes
32,Yes,Non-Travel,384,Support,32,Master,Medical,High,Homme,48,Very High,1,Research Director,High,Married,33954,407448,6,0,0,Outstanding,High,1,34,6,Good,26,7,7,21,Adulte,Grenoble
50,No,Travel_Rarely,621,Research & Development,40,College,Human Resources,High,Homme,147,Very High,5,Manager,Very High,Married,31934,63868,1,0,0,Outstanding,Medium,3,7,1,Bad,7,4,4,2,Senior,Paris
49,No,Non-Travel,1424,Human Resources,49,Doctor,Technical Degree,Medium,Femme,53,Medium,4,Sales Representative,Low,Single,15486,92916,5,0,0,Good,Very High,3,37,1,Better,4,2,3,1,Senior,Marseille
32,No,Travel_Frequently,1032,Sales,41,Below College,Life Sciences,Very High,Femme,74,Medium,2,Human Resources,High,Married,27159,271590,2,0,45,Excellent,High,4,12,4,Best,11,8,11,6,Adulte,Lyon
44,Yes,Non-Travel,674,Sales,42,College,Life Sciences,Medium,Femme,39,Medium,3,Healthcare Representative,High,Divorced,14331,329613,7,0,30,Excellent,Low,1,17,4,Bad,7,1,1,5,Adulte,Lyon
38,Yes,Non-Travel,167,Support,27,Master,Marketing,Very High,Homme,139,Low,5,Developer,Very High,Married,42164,126492,6,1,24,Bad,Medium,2,19,1,Bad,9,3,6,9,Adulte,Grenoble
27,No,Travel_Rarely,646,Software,14,Bachelor,Other,High,Femme,52,Low,2,Healthcare Representative,Low,Single,15165,45495,0,0,36,Outstanding,Very High,1,9,4,Bad,7,5,6,2,Jeune,Nantes
23,Yes,Travel_Frequently,317,Research & Development,3,Master,Technical Degree,High,Femme,195,Medium,5,Developer,Very High,Divorced,23871,620646,2,1,43,Excellent,High,2,32,3,Best,16,9,6,14,Jeune,Paris
55,No,Non-Travel,291,Software,6,Bachelor,Other,Medium,Homme,118,High,1,Human Resources,Medium,Married,12717,152604,8,1,38,Outstanding,Low,3,19,3,Good,13,10,3,3,Senior,Nantes
55,Yes,Non-Travel,272,Sales,4,Doctor,Life Sciences,Medium,Homme,181,Low,3,Research Scientist,Very High,Married,19886,79544,2,1,25,Excellent,Low,3,36,3,Better,11,8,7,9,Senior,Lyon
23,Yes,Travel_Rarely,513,Sales,16,Below College,Technical Degree,Medium,Femme,33,High,3,Healthcare Representative,High,Divorced,11252,225040,8,0,44,Outstanding,High,4,7,6,Best,5,3,3,1,Jeune,Lyon
43,No,Non-Travel,403,Research & Development,29,College,Life Sciences,Medium,Homme,200,Very High,4,Manufacturing Director,Very High,Married,38048,418528,4,1,35,Good,High,4,29,2,Good,22,12,7,7,Adulte,Paris
19,No,Travel_Rarely,1101,Sales,18,College,Technical Degree,Very High,Femme,158,Low,3,Sales Executive,High,Divorced,1596,22344,3,1,33,Bad,Medium,4,25,5,Bad,22,18,16,19,Jeune,Lyon
37,No,Non-Travel,1021,Software,16,Master,Life Sciences,Medium,Femme,111,Medium,1,Manufacturing Director,High,Divorced,21797,632113,7,1,33,Excellent,Very High,4,38,5,Best,30,6,24,23,Adulte,Nantes
42,Yes,Travel_Frequently,607,Research & Development,15,College,Human Resources,High,Femme,61,Very High,5,Research Scientist,Low,Divorced,7893,157860,3,0,48,Good,High,4,18,4,Better,17,8,5,4,Adulte,Paris
46,No,Travel_Frequently,470,Hardware,25,Bachelor,Marketing,Medium,Femme,102,High,4,Research Scientist,High,Single,27293,54586,1,1,24,Bad,Low,1,7,1,Good,5,5,3,5,Senior,Lille
39,No,Travel_Frequently,1208,Human Resources,12,Bachelor,Medical,Very High,Femme,107,Medium,2,Human Resources,Very High,Married,8770,184170,3,1,5,Good,Medium,1,36,2,Good,16,4,3,10,Adulte,Marseille
52,No,Travel_Frequently,1121,Human Resources,17,College,Marketing,Medium,Femme,134,Low,5,Research Director,Low,Divorced,50739,811824,7,1,16,Good,Very High,3,36,2,Good,17,16,4,12,Senior,Marseille
37,Yes,Travel_Frequently,1376,Support,49,Doctor,Marketing,Low,Homme,43,Low,5,Developer,Low,Divorced,50105,450945,7,1,31,Good,Medium,2,24,2,Best,7,1,2,5,Adulte,Grenoble
34,No,Travel_Frequently,987,Human Resources,9,Below College,Life Sciences,Low,Homme,130,Low,3,Manufacturing Director,Low,Divorced,16834,50502,4,0,41,Bad,Medium,1,5,2,Better,4,1,3,3,Adulte,Marseille
41,No,Travel_Rarely,1495,Sales,16,Below College,Other,Very High,Femme,87,Medium,1,Research Scientist,Medium,Divorced,29086,756236,5,0,23,Good,Low,4,17,6,Bad,6,1,5,2,Adulte,Lyon
41,Yes,Non-Travel,867,Human Resources,20,Below College,Medical,Medium,Femme,104,High,3,Research Director,Medium,Married,1790,21480,2,0,13,Outstanding,High,2,15,4,Good,11,11,8,4,Adulte,Marseille
50,No,Non-Travel,348,Sales,16,Doctor,Medical,Very High,Femme,196,Very High,3,Manager,Medium,Divorced,41744,292208,3,1,44,Bad,Low,4,38,5,Good,29,27,10,29,Senior,Lyon
31,Yes,Travel_Rarely,1233,Software,19,Master,Medical,Medium,Femme,118,Low,2,Research Scientist,Medium,Married,26870,806100,1,0,9,Bad,High,2,28,3,Good,20,8,4,5,Adulte,Nantes
45,No,Travel_Rarely,1316,Hardware,15,Bachelor,Marketing,Low,Homme,34,Low,2,Healthcare Representative,Very High,Single,48650,291900,6,1,0,Excellent,Low,4,18,2,Good,6,1,2,2,Adulte,Lille
40,No,Non-Travel,1236,Software,8,Doctor,Technical Degree,Low,Femme,45,Low,5,Laboratory Technician,Low,Divorced,20858,625740,1,0,29,Excellent,Medium,4,33,2,Bad,29,16,17,20,Adulte,Nantes
27,Yes,Travel_Frequently,1301,Human Resources,25,Bachelor,Marketing,Medium,Femme,187,High,3,Sales Executive,Low,Married,25969,675194,1,0,20,Good,High,4,22,6,Better,10,10,3,2,Jeune,Marseille
38,Yes,Travel_Frequently,1383,Hardware,30,Master,Marketing,Very High,Femme,132,Very High,4,Sales Executive,Very High,Divorced,12417,37251,7,1,23,Outstanding,High,4,14,4,Bad,14,13,1,14,Adulte,Lille
29,Yes,Non-Travel,134,Research & Development,33,Below College,Life Sciences,High,Homme,53,High,3,Manufacturing Director,High,Single,31544,315440,7,1,13,Excellent,Very High,4,21,1,Better,8,8,7,2,Jeune,Paris
25,No,Non-Travel,542,Software,8,College,Human Resources,Low,Homme,30,Very High,5,Research Scientist,Medium,Divorced,25773,283503,5,1,46,Bad,Very High,3,25,4,Best,24,9,5,23,Jeune,Nantes
24,No,Travel_Rarely,1371,Hardware,50,Below College,Other,Medium,Femme,33,Medium,1,Developer,Medium,Divorced,28217,507906,1,1,6,Good,Medium,1,27,5,Best,4,1,3,1,Jeune,Lille
28,No,Travel_Rarely,731,Sales,33,Master,Marketing,High,Femme,116,High,2,Research Scientist,High,Married,15646,281628,0,0,35,Bad,Very High,3,15,5,Good,4,2,3,1,Jeune,Lyon
57,Yes,Non-Travel,918,Support,14,Doctor,Other,Low,Femme,143,Very High,2,Manager,Medium,Single,19051,114306,5,0,45,Good,High,4,5,4,Best,4,4,3,3,Senior,Grenoble
28,Yes,Travel_Rarely,1245,Research & Development,29,Bachelor,Technical Degree,Medium,Homme,107,Very High,5,Human Resources,Low,Divorced,39884,438724,7,0,43,Outstanding,High,3,5,4,Better,3,3,1,1,Jeune,Paris
41,No,Travel_Frequently,925,Human Resources,1,College,Medical,Low,Femme,178,Very High,5,Human Resources,Medium,Divorced,11668,198356,0,0,8,Good,Low,4,15,1,Better,14,6,2,10,Adulte,Marseille
51,Yes,Travel_Frequently,474,Support,33,Bachelor,Other,Low,Femme,92,Very High,2,Developer,High,Single,30730,460950,6,0,12,Bad,Low,3,33,3,Good,29,24,2,24,Senior,Grenoble
29,Yes,Travel_Rarely,1272,Support,35,Below College,Other,Medium,Homme,126,Low,2,Laboratory Technician,High,Married,41367,537771,8,1,28,Outstanding,Medium,2,6,3,Best,5,3,1,4,Jeune,Grenoble
49,No,Travel_Frequently,292,Hardware,9,Below College,Technical Degree,Very High,Femme,85,Very High,3,Manager,Low,Married,38153,763060,1,1,30,Good,High,2,5,6,Better,5,1,1,1,Senior,Lille
38,Yes,Non-Travel,1172,Research & Development,11,Bachelor,Technical Degree,Low,Homme,82,High,2,Manager,Very High,Married,45217,813906,5,0,43,Excellent,Low,2,14,5,Bad,3,3,1,1,Adulte,Paris
38,Yes,Travel_Rarely,1231,Human Resources,46,Master,Other,Very High,Homme,59,Low,3,Sales Representative,Medium,Single,31191,93573,6,0,45,Outstanding,Very High,1,21,5,Bad,10,5,4,9,Adulte,Marseille
48,No,Travel_Rarely,338,Research & Development,13,College,Life Sciences,Low,Femme,138,Very High,3,Healthcare Representative,High,Single,41824,1087424,0,0,10,Outstanding,Low,4,7,2,Better,3,2,2,1,Senior,Paris
59,Yes,Non-Travel,835,Sales,29,Below College,Marketing,Very High,Femme,66,Medium,2,Sales Executive,High,Single,5744,57440,6,1,42,Outstanding,Low,1,19,3,Best,13,11,7,5,Senior,Lyon
45,Yes,Travel_Rarely,731,Hardware,30,Bachelor,Life Sciences,Medium,Femme,102,Medium,1,Developer,Low,Divorced,33938,305442,2,1,11,Bad,High,1,1,3,Good,1,1,1,1,Adulte,Lille
53,No,Non-Travel,929,Research & Development,26,Below College,Medical,Very High,Femme,111,Very High,4,Healthcare Representative,High,Married,9738,146070,7,1,32,Bad,Low,4,10,1,Best,6,6,4,2,Senior,Paris
20,No,Travel_Rarely,429,Research & Development,34,Doctor,Marketing,Very High,Homme,133,High,3,Manager,Medium,Divorced,13608,149688,7,1,26,Excellent,Very High,1,18,5,Best,15,13,10,12,Jeune,Paris
24,No,Non-Travel,471,Software,37,Below College,Medical,High,Homme,144,Very High,5,Human Resources,Medium,Divorced,9122,164196,2,1,0,Outstanding,Very High,1,7,2,Better,6,4,4,4,Jeune,Nantes
30,Yes,Travel_Frequently,945,Human Resources,33,Bachelor,Human Resources,Low,Femme,159,High,3,Human Resources,High,Married,12057,192912,3,0,21,Outstanding,Very High,3,1,2,Good,1,1,1,1,Jeune,Marseille
36,Yes,Travel_Rarely,1429,Support,38,Below College,Human Resources,High,Homme,82,Low,5,Human Resources,Low,Single,30613,520421,4,0,14,Bad,High,4,16,1,Best,11,5,6,11,Adulte,Grenoble
41,No,Travel_Rarely,624,Support,47,Master,Human Resources,Very High,Homme,118,High,1,Research Director,Low,Married,48976,1175424,5,0,38,Bad,High,4,22,4,Bad,4,3,4,1,Adulte,Grenoble
57,No,Travel_Frequently,855,Sales,32,College,Medical,Very High,Femme,163,Very High,5,Manufacturing Director,Very High,Divorced,29643,652146,5,1,32,Good,Medium,4,14,2,Good,3,1,3,2,Senior,Lyon
28,Yes,Travel_Rarely,349,Research & Development,44,Doctor,Life Sciences,Low,Homme,168,Medium,3,Developer,High,Married,48418,242090,7,1,36,Bad,High,4,23,3,Good,2,2,2,2,Jeune,Paris
31,No,Travel_Frequently,101,Hardware,8,Bachelor,Technical Degree,Medium,Homme,83,Very High,1,Research Scientist,Medium,Divorced,44435,1244180,4,0,29,Good,Very High,2,32,5,Bad,20,4,3,4,Adulte,Lille
21,No,Non-Travel,502,Hardware,10,Doctor,Technical Degree,Medium,Femme,85,Medium,3,Developer,Medium,Divorced,50977,713678,0,0,29,Excellent,Very High,3,40,5,Good,18,4,4,6,Jeune,Lille
34,Yes,Non-Travel,844,Research & Development,16,College,Medical,Low,Femme,193,Low,5,Sales Executive,Very High,Single,9650,115800,8,1,5,Bad,Very High,1,30,2,Best,11,11,7,10,Adulte,Paris
36,Yes,Travel_Rarely,683,Research & Development,14,Doctor,Other,Medium,Homme,160,Medium,1,Developer,Low,Married,14453,346872,7,1,32,Excellent,Medium,3,23,1,Better,5,5,2,1,Adulte,Paris
36,No,Non-Travel,1357,Research & Development,20,Master,Technical Degree,High,Femme,67,High,4,Research Director,Very High,Married,15545,202085,4,0,26,Excellent,High,3,27,2,Bad,21,7,20,6,Adulte,Paris
46,No,Non-Travel,1444,Sales,11,Below College,Marketing,Medium,Femme,156,Low,2,Human Resources,Low,Married,7670,115050,3,0,19,Good,Low,1,14,1,Good,4,1,3,4,Senior,Lyon
25,Yes,Travel_Rarely,1210,Hardware,6,College,Marketing,Low,Homme,194,Very High,4,Research Director,High,Married,11068,11068,4,1,23,Good,Very High,4,18,2,Bad,1,1,1,1,Jeune,Lille
28,Yes,Travel_Frequently,657,Support,25,Doctor,Medical,Medium,Homme,107,High,3,Developer,Low,Single,14653,58612,5,0,7,Bad,Very High,3,23,4,Best,8,3,1,1,Jeune,Grenoble
41,No,Travel_Rarely,526,Sales,44,Below College,Other,High,Femme,114,Very High,3,Healthcare Representative,Low,Married,11847,248787,3,1,42,Good,Medium,2,38,2,Good,11,3,4,2,Adulte,Lyon
28,No,Travel_Frequently,1259,Software,39,Bachelor,Other,High,Femme,93,Very High,2,Manager,High,Single,28841,634502,8,1,39,Outstanding,High,1,15,4,Better,1,1,1,1,Jeune,Nantes
57,No,Non-Travel,1284,Software,6,Master,Other,High,Femme,70,Low,2,Sales Executive,Medium,Divorced,36492,802824,4,1,33,Excellent,High,3,30,4,Better,27,12,26,10,Senior,Nantes
44,No,Non-Travel,1272,Software,40,Below College,Other,Medium,Femme,140,High,2,Manufacturing Director,Very High,Married,29530,236240,7,0,23,Outstanding,Very High,1,9,6,Better,8,3,3,3,Adulte,Nantes
25,Yes,Non-Travel,282,Sales,7,College,Human Resources,Low,Homme,71,High,3,Sales Executive,Very High,Married,7155,200340,4,1,44,Bad,Low,4,34,1,Better,21,19,9,13,Jeune,Lyon
41,Yes,Non-Travel,387,Human Resources,29,Bachelor,Medical,High,Homme,37,Very High,2,Human Resources,High,Single,45225,1040175,4,1,16,Bad,Very High,3,19,3,Bad,2,1,1,1,Adulte,Marseille
59,Yes,Travel_Frequently,165,Research & Development,45,Below College,Human Resources,Low,Homme,103,Low,2,Sales Executive,High,Single,12788,12788,6,1,48,Excellent,High,1,12,3,Bad,1,1,1,1,Senior,Paris
18,Yes,Travel_Frequently,278,Sales,30,Bachelor,Medical,Very High,Femme,110,Very High,4,Research Scientist,Very High,Divorced,21095,253140,2,0,38,Good,Low,3,31,3,Better,26,15,20,16,Jeune,Lyon
60,Yes,Travel_Rarely,825,Research & Development,41,Below College,Life Sciences,High,Femme,101,Very High,1,Laboratory Technician,Low,Married,46033,276198,6,1,29,Outstanding,Low,3,28,3,Bad,6,5,4,4,Senior,Paris
36,Yes,Travel_Frequently,1436,Sales,14,Below College,Life Sciences,Very High,Femme,108,Medium,1,Healthcare Representative,High,Divorced,20222,141554,8,1,22,Bad,High,1,23,3,Bad,9,8,3,4,Adulte,Lyon
27,Yes,Travel_Frequently,1073,Research & Development,26,Master,Technical Degree,High,Femme,65,High,3,Manager,Medium,Married,37181,334629,4,0,32,Good,Very High,2,24,4,Good,18,17,18,2,Jeune,Paris
54,Yes,Travel_Rarely,998,Hardware,8,Bachelor,Technical Degree,Medium,Homme,64,Medium,1,Research Scientist,High,Single,50819,1270475,2,0,20,Excellent,High,4,1,3,Best,1,1,1,1,Senior,Lille
29,No,Travel_Rarely,205,Sales,40,Master,Marketing,Very High,Femme,65,High,5,Sales Representative,Medium,Single,21142,380556,5,1,40,Excellent,Low,3,35,4,Better,22,9,20,17,Jeune,Lyon
32,Yes,Travel_Frequently,667,Hardware,35,College,Other,Low,Femme,30,High,3,Developer,Medium,Married,24117,265287,0,0,39,Excellent,Low,4,37,1,Good,10,8,9,7,Adulte,Lille
33,No,Travel_Rarely,647,Support,38,Bachelor,Technical Degree,Very High,Femme,77,High,1,Sales Representative,Medium,Married,35853,143412,4,1,43,Good,Very High,4,24,1,Best,3,2,2,1,Adulte,Grenoble
21,Yes,Travel_Rarely,484,Human Resources,19,Master,Medical,Low,Femme,63,Medium,2,Research Scientist,Low,Divorced,10104,282912,6,1,10,Excellent,Low,4,17,4,Good,6,5,5,1,Jeune,Marseille
50,No,Travel_Frequently,604,Research & Development,23,College,Other,Medium,Femme,157,High,1,Research Scientist,Medium,Single,13081,379349,3,0,43,Good,Very High,1,9,5,Bad,7,1,3,3,Senior,Paris
59,No,Travel_Frequently,844,Human Resources,25,Below College,Other,Very High,Homme,182,Medium,5,Sales Executive,High,Divorced,20799,499176,0,1,29,Outstanding,High,4,22,6,Better,17,13,15,7,Senior,Marseille
29,Yes,Travel_Frequently,1005,Software,31,College,Other,Low,Homme,151,Very High,4,Manufacturing Director,High,Divorced,35033,175165,1,0,42,Outstanding,Very High,3,30,2,Best,15,14,11,7,Jeune,Nantes
19,No,Travel_Rarely,442,Hardware,6,Bachelor,Life Sciences,High,Femme,59,Very High,1,Human Resources,High,Divorced,13255,331375,3,1,3,Bad,Medium,4,14,5,Better,1,1,1,1,Jeune,Lille
47,No,Non-Travel,962,Software,18,Master,Human Resources,Medium,Homme,198,Low,5,Human Resources,Low,Single,42734,1025616,7,1,18,Excellent,Medium,2,22,4,Best,6,6,4,3,Senior,Nantes
34,No,Travel_Rarely,617,Hardware,43,Bachelor,Human Resources,Very High,Homme,118,Low,1,Manufacturing Director,Low,Single,16978,254670,2,0,22,Outstanding,High,2,19,2,Best,11,5,9,5,Adulte,Lille
47,No,Travel_Frequently,1140,Hardware,49,Bachelor,Life Sciences,Very High,Homme,110,Medium,5,Developer,Low,Married,44594,1337820,2,1,18,Good,Low,1,37,1,Better,28,20,2,21,Senior,Lille
41,Yes,Non-Travel,291,Software,25,Below College,Technical Degree,High,Homme,142,Medium,4,Sales Representative,Very High,Single,2943,82404,4,0,45,Bad,Very High,3,34,5,Best,26,16,23,7,Adulte,Nantes
21,Yes,Travel_Rarely,1153,Sales,4,Bachelor,Technical Degree,Medium,Homme,184,Medium,1,Research Scientist,Low,Married,36111,216666,5,1,8,Excellent,Medium,4,15,5,Bad,9,6,9,5,Jeune,Lyon
22,No,Travel_Frequently,1067,Support,31,Bachelor,Medical,Low,Homme,39,High,1,Healthcare Representative,High,Single,23906,191248,1,0,18,Bad,High,4,29,3,Bad,28,25,23,24,Jeune,Grenoble
23,Yes,Travel_Frequently,1280,Research & Development,35,College,Human Resources,Very High,Homme,67,High,3,Research Scientist,High,Divorced,4144,49728,7,1,15,Outstanding,High,1,6,2,Good,5,1,3,5,Jeune,Paris
31,No,Travel_Frequently,383,Sales,33,Master,Marketing,Very High,Homme,158,Medium,2,Research Director,Low,Divorced,18181,418163,3,1,32,Excellent,Low,3,15,6,Better,1,1,1,1,Adulte,Lyon
30,Yes,Non-Travel,920,Research & Development,17,College,Marketing,High,Femme,189,Low,3,Developer,High,Divorced,1692,15228,7,0,38,Outstanding,Medium,1,3,6,Best,2,2,2,1,Jeune,Paris
50,Yes,Travel_Rarely,1394,Research & Development,24,Doctor,Other,High,Homme,84,Very High,3,Sales Representative,Medium,Single,31595,126380,2,0,45,Outstanding,Very High,2,3,4,Good,1,1,1,1,Senior,Paris
19,No,Non-Travel,586,Sales,38,Doctor,Life Sciences,High,Femme,92,Low,5,Manager,High,Married,41622,1165416,5,1,35,Good,Very High,1,2,5,Good,2,2,1,2,Jeune,Lyon
41,No,Travel_Rarely,1365,Software,33,Doctor,Marketing,Low,Femme,44,High,4,Human Resources,Medium,Single,24784,272624,3,1,32,Outstanding,Low,1,40,3,Better,23,9,13,18,Adulte,Nantes
54,No,Travel_Rarely,546,Sales,15,Bachelor,Technical Degree,Medium,Homme,131,Medium,4,Sales Executive,Low,Single,20274,587946,1,1,40,Excellent,Very High,1,4,4,Good,1,1,1,1,Senior,Lyon
43,Yes,Non-Travel,558,Research & Development,34,Bachelor,Life Sciences,Medium,Femme,183,Medium,1,Manager,High,Married,45535,273210,0,1,36,Bad,High,3,19,3,Better,6,4,5,3,Adulte,Paris
29,No,Travel_Frequently,810,Human Resources,39,Below College,Medical,Low,Femme,90,Low,2,Sales Representative,High,Married,44392,710272,3,1,41,Excellent,High,4,33,1,Best,22,21,6,20,Jeune,Marseille
48,Yes,Travel_Rarely,1097,Research & Development,30,College,Human Resources,High,Homme,44,High,3,Manufacturing Director,Very High,Divorced,8347,133552,0,1,17,Bad,Very High,3,26,6,Bad,7,7,2,5,Senior,Paris
34,No,Travel_Frequently,485,Sales,15,Below College,Life Sciences,Medium,Homme,106,Low,3,Laboratory Technician,Very High,Divorced,47310,851580,2,0,43,Bad,Low,1,22,1,Good,15,6,5,2,Adulte,Lyon
48,No,Travel_Rarely,674,Human Resources,33,Doctor,Technical Degree,Low,Homme,110,Very High,2,Human Resources,Medium,Single,35913,754173,4,0,13,Outstanding,High,2,15,5,Best,8,8,4,4,Senior,Marseille
49,Yes,Travel_Rarely,491,Human Resources,38,College,Marketing,Low,Femme,67,High,3,Laboratory Technician,High,Married,42833,685328,3,0,31,Outstanding,Very High,1,20,4,Good,9,6,7,6,Senior,Marseille
52,Yes,Non-Travel,316,Human Resources,5,Below College,Life Sciences,Medium,Homme,102,Medium,1,Human Resources,Low,Divorced,29704,504968,8,0,2,Excellent,High,1,35,1,Bad,13,10,2,1,Senior,Marseille
21,No,Non-Travel,1343,Human Resources,29,Below College,Marketing,High,Femme,74,Very High,4,Human Resources,High,Single,27754,111016,2,0,26,Bad,Low,3,40,2,Best,16,13,6,6,Jeune,Marseille
21,Yes,Non-Travel,945,Software,8,Bachelor,Other,Low,Homme,107,Low,2,Research Director,Very High,Married,49333,443997,3,1,38,Excellent,Very High,1,24,5,Good,12,6,4,6,Jeune,Nantes
29,No,Travel_Frequently,715,Hardware,2,Doctor,Technical Degree,Low,Femme,94,Medium,3,Healthcare Representative,Very High,Married,6437,186673,0,0,23,Bad,Medium,1,10,5,Bad,10,2,6,5,Jeune,Lille
42,Yes,Travel_Rarely,255,Human Resources,47,College,Technical Degree,Medium,Homme,163,Low,4,Developer,Very High,Divorced,42907,128721,0,0,2,Bad,Medium,1,21,6,Bad,18,1,17,4,Adulte,Marseille
22,No,Non-Travel,1397,Sales,22,Doctor,Life Sciences,Medium,Homme,103,Very High,4,Manager,Very High,Single,23408,421344,0,1,33,Bad,High,4,18,6,Bad,2,1,1,2,Jeune,Lyon
27,No,Travel_Frequently,358,Human Resources,28,Bachelor,Marketing,Very High,Homme,174,Medium,2,Manager,Medium,Married,33033,528528,4,0,25,Bad,Very High,4,10,3,Best,10,2,4,8,Jeune,Marseille
57,Yes,Travel_Rarely,1416,Sales,30,College,Life Sciences,Low,Homme,145,Low,3,Research Scientist,Very High,Single,2400,72000,3,1,45,Bad,Medium,3,5,6,Best,3,1,3,1,Senior,Lyon
25,No,Travel_Rarely,604,Software,1,Bachelor,Life Sciences,Medium,Femme,168,Very High,4,Manager,Low,Single,25686,359604,6,1,1,Bad,High,2,1,3,Better,1,1,1,1,Jeune,Nantes
37,No,Travel_Rarely,1484,Support,33,Doctor,Life Sciences,Very High,Femme,138,Very High,4,Sales Representative,Medium,Married,2764,44224,8,1,48,Bad,Very High,3,32,6,Bad,24,8,11,9,Adulte,Grenoble
49,Yes,Travel_Rarely,725,Support,20,Bachelor,Other,Medium,Femme,87,Very High,2,Sales Executive,High,Single,21605,540125,4,0,14,Excellent,High,4,36,4,Best,31,29,28,17,Senior,Grenoble
26,Yes,Non-Travel,825,Human Resources,21,Doctor,Life Sciences,High,Homme,147,High,3,Laboratory Technician,High,Single,16718,334360,5,0,2,Good,Medium,1,38,3,Best,5,1,4,3,Jeune,Marseille
20,Yes,Non-Travel,628,Human Resources,25,Below College,Life Sciences,Low,Homme,95,Medium,3,Developer,Medium,Divorced,22423,627844,2,1,32,Outstanding,High,1,27,4,Better,19,10,15,7,Jeune,Marseille
60,Yes,Non-Travel,424,Support,1,Master,Technical Degree,Medium,Homme,166,Low,3,Research Director,Low,Married,43344,1256976,6,1,39,Good,Medium,1,7,5,Good,4,1,1,2,Senior,Grenoble
38,Yes,Travel_Rarely,268,Sales,4,Bachelor,Other,High,Femme,144,High,5,Healthcare Representative,Medium,Married,36212,362120,5,1,6,Outstanding,Low,4,9,5,Bad,4,4,2,3,Adulte,Lyon
58,Yes,Travel_Frequently,882,Software,17,Doctor,Medical,Low,Homme,74,Very High,2,Healthcare Representative,Very High,Divorced,37779,906696,5,1,40,Good,Very High,2,20,2,Better,1,1,1,1,Senior,Nantes
19,No,Non-Travel,633,Hardware,10,Below College,Medical,Very High,Femme,44,Very High,3,Healthcare Representative,Very High,Divorced,49620,595440,2,1,17,Good,Low,1,7,2,Bad,6,2,6,3,Jeune,Lille
50,Yes,Travel_Frequently,599,Sales,10,College,Marketing,Medium,Femme,66,Very High,1,Research Director,High,Married,46549,744784,4,0,6,Bad,Very High,3,37,6,Better,5,5,4,2,Senior,Lyon
44,Yes,Non-Travel,168,Hardware,6,Below College,Medical,High,Femme,71,High,1,Manufacturing Director,Low,Divorced,46309,463090,5,1,15,Bad,Very High,4,23,1,Bad,23,14,21,18,Adulte,Lille
22,Yes,Travel_Rarely,380,Research & Development,49,Doctor,Other,High,Homme,84,Very High,1,Manufacturing Director,Very High,Single,2458,34412,7,0,34,Bad,High,4,37,2,Better,14,10,13,4,Jeune,Paris
46,No,Travel_Rarely,981,Sales,16,Below College,Marketing,Low,Homme,185,Low,2,Research Director,Low,Married,13864,194096,0,1,30,Bad,Low,4,24,6,Good,4,4,3,2,Senior,Lyon
39,Yes,Travel_Rarely,1278,Software,43,College,Medical,Low,Femme,199,Low,1,Manager,Very High,Divorced,15001,345023,5,0,0,Bad,High,2,20,6,Better,4,3,2,2,Adulte,Nantes
31,No,Travel_Frequently,247,Sales,10,Bachelor,Marketing,High,Homme,198,High,5,Developer,Low,Married,43862,921102,4,1,28,Good,Low,2,3,4,Good,3,1,1,2,Adulte,Lyon
59,No,Non-Travel,1073,Research & Development,1,Below College,Marketing,Low,Homme,183,Medium,4,Sales Representative,Very High,Single,4709,18836,1,1,32,Excellent,High,1,18,6,Best,12,5,8,9,Senior,Paris
54,No,Non-Travel,1456,Research & Development,18,Bachelor,Life Sciences,Medium,Homme,80,Medium,5,Sales Executive,Low,Married,42301,549913,8,1,5,Outstanding,High,2,20,1,Better,12,11,5,2,Senior,Paris
37,Yes,Non-Travel,699,Support,4,Doctor,Human Resources,Low,Femme,156,Very High,4,Sales Executive,Low,Married,42385,890085,6,0,46,Good,Medium,1,35,2,Better,8,1,4,3,Adulte,Grenoble
30,Yes,Non-Travel,616,Hardware,48,Doctor,Marketing,Very High,Homme,104,Low,3,Research Director,Very High,Married,30063,781638,8,1,28,Bad,Low,1,33,5,Best,9,1,4,5,Jeune,Lille
43,No,Non-Travel,127,Support,29,Bachelor,Marketing,Low,Femme,108,High,3,Healthcare Representative,Very High,Single,16659,349839,3,0,13,Good,Very High,1,10,5,Bad,5,1,4,1,Adulte,Grenoble
48,No,Non-Travel,977,Support,13,Below College,Human Resources,Very High,Homme,83,Medium,2,Developer,Medium,Single,25603,588869,6,1,26,Excellent,Very High,3,7,5,Bad,3,2,2,2,Senior,Grenoble
37,No,Travel_Frequently,1298,Support,44,Master,Marketing,High,Homme,108,High,1,Research Scientist,High,Divorced,15797,394925,5,0,37,Good,Very High,3,1,6,Better,1,1,1,1,Adulte,Grenoble
54,Yes,Travel_Rarely,861,Support,28,Below College,Medical,High,Femme,56,Medium,1,Healthcare Representative,Medium,Divorced,14553,276507,7,0,34,Good,Very High,3,12,2,Bad,8,3,6,2,Senior,Grenoble
35,Yes,Travel_Rarely,1127,Sales,5,College,Life Sciences,High,Femme,100,Very High,5,Laboratory Technician,Medium,Divorced,22206,199854,4,1,10,Excellent,Low,1,25,2,Best,8,2,8,6,Adulte,Lyon
46,Yes,Travel_Frequently,469,Software,41,College,Other,Very High,Homme,62,Medium,2,Healthcare Representative,Medium,Divorced,23433,585825,3,1,11,Good,Very High,4,14,4,Best,13,9,12,2,Senior,Nantes
23,No,Non-Travel,1282,Sales,5,College,Marketing,Medium,Femme,156,Very High,2,Research Scientist,High,Married,30581,91743,0,1,33,Bad,Medium,4,32,6,Best,32,15,3,30,Jeune,Lyon
26,No,Non-Travel,984,Hardware,47,College,Human Resources,Very High,Homme,75,Low,2,Manager,Medium,Married,27139,542780,1,1,47,Excellent,Very High,2,10,3,Bad,3,3,2,3,Jeune,Lille
29,Yes,Travel_Rarely,224,Human Resources,11,College,Other,Very High,Homme,189,Medium,2,Human Resources,High,Married,13106,249014,7,0,44,Excellent,Low,1,19,5,Best,18,16,10,12,Jeune,Marseille
54,Yes,Travel_Frequently,476,Hardware,21,College,Marketing,High,Homme,31,Medium,4,Human Resources,Low,Divorced,32419,778056,6,1,26,Excellent,Medium,4,1,5,Better,1,1,1,1,Senior,Lille
42,No,Non-Travel,560,Support,27,Doctor,Medical,Low,Femme,58,Very High,3,Research Scientist,High,Married,17680,176800,6,0,27,Good,Low,4,34,6,Good,29,1,4,20,Adulte,Grenoble
54,No,Non-Travel,1296,Support,46,Bachelor,Human Resources,Very High,Femme,95,Low,5,Laboratory Technician,Low,Divorced,42011,1218319,3,0,16,Outstanding,Very High,1,22,2,Best,4,3,3,3,Senior,Grenoble
37,No,Travel_Frequently,646,Hardware,1,College,Marketing,High,Femme,200,Low,3,Manufacturing Director,Medium,Single,47572,570864,8,0,16,Outstanding,Very High,1,36,1,Better,14,14,6,1,Adulte,Lille
45,No,Travel_Rarely,522,Software,43,Doctor,Life Sciences,Low,Homme,153,Very High,3,Healthcare Representative,Very High,Divorced,16622,365684,6,0,46,Good,Medium,3,24,4,Bad,6,1,1,5,Adulte,Nantes
18,Yes,Travel_Frequently,1425,Support,16,College,Medical,Very High,Homme,30,Low,5,Laboratory Technician,Low,Divorced,33475,870350,4,1,26,Outstanding,Medium,2,2,3,Good,1,1,1,1,Jeune,Grenoble
32,Yes,Travel_Frequently,1255,Research & Development,47,Below College,Marketing,High,Femme,142,Very High,5,Laboratory Technician,Medium,Divorced,14464,274816,0,1,5,Outstanding,Medium,1,19,6,Good,5,5,1,5,Adulte,Paris
28,No,Travel_Frequently,941,Software,30,Master,Technical Degree,Medium,Femme,148,Low,1,Sales Executive,Medium,Single,21365,640950,5,1,22,Bad,Medium,2,6,6,Better,6,4,6,3,Jeune,Nantes
42,No,Travel_Frequently,234,Software,32,Master,Technical Degree,Low,Homme,93,Medium,3,Developer,Very High,Married,50501,151503,1,0,41,Bad,Low,2,7,2,Good,7,3,3,2,Adulte,Nantes
59,No,Travel_Rarely,1175,Human Resources,22,Bachelor,Human Resources,Low,Homme,46,Very High,1,Healthcare Representative,Medium,Divorced,12130,109170,3,0,32,Outstanding,Low,3,37,6,Best,17,17,6,7,Senior,Marseille
30,No,Travel_Frequently,1461,Human Resources,36,Master,Medical,Low,Femme,62,Medium,3,Manufacturing Director,High,Divorced,30117,873393,8,0,39,Good,Very High,1,8,5,Better,2,1,2,1,Jeune,Marseille
40,Yes,Travel_Rarely,388,Hardware,34,Master,Life Sciences,Very High,Homme,158,Medium,4,Research Director,Medium,Single,1387,27740,0,0,17,Good,Very High,4,35,2,Bad,27,9,8,19,Adulte,Lille
36,Yes,Travel_Frequently,805,Sales,15,College,Medical,High,Femme,124,High,2,Research Director,Very High,Divorced,24385,317005,4,0,15,Good,Medium,4,10,5,Better,4,3,4,1,Adulte,Lyon
37,No,Travel_Frequently,495,Human Resources,35,Doctor,Technical Degree,High,Femme,42,Low,3,Developer,Medium,Single,30437,700051,1,0,4,Excellent,High,1,21,2,Best,19,11,12,1,Adulte,Marseille
42,Yes,Travel_Frequently,388,Sales,15,Doctor,Other,High,Homme,134,Medium,3,Sales Executive,Very High,Single,16626,399024,2,1,43,Outstanding,Medium,3,21,4,Better,16,16,14,12,Adulte,Lyon
46,No,Travel_Rarely,551,Research & Development,33,Bachelor,Medical,High,Homme,89,High,3,Laboratory Technician,High,Single,21780,326700,1,1,5,Good,Medium,2,17,3,Best,6,5,3,6,Senior,Paris
46,No,Travel_Frequently,1207,Research & Development,4,College,Other,Low,Femme,65,High,1,Research Director,Very High,Divorced,12440,87080,6,0,13,Excellent,Very High,3,18,2,Bad,9,5,2,6,Senior,Paris
45,Yes,Travel_Frequently,987,Support,36,Master,Technical Degree,Medium,Femme,157,Low,2,Sales Executive,Medium,Single,35157,70314,0,0,16,Good,Low,4,21,2,Best,13,10,12,9,Adulte,Grenoble
55,Yes,Travel_Rarely,1287,Human Resources,24,Doctor,Other,Medium,Femme,191,High,3,Developer,Low,Single,17909,447725,3,0,14,Outstanding,High,3,33,4,Good,28,16,26,6,Senior,Marseille
53,No,Travel_Rarely,173,Software,44,Bachelor,Life Sciences,Low,Femme,57,High,3,Human Resources,High,Single,42514,127542,5,1,31,Outstanding,Medium,4,21,2,Better,12,6,10,2,Senior,Nantes
55,Yes,Travel_Rarely,358,Hardware,47,Doctor,Technical Degree,High,Homme,122,Very High,4,Developer,Very High,Single,3141,9423,7,1,38,Excellent,Medium,2,32,5,Best,25,16,7,4,Senior,Lille
39,No,Travel_Frequently,242,Human Resources,22,Doctor,Technical Degree,Medium,Femme,163,Low,2,Research Director,Medium,Divorced,32868,558756,2,1,40,Good,Medium,2,14,1,Better,13,7,11,8,Adulte,Marseille
30,No,Travel_Rarely,1214,Support,10,Bachelor,Medical,Low,Femme,152,Very High,1,Sales Executive,High,Married,30863,740712,1,1,37,Bad,High,2,15,5,Best,2,2,1,1,Jeune,Grenoble
26,No,Non-Travel,241,Software,1,Below College,Technical Degree,Low,Homme,139,Very High,5,Human Resources,Low,Single,20482,122892,4,1,41,Outstanding,Medium,1,14,5,Good,9,8,6,1,Jeune,Nantes
51,No,Non-Travel,1043,Human Resources,31,Below College,Medical,Very High,Femme,80,Medium,3,Human Resources,Low,Single,42236,337888,6,0,33,Excellent,Medium,3,40,6,Better,1,1,1,1,Senior,Marseille
59,Yes,Non-Travel,1275,Support,29,College,Marketing,Very High,Homme,137,Low,4,Research Director,Very High,Married,42304,1057600,7,1,30,Bad,Very High,2,36,5,Best,28,12,26,28,Senior,Grenoble
37,Yes,Travel_Frequently,1428,Support,21,Master,Life Sciences,Low,Homme,84,Very High,4,Developer,Low,Single,4582,13746,6,0,27,Excellent,Very High,3,29,4,Better,3,2,2,1,Adulte,Grenoble
54,No,Travel_Frequently,980,Software,46,College,Other,Low,Homme,132,Medium,4,Research Scientist,Very High,Married,43096,1077400,4,1,2,Outstanding,Low,1,20,5,Better,12,7,11,9,Senior,Nantes
31,Yes,Travel_Frequently,169,Human Resources,7,Doctor,Medical,Medium,Femme,70,Very High,3,Sales Executive,Medium,Single,38218,114654,1,0,25,Outstanding,Medium,3,38,2,Bad,30,5,20,24,Adulte,Marseille
28,Yes,Travel_Rarely,1299,Software,31,Bachelor,Life Sciences,High,Homme,149,Very High,5,Laboratory Technician,High,Divorced,9201,202422,0,1,29,Outstanding,Low,4,9,6,Bad,5,1,4,5,Jeune,Nantes
50,Yes,Travel_Frequently,1331,Support,10,Doctor,Marketing,Low,Femme,136,Medium,4,Sales Representative,Medium,Divorced,2075,29050,7,0,25,Outstanding,Medium,3,19,5,Bad,16,14,5,4,Senior,Grenoble
39,No,Non-Travel,608,Hardware,25,Master,Other,Low,Homme,194,Medium,1,Sales Executive,Very High,Single,24378,195024,0,1,38,Excellent,Low,4,22,2,Better,22,5,7,22,Adulte,Lille
56,Yes,Travel_Rarely,390,Human Resources,21,Doctor,Technical Degree,Medium,Femme,177,Very High,4,Sales Representative,High,Married,30294,212058,4,0,27,Outstanding,Medium,3,31,6,Bad,16,4,1,5,Senior,Marseille
29,Yes,Travel_Frequently,453,Research & Development,42,Bachelor,Technical Degree,High,Femme,161,Medium,4,Research Scientist,Medium,Divorced,33643,33643,6,0,29,Excellent,Low,3,27,1,Better,25,14,8,2,Jeune,Paris
47,No,Travel_Rarely,1158,Support,44,Doctor,Life Sciences,High,Femme,170,Medium,2,Sales Executive,Very High,Married,24487,146922,0,0,10,Good,Low,1,14,5,Good,8,6,8,8,Senior,Grenoble
53,Yes,Travel_Rarely,1445,Sales,3,Doctor,Technical Degree,Low,Homme,173,Very High,5,Laboratory Technician,Low,Single,13558,311834,6,0,23,Excellent,Low,1,29,3,Bad,22,3,4,21,Senior,Lyon
25,No,Travel_Frequently,1069,Hardware,13,Doctor,Medical,Very High,Femme,101,Very High,4,Research Scientist,Medium,Married,18850,320450,3,0,6,Bad,Medium,4,34,1,Better,18,9,13,7,Jeune,Lille
41,Yes,Non-Travel,1083,Software,34,Doctor,Medical,Low,Homme,146,Medium,3,Sales Executive,High,Single,9901,207921,5,0,6,Excellent,Low,1,2,5,Better,2,2,2,2,Adulte,Nantes
49,Yes,Travel_Frequently,814,Support,38,Below College,Human Resources,High,Femme,127,Medium,3,Research Scientist,Very High,Single,47815,334705,4,0,27,Outstanding,Low,1,10,6,Best,1,1,1,1,Senior,Grenoble
50,Yes,Travel_Frequently,956,Hardware,33,Below College,Technical Degree,High,Homme,170,Very High,3,Research Scientist,Low,Single,16160,96960,3,0,44,Bad,Medium,4,29,4,Better,7,3,7,4,Senior,Lille
51,Yes,Non-Travel,793,Human Resources,21,Bachelor,Other,Medium,Femme,45,High,3,Research Director,Low,Divorced,8425,193775,7,0,19,Good,Medium,3,5,5,Bad,4,2,1,3,Senior,Marseille
26,No,Travel_Rarely,368,Software,18,Below College,Other,High,Femme,67,High,3,Manager,High,Married,28780,28780,1,0,2,Bad,Low,2,13,3,Good,2,2,1,1,Jeune,Nantes
31,No,Non-Travel,473,Support,42,Master,Technical Degree,Low,Femme,81,Medium,4,Research Scientist,High,Single,22129,641741,3,1,18,Bad,Medium,3,36,5,Better,27,25,2,23,Adulte,Grenoble
29,Yes,Travel_Frequently,1365,Human Resources,48,Doctor,Technical Degree,High,Femme,121,Medium,1,Developer,Medium,Divorced,27605,828150,2,1,16,Good,Low,3,38,3,Good,28,24,11,12,Jeune,Marseille
38,No,Travel_Frequently,239,Human Resources,8,Bachelor,Marketing,Very High,Femme,123,Very High,2,Human Resources,Very High,Married,13176,355752,7,1,49,Good,Very High,4,32,1,Good,5,3,5,3,Adulte,Marseille
29,No,Travel_Rarely,1498,Software,40,Below College,Technical Degree,Very High,Homme,87,Low,1,Research Scientist,Medium,Divorced,42461,679376,3,0,30,Excellent,Low,4,12,3,Bad,4,4,1,3,Jeune,Nantes
58,No,Travel_Frequently,108,Sales,39,Below College,Human Resources,Medium,Femme,180,High,2,Manufacturing Director,High,Married,33292,699132,6,1,26,Good,Low,1,21,1,Good,9,5,1,6,Senior,Lyon
25,No,Travel_Frequently,1399,Sales,9,Master,Technical Degree,Medium,Femme,98,High,4,Laboratory Technician,Medium,Married,29299,410186,7,1,20,Good,High,1,38,5,Better,38,24,22,20,Jeune,Lyon
42,No,Travel_Rarely,1193,Research & Development,40,Doctor,Life Sciences,Very High,Homme,134,Low,2,Sales Representative,High,Married,24847,323011,2,1,16,Good,Very High,1,6,2,Good,6,3,3,6,Adulte,Paris
30,Yes,Travel_Rarely,1403,Software,31,Below College,Human Resources,Low,Homme,121,Low,2,Manufacturing Director,Very High,Divorced,41849,585886,6,1,42,Bad,Very High,1,30,2,Best,27,3,12,10,Jeune,Nantes
54,No,Travel_Frequently,792,Research & Development,20,Bachelor,Medical,High,Homme,102,High,3,Sales Representative,Low,Single,27173,108692,1,0,3,Good,Low,2,31,2,Bad,24,16,2,14,Senior,Paris
36,Yes,Travel_Rarely,997,Support,15,Bachelor,Other,High,Femme,155,Medium,4,Manufacturing Director,Low,Divorced,47226,377808,5,1,0,Bad,Low,3,4,4,Bad,2,2,2,2,Adulte,Grenoble
33,Yes,Travel_Rarely,307,Software,37,Doctor,Human Resources,Very High,Femme,80,Medium,4,Research Director,Low,Married,43241,389169,4,0,40,Good,Medium,2,26,6,Best,14,6,11,14,Adulte,Nantes
19,No,Travel_Rarely,1230,Support,29,Doctor,Life Sciences,Very High,Femme,125,Medium,1,Laboratory Technician,Medium,Married,46410,464100,3,0,2,Good,Very High,3,26,4,Bad,22,2,9,20,Jeune,Grenoble
42,No,Travel_Frequently,731,Software,50,Doctor,Technical Degree,Low,Femme,105,High,1,Research Director,Very High,Divorced,46373,139119,5,1,39,Outstanding,Very High,4,4,4,Best,4,4,1,2,Adulte,Nantes
38,No,Travel_Frequently,760,Research & Development,28,Master,Medical,Low,Femme,200,Very High,3,Manufacturing Director,High,Single,23047,46094,8,0,17,Outstanding,Medium,4,18,5,Best,7,4,6,4,Adulte,Paris
26,No,Travel_Rarely,1427,Hardware,26,Master,Medical,Very High,Femme,30,Low,3,Sales Executive,High,Divorced,19185,230220,0,0,27,Excellent,High,1,13,6,Best,2,2,1,2,Jeune,Lille
41,Yes,Travel_Rarely,373,Support,7,Master,Human Resources,Very High,Homme,80,Low,2,Manager,High,Single,6518,156432,3,0,28,Outstanding,Low,2,30,6,Bad,28,24,5,20,Adulte,Grenoble
18,Yes,Non-Travel,1457,Research & Development,16,Bachelor,Technical Degree,Medium,Femme,60,Low,1,Laboratory Technician,Medium,Single,29438,677074,3,1,42,Bad,Low,1,3,3,Good,2,1,1,1,Jeune,Paris
55,No,Non-Travel,356,Software,9,Below College,Human Resources,Very High,Femme,94,Medium,2,Human Resources,Low,Single,47689,858402,1,0,23,Excellent,Very High,2,38,6,Better,36,7,14,15,Senior,Nantes
37,No,Travel_Frequently,246,Human Resources,19,Below College,Other,High,Homme,36,High,5,Research Scientist,Medium,Married,9999,59994,5,0,6,Outstanding,Medium,1,15,3,Good,8,8,2,1,Adulte,Marseille
40,No,Travel_Rarely,650,Research & Development,19,College,Life Sciences,High,Femme,197,Low,4,Manufacturing Director,High,Divorced,18303,439272,8,1,44,Outstanding,Very High,2,15,1,Bad,7,1,5,7,Adulte,Paris
47,Yes,Non-Travel,369,Human Resources,27,Master,Medical,Low,Homme,69,Medium,5,Manager,Medium,Divorced,22581,519363,2,0,43,Bad,Very High,2,10,5,Good,3,2,1,1,Senior,Marseille
33,No,Travel_Rarely,1473,Sales,19,Bachelor,Life Sciences,Low,Homme,125,High,2,Sales Representative,Low,Single,7440,193440,4,0,46,Bad,High,1,35,2,Bad,11,4,5,11,Adulte,Lyon
58,Yes,Travel_Frequently,130,Support,41,Master,Technical Degree,High,Homme,83,Very High,3,Laboratory Technician,Low,Single,47467,1091741,2,0,41,Good,High,4,39,1,Better,28,20,26,10,Senior,Grenoble
52,No,Travel_Rarely,1031,Human Resources,2,Master,Human Resources,Medium,Femme,129,High,2,Research Scientist,Low,Divorced,50986,1325636,3,0,43,Good,Low,3,19,4,Good,8,6,2,8,Senior,Marseille
25,Yes,Travel_Rarely,426,Human Resources,26,Bachelor,Human Resources,High,Femme,97,Medium,1,Laboratory Technician,Very High,Married,3899,105273,5,0,6,Bad,Low,4,3,4,Good,3,3,1,2,Jeune,Marseille
56,No,Travel_Frequently,1319,Software,31,Below College,Medical,Medium,Homme,165,Medium,4,Human Resources,Very High,Divorced,42543,808317,2,1,33,Excellent,High,1,20,1,Best,7,3,2,5,Senior,Nantes
40,No,Non-Travel,277,Human Resources,27,Bachelor,Other,Medium,Femme,90,Medium,3,Developer,High,Single,18307,439368,8,0,41,Excellent,Medium,4,19,4,Good,11,2,9,4,Adulte,Marseille
22,Yes,Travel_Frequently,1115,Sales,46,Below College,Human Resources,High,Homme,118,High,1,Manufacturing Director,Very High,Divorced,36730,844790,3,0,20,Outstanding,Low,1,37,5,Good,13,2,4,3,Jeune,Lyon
56,Yes,Travel_Rarely,585,Research & Development,22,Doctor,Other,Low,Homme,165,Medium,2,Manufacturing Director,Very High,Single,20093,462139,2,0,1,Outstanding,Very High,1,7,5,Bad,4,4,2,4,Senior,Paris
22,Yes,Non-Travel,479,Software,2,Doctor,Other,High,Femme,60,Low,1,Research Scientist,High,Divorced,18292,109752,0,1,10,Outstanding,High,2,38,3,Bad,11,5,6,2,Jeune,Nantes
57,No,Travel_Rarely,1035,Support,33,College,Marketing,High,Femme,119,Low,2,Laboratory Technician,High,Single,7132,42792,3,0,0,Excellent,High,4,27,4,Best,26,24,3,19,Senior,Grenoble
29,No,Travel_Rarely,761,Hardware,25,College,Technical Degree,Low,Homme,118,Very High,1,Human Resources,High,Single,22981,229810,2,0,4,Excellent,Medium,3,40,2,Better,20,12,13,7,Jeune,Lille
60,Yes,Travel_Frequently,588,Sales,27,Below College,Technical Degree,Very High,Femme,68,Medium,5,Human Resources,Very High,Married,35687,999236,2,1,42,Excellent,High,3,32,4,Best,20,10,17,3,Senior,Lyon
19,Yes,Non-Travel,1318,Software,9,Bachelor,Other,Low,Homme,64,Very High,5,Human Resources,Medium,Divorced,8621,77589,8,0,2,Good,Low,1,20,3,Best,15,2,2,13,Jeune,Nantes
56,Yes,Travel_Rarely,1168,Software,6,Master,Life Sciences,Low,Femme,118,High,4,Research Scientist,High,Divorced,1930,34740,5,0,30,Outstanding,Low,2,21,1,Best,9,6,3,4,Senior,Nantes
30,No,Travel_Rarely,1464,Human Resources,37,Below College,Technical Degree,High,Femme,174,Very High,2,Manager,Medium,Single,37311,634287,0,1,16,Excellent,Very High,3,14,6,Better,13,3,1,6,Jeune,Marseille
47,Yes,Travel_Frequently,510,Software,7,Master,Other,Medium,Femme,160,Medium,1,Research Director,Low,Married,44746,268476,7,0,36,Good,Medium,1,22,6,Best,1,1,1,1,Senior,Nantes
59,Yes,Travel_Frequently,1131,Hardware,2,College,Marketing,Medium,Homme,127,Medium,2,Research Director,High,Married,42200,506400,0,1,21,Excellent,Very High,4,35,1,Bad,21,7,19,8,Senior,Lille
41,No,Travel_Rarely,1070,Hardware,16,Bachelor,Medical,Low,Femme,45,Very High,4,Laboratory Technician,Low,Divorced,12022,144264,7,1,25,Outstanding,Low,4,36,3,Bad,16,2,4,15,Adulte,Lille
21,Yes,Travel_Rarely,1082,Hardware,15,Bachelor,Marketing,Very High,Femme,151,Medium,2,Research Scientist,Low,Single,14764,44292,5,1,33,Excellent,High,2,32,1,Better,1,1,1,1,Jeune,Lille
49,No,Travel_Rarely,645,Software,2,Below College,Medical,Very High,Femme,139,Medium,2,Laboratory Technician,Very High,Single,45092,180368,8,1,43,Bad,Medium,2,17,1,Better,6,4,3,1,Senior,Nantes
46,No,Travel_Rarely,1048,Software,13,Below College,Marketing,Low,Femme,67,Medium,4,Sales Executive,Medium,Married,11033,55165,6,1,6,Good,Very High,2,1,6,Better,1,1,1,1,Senior,Nantes
60,No,Travel_Rarely,732,Research & Development,4,College,Technical Degree,High,Femme,34,Very High,5,Sales Executive,Medium,Married,48539,1213475,3,0,24,Excellent,Low,2,30,5,Better,8,1,5,5,Senior,Paris
25,Yes,Non-Travel,119,Research & Development,37,Doctor,Life Sciences,Very High,Femme,186,Low,4,Human Resources,Low,Married,37698,716262,8,1,12,Outstanding,Medium,4,34,5,Good,15,3,1,13,Jeune,Paris
21,Yes,Non-Travel,349,Hardware,47,Doctor,Human Resources,High,Homme,88,Low,2,Sales Representative,Low,Divorced,25030,650780,7,0,5,Outstanding,Low,2,39,1,Best,2,1,1,2,Jeune,Lille
49,No,Travel_Frequently,1289,Software,32,Doctor,Marketing,Very High,Femme,135,Medium,5,Healthcare Representative,Medium,Single,41543,249258,6,0,33,Excellent,Very High,3,36,1,Best,2,1,2,2,Senior,Nantes
23,No,Non-Travel,859,Support,40,Bachelor,Medical,Medium,Homme,98,Medium,2,Laboratory Technician,Very High,Single,17385,260775,6,1,42,Excellent,Low,4,17,5,Good,11,4,7,7,Jeune,Grenoble
51,No,Non-Travel,1350,Sales,14,Bachelor,Technical Degree,Low,Homme,167,Very High,5,Healthcare Representative,Medium,Married,38128,1143840,5,1,35,Bad,High,2,7,5,Good,6,5,5,1,Senior,Lyon
58,Yes,Travel_Rarely,1428,Support,18,Below College,Human Resources,Very High,Homme,194,Low,2,Sales Representative,Very High,Married,12558,62790,8,0,26,Excellent,Medium,4,35,1,Better,26,23,11,5,Senior,Grenoble
33,No,Non-Travel,962,Human Resources,41,Below College,Marketing,Medium,Homme,87,Low,1,Manufacturing Director,Low,Single,28173,56346,8,1,42,Outstanding,Very High,1,33,1,Bad,8,7,5,7,Adulte,Marseille
52,No,Travel_Rarely,132,Research & Development,45,Master,Life Sciences,Medium,Femme,39,High,5,Research Scientist,Low,Married,24711,716619,2,1,15,Good,Low,2,14,3,Better,6,6,1,1,Senior,Paris
20,Yes,Non-Travel,1393,Support,29,Below College,Marketing,High,Homme,102,Low,4,Research Director,Very High,Single,12573,12573,6,0,7,Bad,Very High,2,13,6,Best,6,6,1,4,Jeune,Grenoble
60,No,Non-Travel,679,Human Resources,28,Bachelor,Human Resources,Medium,Homme,169,High,2,Human Resources,Medium,Single,37092,778932,0,1,26,Good,High,1,21,3,Better,19,17,5,1,Senior,Marseille
25,Yes,Non-Travel,1023,Hardware,16,Bachelor,Human Resources,High,Homme,171,Medium,1,Sales Executive,High,Divorced,29478,324258,5,1,12,Good,High,1,30,6,Better,8,4,5,7,Jeune,Lille
26,No,Travel_Rarely,1227,Support,21,Below College,Other,High,Homme,83,High,5,Manager,Very High,Single,44878,987316,8,0,4,Bad,Low,2,34,3,Better,15,8,9,13,Jeune,Grenoble
49,Yes,Travel_Rarely,851,Hardware,43,College,Life Sciences,Very High,Homme,192,Medium,2,Sales Executive,Very High,Married,49395,197580,2,1,23,Excellent,Medium,4,36,3,Best,8,4,2,3,Senior,Lille
53,No,Travel_Rarely,984,Human Resources,47,Doctor,Other,Low,Homme,83,Very High,4,Research Director,Very High,Single,3684,66312,3,0,2,Bad,High,2,9,4,Good,3,2,3,3,Senior,Marseille
38,No,Non-Travel,573,Sales,36,Below College,Other,Medium,Femme,108,Low,3,Sales Executive,Very High,Divorced,26717,347321,3,0,13,Excellent,Low,4,1,6,Best,1,1,1,1,Adulte,Lyon
34,Yes,Non-Travel,376,Software,2,Master,Marketing,Low,Homme,200,Very High,1,Manufacturing Director,High,Divorced,50930,509300,0,0,13,Bad,Medium,4,8,1,Bad,7,1,1,4,Adulte,Nantes
54,Yes,Travel_Frequently,776,Research & Development,14,College,Life Sciences,High,Homme,90,Very High,1,Manufacturing Director,Medium,Married,18649,447576,5,1,45,Good,Very High,1,30,1,Best,5,1,2,1,Senior,Paris
51,Yes,Non-Travel,347,Sales,29,Bachelor,Other,Medium,Homme,38,Medium,5,Manager,Medium,Divorced,29737,267633,3,0,2,Excellent,Very High,2,10,2,Best,8,6,4,7,Senior,Lyon
44,Yes,Travel_Frequently,514,Support,10,College,Medical,Very High,Homme,173,High,1,Healthcare Representative,Medium,Single,44948,1303492,4,1,12,Excellent,Very High,1,9,3,Good,4,1,4,3,Adulte,Grenoble
26,Yes,Travel_Rarely,1091,Sales,10,Bachelor,Life Sciences,High,Femme,138,High,4,Research Scientist,Low,Single,7561,181464,6,1,20,Outstanding,Medium,2,4,1,Good,2,1,2,1,Jeune,Lyon
51,No,Non-Travel,909,Research & Development,28,Doctor,Other,Medium,Femme,85,Very High,4,Developer,Low,Married,24421,317473,2,0,42,Good,Very High,1,23,4,Good,15,1,6,11,Senior,Paris
52,Yes,Non-Travel,886,Research & Development,46,Doctor,Medical,Medium,Homme,58,Medium,5,Manager,Medium,Divorced,44229,574977,6,1,10,Excellent,Low,4,14,4,Good,7,6,1,5,Senior,Paris
46,No,Travel_Rarely,553,Support,13,Master,Other,High,Homme,90,Low,4,Sales Representative,Medium,Married,36621,36621,4,0,45,Bad,Medium,2,17,3,Bad,9,6,6,9,Senior,Grenoble
34,No,Travel_Rarely,219,Research & Development,26,Master,Other,Low,Femme,192,Low,3,Human Resources,Low,Single,26585,319020,3,1,19,Good,Medium,1,8,4,Bad,5,4,1,1,Adulte,Paris
43,No,Travel_Rarely,1047,Research & Development,37,Below College,Technical Degree,Very High,Femme,105,High,4,Laboratory Technician,Medium,Married,19673,373787,8,0,40,Good,Very High,1,29,5,Better,9,1,2,4,Adulte,Paris
52,Yes,Travel_Rarely,1374,Hardware,49,College,Other,Low,Homme,197,Low,3,Human Resources,Very High,Single,49425,494250,1,1,47,Outstanding,Medium,2,23,6,Better,20,3,1,6,Senior,Lille
34,Yes,Non-Travel,751,Hardware,34,Doctor,Life Sciences,High,Homme,193,High,3,Manufacturing Director,Very High,Married,27673,166038,6,1,0,Bad,High,2,22,3,Best,10,1,9,10,Adulte,Lille
55,No,Non-Travel,969,Sales,24,College,Other,Medium,Femme,134,Medium,5,Healthcare Representative,Medium,Divorced,34902,453726,3,0,26,Outstanding,Very High,3,38,6,Best,32,22,1,1,Senior,Lyon
42,Yes,Travel_Frequently,1381,Research & Development,22,Master,Human Resources,Medium,Homme,133,High,3,Sales Executive,Low,Married,33590,235130,3,0,41,Bad,Medium,2,9,1,Bad,1,1,1,1,Adulte,Paris
18,No,Non-Travel,1328,Hardware,26,Master,Marketing,Medium,Femme,169,High,3,Research Director,Medium,Divorced,45104,586352,8,1,33,Good,Low,2,8,5,Better,2,1,2,2,Jeune,Lille
31,No,Travel_Frequently,633,Support,37,Bachelor,Life Sciences,Low,Femme,65,Medium,3,Human Resources,Medium,Divorced,26121,182847,5,0,15,Outstanding,Very High,4,5,1,Best,2,1,1,2,Adulte,Grenoble
40,No,Travel_Frequently,1064,Research & Development,17,Bachelor,Life Sciences,Very High,Homme,64,High,4,Developer,Very High,Single,4972,79552,0,0,49,Excellent,Low,2,32,5,Better,12,3,6,12,Adulte,Paris
18,No,Travel_Frequently,367,Support,6,Bachelor,Technical Degree,Low,Homme,148,High,3,Research Director,High,Divorced,11420,91360,8,0,49,Outstanding,Medium,2,3,1,Good,1,1,1,1,Jeune,Grenoble
53,No,Travel_Rarely,1251,Sales,32,Doctor,Medical,High,Femme,52,Low,1,Laboratory Technician,Medium,Divorced,15271,76355,6,0,9,Outstanding,Low,3,39,3,Bad,17,8,11,8,Senior,Lyon
31,Yes,Travel_Rarely,1433,Human Resources,39,Below College,Medical,Medium,Homme,132,Low,1,Manager,Medium,Single,43156,819964,0,0,32,Excellent,Very High,2,3,4,Good,3,1,2,3,Adulte,Marseille
52,No,Non-Travel,872,Human Resources,16,Master,Life Sciences,Medium,Homme,109,High,4,Laboratory Technician,Low,Single,47776,1337728,6,0,14,Good,High,2,19,1,Better,9,7,1,9,Senior,Marseille
27,No,Travel_Frequently,1359,Software,34,Master,Marketing,Medium,Femme,114,Medium,5,Sales Executive,Low,Divorced,16820,302760,6,0,6,Bad,Very High,3,31,2,Better,16,16,16,7,Jeune,Nantes
50,Yes,Non-Travel,423,Support,31,College,Marketing,Very High,Homme,179,Low,1,Sales Executive,High,Divorced,27379,739233,7,1,27,Bad,Low,4,22,3,Better,6,2,1,3,Senior,Grenoble
22,Yes,Travel_Frequently,303,Support,43,Below College,Other,Medium,Homme,43,Very High,2,Manager,Low,Married,26736,534720,3,1,25,Good,Very High,4,40,4,Good,9,3,6,7,Jeune,Grenoble
22,No,Travel_Frequently,659,Software,1,Master,Human Resources,Low,Homme,160,Low,3,Research Scientist,Very High,Single,18293,146344,6,1,12,Excellent,Very High,4,25,5,Bad,23,20,22,16,Jeune,Nantes
57,Yes,Travel_Frequently,1383,Human Resources,21,College,Medical,Medium,Femme,180,Medium,2,Manager,Low,Divorced,46698,140094,2,1,49,Outstanding,Medium,3,7,3,Bad,6,1,5,4,Senior,Marseille
44,No,Travel_Frequently,642,Human Resources,42,Doctor,Other,Low,Femme,46,Very High,3,Research Scientist,High,Divorced,44048,440480,0,0,47,Outstanding,Medium,1,12,5,Best,9,2,3,1,Adulte,Marseille
29,Yes,Non-Travel,266,Support,39,Below College,Life Sciences,High,Homme,175,Very High,2,Research Director,Low,Divorced,7682,169004,2,0,28,Bad,Medium,2,22,6,Good,3,2,1,1,Jeune,Grenoble
56,Yes,Travel_Rarely,1011,Software,5,Bachelor,Technical Degree,Medium,Homme,175,Very High,4,Manufacturing Director,High,Divorced,33463,468482,4,0,2,Bad,Medium,3,25,3,Good,13,13,3,3,Senior,Nantes
47,No,Travel_Frequently,1268,Hardware,1,Below College,Human Resources,Low,Homme,66,Very High,5,Healthcare Representative,Very High,Married,8559,248211,4,1,25,Excellent,Very High,1,20,6,Better,10,7,6,7,Senior,Lille
21,No,Non-Travel,511,Software,12,Doctor,Human Resources,Very High,Femme,166,Very High,4,Research Director,Very High,Married,47281,1323868,4,1,47,Excellent,High,2,11,1,Bad,1,1,1,1,Jeune,Nantes
36,Yes,Travel_Rarely,915,Research & Development,15,Master,Human Resources,Low,Femme,102,Low,2,Developer,High,Divorced,8267,157073,3,1,31,Excellent,Very High,1,6,6,Best,1,1,1,1,Adulte,Paris
39,Yes,Non-Travel,799,Software,7,College,Technical Degree,Medium,Homme,171,Low,1,Sales Representative,Low,Single,2657,74396,0,1,32,Outstanding,High,1,31,2,Best,21,21,2,3,Adulte,Nantes
53,No,Travel_Frequently,724,Research & Development,50,Bachelor,Human Resources,Medium,Homme,36,Low,2,Laboratory Technician,Medium,Divorced,10347,144858,0,0,13,Outstanding,High,2,24,4,Best,12,3,8,5,Senior,Paris
33,No,Travel_Rarely,1283,Hardware,37,College,Other,Low,Homme,38,Medium,4,Laboratory Technician,Medium,Divorced,25185,679995,3,0,4,Good,Medium,2,16,6,Best,14,8,5,4,Adulte,Lille
44,Yes,Non-Travel,669,Research & Development,33,College,Medical,High,Femme,185,Low,2,Manager,Low,Married,13315,199725,0,1,43,Outstanding,Very High,4,34,4,Best,29,22,24,18,Adulte,Paris
54,No,Travel_Rarely,1093,Software,45,College,Marketing,Low,Femme,96,High,3,Manufacturing Director,Very High,Divorced,20648,557496,7,0,16,Outstanding,Medium,1,24,4,Best,6,4,4,5,Senior,Nantes
32,Yes,Travel_Rarely,769,Software,13,Doctor,Life Sciences,High,Homme,199,High,3,Sales Representative,Medium,Single,12787,230166,4,1,21,Outstanding,Very High,1,24,6,Better,15,13,14,8,Adulte,Nantes
27,No,Travel_Frequently,449,Sales,4,College,Medical,Medium,Homme,91,Low,3,Healthcare Representative,Very High,Married,21190,42380,8,0,20,Good,Very High,1,1,4,Best,1,1,1,1,Jeune,Lyon
18,No,Travel_Frequently,777,Research & Development,11,Bachelor,Medical,High,Homme,129,Medium,4,Research Scientist,Medium,Married,3793,75860,5,1,11,Outstanding,High,1,21,2,Good,19,5,16,9,Jeune,Paris
46,No,Non-Travel,1028,Human Resources,36,Master,Human Resources,Medium,Femme,81,Low,2,Manufacturing Director,High,Single,23078,92312,5,1,27,Excellent,High,3,19,3,Better,2,2,1,1,Senior,Marseille
30,Yes,Travel_Frequently,906,Hardware,50,Bachelor,Marketing,Medium,Homme,195,Very High,1,Manager,Very High,Divorced,44235,530820,7,0,32,Good,High,4,22,3,Best,22,21,9,22,Jeune,Lille
26,Yes,Travel_Rarely,1081,Research & Development,44,Below College,Other,Very High,Femme,73,Medium,5,Laboratory Technician,Low,Divorced,45766,274596,3,1,33,Outstanding,Medium,1,23,2,Bad,1,1,1,1,Jeune,Paris
50,Yes,Travel_Frequently,1269,Support,29,Master,Other,High,Femme,139,Medium,5,Healthcare Representative,High,Married,2903,78381,1,0,0,Outstanding,High,2,12,5,Best,11,11,1,7,Senior,Grenoble
50,Yes,Non-Travel,1021,Hardware,6,Doctor,Technical Degree,High,Homme,55,Medium,5,Developer,Very High,Single,4426,128354,6,0,6,Excellent,Very High,1,20,1,Good,2,2,2,2,Senior,Lille
34,Yes,Non-Travel,856,Support,40,Bachelor,Technical Degree,Low,Femme,127,Low,3,Developer,High,Married,28014,84042,2,0,24,Good,High,2,26,2,Bad,2,1,2,1,Adulte,Grenoble
22,No,Non-Travel,519,Support,45,Bachelor,Medical,Very High,Femme,57,High,4,Manufacturing Director,High,Single,50645,1063545,4,0,21,Excellent,High,1,24,6,Better,24,3,10,14,Jeune,Grenoble
30,Yes,Travel_Rarely,1459,Software,34,Master,Other,Very High,Homme,80,Low,4,Research Director,Medium,Married,34678,1005662,7,1,45,Bad,Low,3,10,2,Bad,2,2,1,2,Jeune,Nantes
45,No,Non-Travel,735,Software,42,Doctor,Other,Low,Femme,80,High,1,Human Resources,High,Divorced,48478,387824,7,1,27,Good,Low,3,22,1,Best,6,5,6,2,Adulte,Nantes
45,Yes,Travel_Frequently,1229,Hardware,48,Below College,Human Resources,Medium,Homme,157,Very High,1,Research Scientist,Medium,Single,22264,623392,0,1,42,Outstanding,Low,1,15,3,Best,15,13,8,7,Adulte,Lille
50,Yes,Non-Travel,416,Human Resources,34,College,Other,Medium,Homme,120,High,4,Research Scientist,Very High,Single,15534,62136,7,1,26,Excellent,High,3,2,6,Best,1,1,1,1,Senior,Marseille
43,Yes,Travel_Rarely,799,Support,20,College,Medical,Low,Homme,35,High,4,Laboratory Technician,Low,Single,45074,360592,7,0,6,Good,Very High,3,11,2,Better,3,1,1,3,Adulte,Grenoble
38,No,Non-Travel,195,Human Resources,46,Below College,Technical Degree,Medium,Femme,56,Medium,1,Sales Executive,Low,Married,21295,638850,8,1,29,Excellent,Medium,2,29,1,Better,12,4,10,6,Adulte,Marseille
40,No,Non-Travel,358,Software,6,Below College,Other,Medium,Femme,153,High,5,Sales Executive,Very High,Divorced,22282,579332,2,0,45,Bad,Low,4,5,5,Better,1,1,1,1,Adulte,Nantes
56,Yes,Travel_Rarely,324,Research & Development,10,Master,Technical Degree,Low,Femme,54,Low,4,Sales Representative,Very High,Married,47340,852120,0,1,45,Bad,High,3,23,6,Better,17,5,1,8,Senior,Paris
60,Yes,Non-Travel,1487,Software,11,College,Medical,Low,Homme,62,High,3,Manager,Medium,Single,35565,995820,2,0,40,Bad,Very High,2,11,6,Best,8,8,3,1,Senior,Nantes
19,No,Travel_Frequently,1257,Human Resources,6,Below College,Life Sciences,High,Homme,137,Low,1,Research Director,Low,Divorced,26682,720414,3,0,8,Good,Medium,1,35,2,Better,17,8,9,1,Jeune,Marseille
27,No,Travel_Rarely,1276,Human Resources,8,Doctor,Technical Degree,Low,Femme,62,Medium,5,Research Scientist,High,Married,25368,558096,1,0,49,Excellent,Very High,2,1,2,Best,1,1,1,1,Jeune,Marseille
41,No,Travel_Frequently,1440,Support,50,Doctor,Technical Degree,Medium,Femme,164,Medium,5,Sales Executive,High,Married,41885,963355,8,0,29,Outstanding,Very High,3,20,1,Best,20,18,9,6,Adulte,Grenoble
18,Yes,Non-Travel,208,Sales,12,Below College,Medical,Medium,Homme,153,Low,4,Research Scientist,Very High,Single,9237,267873,5,1,35,Good,Very High,4,24,4,Good,3,3,2,1,Jeune,Lyon
27,Yes,Non-Travel,1015,Hardware,34,College,Life Sciences,High,Femme,180,Very High,2,Manufacturing Director,Medium,Divorced,24159,241590,8,1,22,Bad,Very High,2,20,2,Good,18,5,18,1,Jeune,Lille
28,Yes,Non-Travel,839,Hardware,12,Doctor,Technical Degree,Medium,Homme,152,High,1,Research Scientist,High,Single,8165,155135,5,0,2,Good,Medium,2,35,2,Better,8,3,4,7,Jeune,Lille
35,Yes,Non-Travel,889,Software,26,Bachelor,Human Resources,Low,Homme,41,High,3,Manufacturing Director,Medium,Divorced,8126,121890,2,0,40,Good,Medium,3,26,5,Bad,16,16,11,4,Adulte,Nantes
43,Yes,Non-Travel,1251,Software,17,College,Other,Very High,Femme,77,Very High,5,Manufacturing Director,High,Divorced,29379,646338,1,1,3,Excellent,Very High,4,30,6,Good,1,1,1,1,Adulte,Nantes
42,Yes,Non-Travel,976,Research & Development,7,Bachelor,Marketing,Medium,Homme,81,Very High,2,Research Scientist,Medium,Married,9426,141390,4,0,10,Excellent,High,3,35,1,Best,18,12,11,2,Adulte,Paris
23,Yes,Non-Travel,214,Human Resources,13,Bachelor,Other,Very High,Femme,100,Medium,2,Laboratory Technician,Low,Married,16509,264144,5,0,3,Bad,Very High,3,25,6,Best,22,21,19,9,Jeune,Marseille
44,Yes,Travel_Rarely,373,Research & Development,27,Bachelor,Other,Medium,Homme,119,Low,2,Sales Executive,High,Married,4873,107206,1,0,28,Bad,Medium,3,25,3,Better,1,1,1,1,Adulte,Paris
38,No,Non-Travel,549,Human Resources,42,Bachelor,Marketing,Medium,Homme,112,Medium,3,Human Resources,High,Divorced,40581,933363,6,1,45,Bad,Low,2,9,5,Better,8,2,6,3,Adulte,Marseille
21,No,Non-Travel,1172,Research & Development,29,Bachelor,Medical,High,Homme,159,Very High,2,Research Director,Medium,Single,7332,175968,5,1,22,Good,Very High,3,16,4,Bad,3,1,2,2,Jeune,Paris
39,No,Non-Travel,297,Research & Development,17,Below College,Technical Degree,Low,Homme,176,Very High,4,Research Director,High,Married,17767,533010,1,0,46,Excellent,Very High,2,27,3,Better,12,10,6,11,Adulte,Paris
48,No,Travel_Rarely,1159,Support,5,Master,Human Resources,Low,Femme,32,High,4,Manager,Very High,Divorced,40009,560126,2,1,21,Outstanding,Medium,1,11,6,Bad,10,8,9,4,Senior,Grenoble
56,No,Travel_Rarely,896,Support,50,Below College,Medical,Medium,Femme,111,Low,1,Laboratory Technician,High,Single,2326,46520,7,0,16,Good,Medium,3,27,1,Best,17,8,14,8,Senior,Grenoble
37,No,Travel_Frequently,223,Research & Development,2,Bachelor,Other,Low,Homme,37,Low,1,Sales Executive,High,Married,27348,546960,6,1,14,Excellent,High,3,5,3,Better,2,1,2,2,Adulte,Paris
38,Yes,Travel_Frequently,297,Research & Development,38,Master,Other,High,Homme,76,Very High,1,Sales Representative,Low,Divorced,15683,282294,7,1,22,Excellent,High,2,37,5,Good,17,1,7,16,Adulte,Paris
56,No,Travel_Rarely,814,Sales,21,Doctor,Technical Degree,High,Femme,80,Low,5,Manager,Very High,Single,32208,901824,4,0,18,Good,Medium,2,20,1,Best,14,11,14,12,Senior,Lyon
37,No,Travel_Rarely,887,Human Resources,10,Master,Marketing,High,Homme,154,Medium,2,Manager,Very High,Single,35080,420960,2,0,12,Bad,Medium,3,20,1,Bad,1,1,1,1,Adulte,Marseille
33,Yes,Non-Travel,1359,Software,5,Master,Technical Degree,Medium,Homme,143,High,1,Research Director,High,Divorced,31530,252240,0,1,49,Outstanding,Low,3,31,3,Better,3,3,3,3,Adulte,Nantes
22,No,Non-Travel,863,Hardware,4,Doctor,Other,Very High,Homme,192,Medium,5,Manufacturing Director,High,Married,27724,748548,5,0,34,Bad,High,4,26,6,Best,1,1,1,1,Jeune,Lille
41,No,Non-Travel,103,Hardware,16,Master,Human Resources,High,Femme,184,High,5,Developer,Low,Single,35153,456989,6,1,4,Excellent,Medium,3,4,6,Good,2,2,2,1,Adulte,Lille
34,Yes,Travel_Rarely,1030,Hardware,3,Doctor,Human Resources,Medium,Femme,42,Low,5,Research Director,Medium,Married,28892,664516,8,0,14,Excellent,Very High,3,11,1,Best,11,9,10,6,Adulte,Lille
21,Yes,Travel_Frequently,576,Research & Development,47,Below College,Other,Low,Homme,162,Very High,4,Laboratory Technician,Medium,Single,14994,389844,2,1,19,Outstanding,Low,2,28,3,Good,11,6,8,4,Jeune,Paris
24,No,Non-Travel,561,Software,23,Doctor,Marketing,Medium,Homme,184,Very High,3,Manufacturing Director,Medium,Married,24917,249170,2,0,22,Outstanding,Very High,3,34,3,Better,33,4,31,11,Jeune,Nantes
53,Yes,Travel_Frequently,427,Research & Development,33,Doctor,Life Sciences,High,Femme,73,Medium,4,Sales Executive,Very High,Single,24257,630682,8,0,27,Good,Very High,1,7,3,Better,7,1,1,5,Senior,Paris
55,No,Travel_Rarely,395,Research & Development,50,Master,Marketing,Medium,Homme,32,Very High,5,Human Resources,Low,Single,14485,43455,2,0,47,Good,Medium,2,35,6,Bad,12,12,2,9,Senior,Paris
31,No,Travel_Frequently,362,Sales,21,Doctor,Life Sciences,Low,Femme,105,High,3,Healthcare Representative,High,Single,48878,146634,4,0,24,Excellent,Very High,1,15,1,Good,7,3,6,5,Adulte,Lyon
28,No,Travel_Frequently,1104,Research & Development,13,Master,Technical Degree,Medium,Homme,169,Medium,2,Manufacturing Director,Medium,Divorced,34202,991858,3,0,6,Outstanding,Very High,2,33,2,Better,13,4,6,4,Jeune,Paris
54,Yes,Travel_Rarely,212,Support,9,Below College,Other,Very High,Homme,199,High,5,Healthcare Representative,Very High,Divorced,45877,1146925,0,0,28,Good,Low,1,18,1,Bad,16,4,6,5,Senior,Grenoble
53,No,Travel_Frequently,618,Research & Development,45,Doctor,Human Resources,Low,Femme,75,Very High,4,Research Scientist,High,Single,46848,421632,0,0,4,Good,Medium,1,20,4,Bad,8,5,7,8,Senior,Paris
33,No,Travel_Rarely,1357,Human Resources,25,Master,Other,Very High,Femme,50,High,5,Research Scientist,Low,Divorced,35816,823768,4,0,15,Outstanding,Low,4,33,6,Good,15,8,6,3,Adulte,Marseille
21,No,Travel_Rarely,328,Human Resources,49,Bachelor,Medical,Low,Homme,64,Medium,2,Sales Representative,Medium,Divorced,3268,65360,4,1,37,Bad,High,3,38,1,Best,17,7,8,8,Jeune,Marseille
50,Yes,Travel_Frequently,1453,Research & Development,30,Master,Life Sciences,Low,Femme,135,High,1,Sales Executive,Very High,Single,29041,58082,3,1,46,Outstanding,Low,1,6,3,Bad,5,4,2,2,Senior,Paris
49,Yes,Travel_Rarely,455,Software,7,Doctor,Marketing,High,Femme,122,Very High,5,Human Resources,Low,Divorced,1331,39930,7,1,25,Bad,Very High,1,10,4,Better,6,5,4,4,Senior,Nantes
37,No,Travel_Frequently,1369,Software,50,College,Marketing,Medium,Homme,94,High,3,Sales Representative,Low,Divorced,27905,558100,2,1,48,Bad,Medium,4,29,3,Bad,14,11,14,12,Adulte,Nantes
18,No,Non-Travel,921,Support,13,Master,Life Sciences,Low,Femme,167,Very High,1,Human Resources,High,Single,27900,306900,6,1,9,Good,Low,1,26,6,Bad,11,2,3,2,Jeune,Grenoble
30,No,Travel_Frequently,1199,Support,42,Doctor,Human Resources,Medium,Homme,87,High,4,Manager,Very High,Single,9657,251082,7,0,27,Excellent,Very High,4,35,2,Better,20,17,16,13,Jeune,Grenoble
53,Yes,Travel_Frequently,485,Software,41,Master,Life Sciences,Low,Homme,137,Low,2,Manufacturing Director,Low,Single,32242,161210,0,0,47,Excellent,Medium,2,26,2,Better,6,2,2,3,Senior,Nantes
31,Yes,Travel_Frequently,338,Support,21,Below College,Medical,Very High,Homme,183,Medium,1,Research Scientist,Low,Married,7173,179325,6,0,7,Good,High,3,10,3,Best,8,7,2,4,Adulte,Grenoble
54,No,Non-Travel,1303,Human Resources,15,College,Human Resources,Very High,Femme,84,Medium,3,Sales Representative,Low,Single,41824,836480,0,0,43,Good,Very High,4,34,5,Better,28,19,25,24,Senior,Marseille
39,No,Travel_Rarely,199,Hardware,29,Below College,Life Sciences,Medium,Homme,61,Very High,1,Manager,High,Divorced,17239,448214,2,1,0,Good,High,1,36,2,Better,17,6,17,9,Adulte,Lille
41,No,Travel_Frequently,1162,Sales,11,Below College,Life Sciences,Medium,Homme,140,Low,4,Human Resources,Very High,Single,43934,922614,4,1,10,Excellent,Low,2,25,1,Good,21,15,2,5,Adulte,Lyon
22,No,Non-Travel,1459,Software,6,College,Other,Low,Femme,151,High,5,Sales Executive,Low,Single,28549,770823,2,0,27,Good,Low,1,28,2,Better,3,2,1,2,Jeune,Nantes
57,No,Travel_Rarely,850,Software,25,Below College,Marketing,High,Femme,76,Very High,2,Research Director,Medium,Married,19048,514296,5,1,21,Outstanding,Medium,4,17,1,Good,2,2,1,1,Senior,Nantes
49,No,Non-Travel,695,Human Resources,4,College,Medical,Medium,Femme,90,Low,4,Developer,Low,Married,24124,120620,7,0,10,Good,Medium,1,25,3,Better,18,9,4,3,Senior,Marseille
25,Yes,Travel_Rarely,1217,Human Resources,28,Master,Other,Low,Homme,138,Low,2,Research Scientist,Very High,Married,24405,366075,7,1,29,Excellent,Very High,1,29,4,Good,15,15,10,11,Jeune,Marseille
38,No,Non-Travel,1437,Support,42,Below College,Medical,Very High,Homme,141,Very High,5,Laboratory Technician,Medium,Divorced,25330,607920,1,0,43,Bad,Medium,2,33,3,Better,21,19,13,11,Adulte,Grenoble
28,No,Travel_Rarely,1276,Support,11,Below College,Human Resources,Medium,Homme,63,Medium,1,Research Director,Very High,Married,38707,1083796,4,0,40,Good,Low,3,37,3,Good,10,9,10,9,Jeune,Grenoble
54,No,Non-Travel,352,Software,12,College,Life Sciences,Low,Homme,172,Very High,4,Laboratory Technician,Medium,Married,7187,136553,8,0,23,Outstanding,Very High,4,13,4,Better,13,1,10,12,Senior,Nantes
52,No,Travel_Frequently,614,Support,1,Bachelor,Life Sciences,Medium,Femme,82,Very High,4,Research Scientist,Low,Single,41390,910580,2,0,29,Bad,Medium,3,18,3,Best,6,6,2,5,Senior,Grenoble
59,Yes,Travel_Frequently,711,Research & Development,12,College,Human Resources,Medium,Homme,52,Low,3,Sales Representative,Medium,Divorced,27152,597344,1,0,43,Good,High,4,39,1,Best,28,1,2,16,Senior,Paris
31,No,Non-Travel,1359,Hardware,50,Bachelor,Life Sciences,Low,Femme,44,Very High,4,Research Scientist,Very High,Single,12406,310150,6,1,27,Good,Low,3,33,2,Best,33,24,22,12,Adulte,Lille
50,Yes,Travel_Frequently,559,Hardware,42,Master,Human Resources,Low,Homme,74,Low,1,Human Resources,Low,Married,22067,198603,8,0,33,Bad,Medium,4,6,4,Good,1,1,1,1,Senior,Lille
37,Yes,Non-Travel,1055,Hardware,43,Below College,Human Resources,High,Femme,53,High,5,Research Director,High,Married,50951,254755,5,0,37,Outstanding,Very High,3,40,1,Better,20,13,4,19,Adulte,Lille
42,Yes,Travel_Rarely,1418,Support,49,Bachelor,Life Sciences,High,Femme,48,Very High,2,Laboratory Technician,Low,Divorced,40457,202285,6,1,36,Bad,Very High,1,40,4,Best,4,1,2,2,Adulte,Grenoble
45,No,Non-Travel,420,Support,42,College,Marketing,Very High,Homme,33,Medium,4,Healthcare Representative,Very High,Single,24067,120335,2,0,19,Outstanding,Low,1,25,6,Best,20,12,10,10,Adulte,Grenoble
19,No,Travel_Frequently,1065,Sales,8,College,Other,Medium,Femme,34,Low,4,Manufacturing Director,High,Married,39876,478512,8,1,37,Excellent,Low,3,12,2,Good,3,2,3,3,Jeune,Lyon
40,Yes,Non-Travel,1226,Research & Development,2,Doctor,Other,Medium,Femme,139,Medium,2,Developer,Low,Divorced,18576,55728,4,1,47,Bad,Very High,1,8,4,Best,4,2,4,4,Adulte,Paris
42,Yes,Non-Travel,102,Software,34,Master,Human Resources,Low,Femme,81,Medium,2,Manufacturing Director,Medium,Married,41463,663408,1,0,34,Outstanding,High,2,25,3,Best,14,3,5,3,Adulte,Nantes
59,No,Non-Travel,752,Human Resources,43,Below College,Technical Degree,Low,Homme,52,High,2,Healthcare Representative,High,Married,32267,161335,4,0,46,Good,Medium,3,20,3,Bad,13,1,4,2,Senior,Marseille
21,No,Non-Travel,568,Software,34,College,Marketing,High,Homme,136,Very High,4,Sales Representative,Very High,Single,46429,232145,6,1,24,Bad,Medium,2,25,4,Bad,7,7,6,3,Jeune,Nantes
39,Yes,Travel_Rarely,804,Software,43,Doctor,Medical,Medium,Femme,183,High,4,Healthcare Representative,Low,Divorced,2772,19404,4,1,33,Outstanding,Low,2,22,2,Better,3,3,1,3,Adulte,Nantes
51,No,Travel_Rarely,391,Support,27,Master,Technical Degree,Medium,Femme,150,Low,5,Human Resources,Very High,Divorced,31632,632640,7,0,43,Bad,Low,3,9,4,Best,3,3,1,1,Senior,Grenoble
41,Yes,Travel_Frequently,596,Sales,6,Bachelor,Marketing,Medium,Femme,157,Low,2,Laboratory Technician,Low,Single,35087,666653,0,1,42,Outstanding,Low,1,2,4,Best,2,1,1,2,Adulte,Lyon
26,Yes,Non-Travel,462,Sales,14,Master,Other,Low,Femme,79,Medium,2,Developer,Medium,Married,3953,43483,0,1,21,Outstanding,Medium,1,7,6,Better,3,1,1,1,Jeune,Lyon
51,No,Non-Travel,614,Sales,50,Below College,Technical Degree,Medium,Femme,98,Very High,1,Research Scientist,Medium,Single,1153,28825,7,1,41,Good,Low,4,34,1,Bad,24,5,18,12,Senior,Lyon
50,Yes,Non-Travel,804,Research & Development,47,Master,Human Resources,High,Femme,82,High,2,Human Resources,Very High,Married,5638,140950,3,1,18,Excellent,Very High,1,19,1,Best,3,2,2,1,Senior,Paris
42,Yes,Travel_Rarely,1470,Human Resources,38,Below College,Marketing,Medium,Homme,170,Very High,5,Research Scientist,Very High,Single,47453,474530,3,0,2,Outstanding,High,2,16,5,Better,3,1,1,3,Adulte,Marseille
26,No,Travel_Frequently,521,Hardware,16,Below College,Human Resources,Low,Femme,172,Medium,2,Manager,High,Single,25312,480928,4,1,9,Excellent,Very High,2,15,2,Better,9,3,2,8,Jeune,Lille
59,No,Non-Travel,326,Software,34,College,Technical Degree,Medium,Homme,39,High,5,Developer,Medium,Single,9043,108516,7,1,30,Good,Medium,3,28,3,Bad,14,2,4,1,Senior,Nantes
37,No,Travel_Frequently,1117,Software,14,Below College,Other,Very High,Homme,44,Medium,4,Sales Executive,High,Single,31838,795950,3,0,34,Excellent,High,4,25,6,Bad,20,8,13,4,Adulte,Nantes
23,Yes,Non-Travel,446,Software,17,College,Life Sciences,Very High,Femme,133,Medium,3,Manager,High,Single,40980,819600,3,1,15,Good,Very High,4,17,6,Bad,16,13,7,8,Jeune,Nantes
18,Yes,Travel_Rarely,543,Sales,22,Bachelor,Marketing,High,Homme,157,Very High,3,Manufacturing Director,Low,Married,10722,117942,3,0,42,Good,Low,2,7,2,Bad,2,1,2,2,Jeune,Lyon
23,Yes,Non-Travel,712,Human Resources,14,Doctor,Life Sciences,Very High,Femme,115,Low,2,Research Scientist,Low,Married,40561,324488,5,1,30,Good,Very High,3,18,3,Bad,17,8,10,13,Jeune,Marseille
24,No,Non-Travel,685,Software,16,Bachelor,Human Resources,Low,Femme,66,Low,5,Manufacturing Director,High,Single,45238,723808,4,0,14,Excellent,Low,3,29,6,Best,1,1,1,1,Jeune,Nantes
23,Yes,Non-Travel,983,Hardware,23,Below College,Life Sciences,High,Femme,127,Medium,2,Sales Representative,Very High,Divorced,46318,648452,2,1,1,Outstanding,Low,3,16,2,Good,12,3,11,2,Jeune,Lille
51,Yes,Travel_Frequently,940,Hardware,6,Doctor,Human Resources,Very High,Homme,130,Medium,2,Research Director,High,Single,46972,1127328,7,0,37,Outstanding,High,2,19,4,Bad,3,1,2,1,Senior,Lille
47,Yes,Travel_Frequently,644,Research & Development,45,Below College,Medical,Low,Homme,140,Very High,5,Sales Representative,Medium,Divorced,12220,232180,2,0,17,Outstanding,Medium,1,20,1,Better,6,4,2,2,Senior,Paris
38,Yes,Travel_Rarely,1300,Software,22,Bachelor,Medical,Low,Femme,130,Very High,3,Manufacturing Director,Very High,Married,2964,38532,3,0,23,Bad,Low,4,13,3,Bad,7,6,6,2,Adulte,Nantes
47,No,Travel_Frequently,297,Support,30,Doctor,Medical,Low,Homme,129,High,4,Research Scientist,Very High,Divorced,17993,89965,7,0,15,Bad,Medium,4,27,1,Good,26,22,23,14,Senior,Grenoble
19,Yes,Travel_Rarely,879,Human Resources,45,Bachelor,Medical,High,Femme,129,Medium,4,Research Scientist,Very High,Divorced,19142,191420,5,0,24,Outstanding,Very High,4,1,4,Best,1,1,1,1,Jeune,Marseille
23,No,Travel_Rarely,1457,Research & Development,25,College,Other,High,Homme,110,Very High,5,Sales Representative,High,Single,39020,936480,1,0,43,Outstanding,Medium,2,21,4,Better,20,5,7,5,Jeune,Paris
51,No,Travel_Frequently,612,Support,21,Below College,Technical Degree,High,Femme,119,Low,3,Healthcare Representative,High,Divorced,2230,44600,0,0,22,Outstanding,Medium,3,14,4,Good,13,4,12,8,Senior,Grenoble
44,Yes,Travel_Rarely,899,Support,13,College,Technical Degree,Medium,Homme,84,Low,4,Developer,Low,Married,11750,47000,8,1,8,Good,High,3,31,5,Bad,31,11,25,22,Adulte,Grenoble
26,No,Non-Travel,969,Sales,28,Bachelor,Other,Very High,Femme,106,Low,2,Developer,Medium,Single,34822,905372,2,1,5,Bad,Very High,2,9,2,Bad,6,1,1,2,Jeune,Lyon
32,No,Travel_Rarely,439,Sales,2,College,Technical Degree,Low,Femme,44,High,2,Human Resources,Very High,Single,43041,817779,2,1,34,Outstanding,High,4,12,4,Good,7,6,4,2,Adulte,Lyon
52,Yes,Non-Travel,1292,Software,14,College,Life Sciences,Low,Homme,159,Very High,2,Healthcare Representative,Low,Married,10806,10806,7,0,39,Good,Very High,3,4,4,Better,4,2,3,2,Senior,Nantes
26,Yes,Non-Travel,1463,Support,16,Master,Other,High,Homme,189,High,4,Research Director,Very High,Divorced,24400,146400,0,1,11,Excellent,Low,3,31,3,Bad,31,22,31,20,Jeune,Grenoble
31,Yes,Travel_Rarely,709,Sales,39,Master,Human Resources,Medium,Femme,125,Low,1,Human Resources,High,Divorced,10830,281580,2,0,29,Excellent,Very High,3,18,2,Better,10,10,6,3,Adulte,Lyon
56,No,Travel_Rarely,1497,Hardware,49,Doctor,Marketing,Very High,Homme,200,Very High,4,Human Resources,High,Married,24535,196280,4,0,48,Bad,Medium,4,24,2,Best,21,11,20,1,Senior,Lille
38,No,Non-Travel,948,Human Resources,27,Below College,Marketing,High,Femme,148,High,4,Healthcare Representative,Medium,Married,9989,199780,8,1,45,Good,Low,4,29,4,Bad,15,1,8,7,Adulte,Marseille
31,Yes,Travel_Rarely,659,Sales,31,College,Technical Degree,Medium,Homme,31,High,4,Research Scientist,Low,Divorced,46164,923280,0,1,18,Bad,Very High,1,28,1,Better,23,21,18,11,Adulte,Lyon
19,No,Travel_Rarely,473,Support,39,Doctor,Human Resources,Very High,Femme,76,High,2,Manufacturing Director,High,Divorced,22432,179456,5,1,31,Good,Medium,1,22,2,Good,15,10,7,13,Jeune,Grenoble
53,Yes,Travel_Rarely,951,Hardware,3,College,Marketing,Very High,Femme,147,Low,2,Healthcare Representative,Low,Married,45524,273144,8,0,46,Excellent,Medium,1,10,1,Good,7,4,3,2,Senior,Lille
18,No,Travel_Rarely,591,Research & Development,29,Below College,Technical Degree,Very High,Homme,175,Low,3,Developer,Medium,Single,50068,700952,6,1,3,Outstanding,Medium,4,30,1,Better,9,2,7,8,Jeune,Paris
48,Yes,Non-Travel,1337,Sales,40,Below College,Human Resources,Low,Homme,146,Very High,1,Research Scientist,Low,Divorced,25511,255110,5,0,44,Bad,Medium,1,17,3,Bad,8,4,1,5,Senior,Lyon
54,Yes,Non-Travel,1050,Software,29,Below College,Technical Degree,High,Femme,121,Very High,2,Research Scientist,Very High,Married,15059,331298,7,0,28,Outstanding,Very High,3,22,3,Better,18,10,5,8,Senior,Nantes
39,No,Travel_Rarely,291,Human Resources,12,College,Technical Degree,Low,Homme,97,Medium,5,Sales Representative,High,Single,25890,310680,8,0,26,Outstanding,Low,4,30,6,Bad,27,9,11,12,Adulte,Marseille
33,Yes,Travel_Rarely,852,Hardware,15,Doctor,Technical Degree,Very High,Homme,139,Medium,1,Developer,Medium,Single,18295,73180,2,0,16,Excellent,Low,2,1,5,Better,1,1,1,1,Adulte,Lille
39,Yes,Travel_Frequently,1041,Research & Development,24,College,Medical,Medium,Femme,48,Low,4,Developer,Low,Single,46509,1069707,7,1,35,Outstanding,Very High,4,28,1,Bad,12,5,7,8,Adulte,Paris
43,No,Travel_Frequently,738,Hardware,3,Doctor,Marketing,Low,Homme,160,Very High,3,Healthcare Representative,Low,Single,28527,313797,2,1,33,Bad,Very High,2,25,1,Best,10,2,8,3,Adulte,Lille
53,Yes,Travel_Rarely,1080,Sales,46,Below College,Medical,Medium,Femme,57,Medium,1,Developer,Medium,Divorced,1969,55132,8,0,19,Bad,Low,2,29,6,Bad,20,3,16,19,Senior,Lyon
48,Yes,Non-Travel,1345,Sales,6,Master,Life Sciences,Very High,Femme,84,Medium,1,Laboratory Technician,Medium,Single,19356,174204,7,0,2,Good,High,3,27,4,Better,1,1,1,1,Senior,Lyon
60,No,Non-Travel,1101,Research & Development,29,Below College,Technical Degree,Very High,Homme,49,Very High,1,Laboratory Technician,Low,Divorced,18664,93320,2,0,48,Outstanding,Medium,1,17,1,Better,11,8,4,9,Senior,Paris
21,No,Travel_Rarely,1186,Sales,36,Doctor,Marketing,Medium,Femme,189,Medium,1,Sales Executive,Medium,Married,33757,337570,3,1,28,Good,Very High,3,16,4,Best,11,5,7,9,Jeune,Lyon
44,No,Travel_Frequently,206,Sales,24,Master,Life Sciences,Medium,Femme,52,Very High,4,Developer,High,Single,47649,667086,1,1,48,Good,Medium,4,1,5,Best,1,1,1,1,Adulte,Lyon
36,Yes,Travel_Frequently,382,Support,3,College,Marketing,Medium,Femme,70,Low,1,Laboratory Technician,Medium,Divorced,18335,18335,3,0,20,Bad,Very High,2,28,1,Better,22,1,5,12,Adulte,Grenoble
50,Yes,Travel_Rarely,653,Human Resources,47,Master,Human Resources,Very High,Homme,48,Medium,5,Developer,Low,Divorced,29265,848685,3,0,42,Excellent,Medium,4,9,2,Good,2,1,1,1,Senior,Marseille
30,No,Non-Travel,975,Hardware,16,College,Medical,Low,Femme,192,High,2,Sales Executive,High,Divorced,31990,927710,5,0,0,Excellent,High,2,14,6,Bad,13,8,1,13,Jeune,Lille
30,Yes,Travel_Rarely,886,Human Resources,49,Master,Marketing,Low,Homme,47,Medium,5,Research Director,Medium,Married,7957,135269,4,1,46,Excellent,Very High,2,33,2,Best,27,18,21,26,Jeune,Marseille
23,No,Travel_Rarely,644,Sales,11,Master,Medical,High,Femme,84,Very High,3,Sales Representative,Very High,Single,46186,508046,0,0,15,Good,High,2,14,1,Best,5,4,1,4,Jeune,Lyon
56,Yes,Travel_Rarely,820,Support,6,Master,Marketing,High,Homme,77,Low,3,Sales Executive,High,Divorced,8228,246840,5,0,27,Outstanding,High,4,9,5,Better,1,1,1,1,Senior,Grenoble
35,Yes,Non-Travel,773,Hardware,50,Bachelor,Medical,Very High,Femme,73,Low,5,Manager,High,Married,16509,82545,0,1,43,Outstanding,High,3,23,2,Good,3,1,3,2,Adulte,Lille
53,No,Travel_Frequently,219,Research & Development,6,Below College,Human Resources,Low,Femme,83,Low,4,Manager,Medium,Single,45159,858021,0,1,46,Good,Very High,3,2,4,Better,1,1,1,1,Senior,Paris
18,Yes,Travel_Frequently,1191,Research & Development,22,Bachelor,Technical Degree,Medium,Homme,166,Very High,1,Sales Executive,Very High,Married,17701,212412,6,0,23,Good,Medium,2,4,2,Bad,3,3,1,2,Jeune,Paris
43,No,Travel_Rarely,840,Hardware,31,College,Medical,Medium,Homme,200,Medium,2,Sales Representative,Medium,Married,5441,5441,6,0,31,Good,Medium,3,4,2,Bad,1,1,1,1,Adulte,Lille
34,Yes,Travel_Rarely,414,Support,29,Bachelor,Technical Degree,Medium,Homme,146,High,2,Manager,High,Single,46857,1030854,8,1,18,Bad,Medium,1,31,6,Good,24,17,18,8,Adulte,Grenoble
56,Yes,Travel_Rarely,889,Software,28,Master,Life Sciences,Low,Femme,115,Medium,4,Human Resources,High,Divorced,47350,852300,6,0,20,Bad,Very High,3,1,1,Bad,1,1,1,1,Senior,Nantes
40,Yes,Travel_Frequently,1029,Research & Development,11,Master,Life Sciences,Very High,Femme,64,Low,5,Developer,Very High,Single,11978,107802,0,0,38,Bad,High,2,32,6,Better,31,11,6,11,Adulte,Paris
57,No,Non-Travel,143,Research & Development,7,College,Life Sciences,Low,Femme,114,Medium,1,Healthcare Representative,Low,Married,30606,122424,2,0,29,Bad,Low,1,16,6,Better,2,2,1,1,Senior,Paris
47,No,Travel_Frequently,543,Sales,5,Below College,Marketing,Low,Homme,129,High,3,Developer,Medium,Divorced,35556,391116,7,1,27,Good,Very High,2,22,4,Bad,22,15,2,14,Senior,Lyon
31,Yes,Travel_Frequently,816,Research & Development,15,Doctor,Technical Degree,Very High,Femme,60,Low,2,Laboratory Technician,Low,Divorced,49549,792784,4,0,42,Excellent,Very High,4,17,1,Bad,16,11,14,5,Adulte,Paris
26,No,Travel_Frequently,229,Hardware,43,Below College,Technical Degree,Very High,Femme,131,High,5,Sales Representative,Medium,Single,15392,400192,8,0,43,Excellent,High,1,36,5,Good,11,2,6,1,Jeune,Lille
55,Yes,Non-Travel,782,Software,13,Below College,Other,Medium,Homme,164,Low,5,Research Scientist,Very High,Divorced,5581,117201,1,1,28,Excellent,Very High,1,2,4,Bad,2,2,1,1,Senior,Nantes
27,No,Non-Travel,408,Sales,29,Master,Life Sciences,Low,Homme,55,High,2,Manager,Low,Divorced,47324,946480,6,0,49,Good,High,2,29,2,Good,19,5,1,3,Jeune,Lyon
46,No,Travel_Rarely,1365,Support,24,Bachelor,Other,Low,Homme,67,High,2,Developer,High,Single,17293,345860,1,1,9,Excellent,Low,3,18,5,Bad,16,2,7,9,Senior,Grenoble
50,Yes,Travel_Rarely,1388,Human Resources,47,Master,Other,Low,Homme,36,Low,5,Developer,Medium,Divorced,27060,811800,6,0,6,Bad,Very High,3,7,2,Best,7,3,5,4,Senior,Marseille
48,No,Non-Travel,405,Software,11,Master,Marketing,Very High,Femme,174,Low,3,Research Director,High,Married,29229,409206,1,0,23,Outstanding,Low,1,7,3,Best,4,3,4,2,Senior,Nantes
47,No,Non-Travel,196,Software,6,Doctor,Human Resources,Medium,Homme,42,Very High,2,Manufacturing Director,High,Married,10796,97164,2,0,40,Bad,High,4,10,3,Best,3,2,1,3,Senior,Nantes
28,Yes,Travel_Rarely,491,Sales,17,College,Other,Medium,Femme,135,High,2,Research Director,Medium,Divorced,42728,940016,0,1,21,Outstanding,Medium,4,10,1,Bad,4,2,1,4,Jeune,Lyon
39,No,Non-Travel,244,Software,48,Master,Technical Degree,Low,Homme,89,Medium,5,Research Director,Low,Divorced,26814,750792,8,0,29,Outstanding,High,3,21,4,Best,9,9,1,5,Adulte,Nantes
36,Yes,Travel_Rarely,991,Human Resources,7,Doctor,Life Sciences,Very High,Homme,32,Very High,3,Human Resources,Low,Single,4757,133196,4,1,12,Excellent,Medium,1,7,2,Best,2,2,2,1,Adulte,Marseille
57,No,Non-Travel,932,Support,7,Doctor,Human Resources,Medium,Femme,91,High,1,Laboratory Technician,Very High,Married,42742,940324,6,1,48,Excellent,Very High,2,5,3,Bad,3,2,2,1,Senior,Grenoble
30,No,Travel_Frequently,252,Sales,24,Below College,Medical,Medium,Femme,122,Medium,1,Healthcare Representative,Low,Single,3208,19248,0,0,32,Excellent,Medium,1,23,1,Best,12,11,11,1,Jeune,Lyon
52,No,Non-Travel,450,Sales,12,Bachelor,Human Resources,Very High,Homme,44,Low,5,Sales Executive,Very High,Single,5666,16998,5,1,22,Excellent,Medium,4,7,3,Best,7,4,3,1,Senior,Lyon
43,No,Non-Travel,1123,Research & Development,14,Master,Technical Degree,Very High,Homme,146,High,5,Developer,Very High,Single,29563,827764,5,0,21,Bad,High,1,37,6,Best,20,17,6,12,Adulte,Paris
48,Yes,Travel_Rarely,507,Research & Development,1,Master,Human Resources,High,Femme,109,Low,1,Laboratory Technician,Low,Married,34783,904358,8,0,31,Good,Low,2,24,2,Best,17,4,7,17,Senior,Paris
31,No,Non-Travel,651,Support,14,Doctor,Human Resources,Very High,Femme,140,Medium,2,Developer,Very High,Single,32386,259088,0,1,5,Good,Medium,2,28,1,Best,23,7,18,3,Adulte,Grenoble
25,No,Travel_Frequently,681,Sales,8,Below College,Other,High,Homme,158,Low,1,Sales Representative,High,Divorced,8778,184338,8,1,32,Good,Low,2,34,6,Good,11,9,8,7,Jeune,Lyon
34,No,Non-Travel,1216,Software,33,Doctor,Medical,High,Homme,67,Low,2,Manufacturing Director,Medium,Divorced,47575,808775,4,0,46,Outstanding,High,4,19,1,Bad,13,6,11,9,Adulte,Nantes
50,Yes,Travel_Rarely,1282,Sales,37,College,Medical,High,Homme,140,Very High,1,Developer,Low,Married,2616,20928,2,0,47,Good,Medium,2,28,1,Best,16,16,8,10,Senior,Lyon
52,No,Travel_Frequently,848,Hardware,37,College,Marketing,Very High,Femme,134,Low,4,Manager,Low,Divorced,3804,83688,2,1,35,Good,Medium,3,24,2,Good,20,2,4,14,Senior,Lille
25,No,Travel_Rarely,299,Support,26,Bachelor,Medical,Medium,Homme,84,Low,4,Healthcare Representative,High,Married,40934,573076,3,1,32,Good,Very High,4,23,3,Bad,11,5,10,3,Jeune,Grenoble
59,No,Non-Travel,698,Hardware,1,Bachelor,Marketing,Very High,Homme,50,High,2,Manager,Very High,Married,14101,56404,6,0,5,Outstanding,High,3,27,5,Bad,3,3,3,2,Senior,Lille
58,Yes,Travel_Frequently,1218,Support,7,Master,Life Sciences,Low,Femme,128,Low,1,Manufacturing Director,Very High,Single,47726,286356,1,1,4,Excellent,High,3,37,5,Better,11,11,11,10,Senior,Grenoble
26,Yes,Travel_Rarely,709,Support,17,College,Marketing,Low,Femme,189,Medium,5,Laboratory Technician,Very High,Single,26994,134970,1,1,30,Bad,High,3,15,3,Bad,7,4,1,4,Jeune,Grenoble
54,Yes,Non-Travel,1180,Sales,9,Below College,Technical Degree,High,Femme,188,Low,5,Laboratory Technician,High,Single,34502,345020,1,1,32,Excellent,Medium,2,18,3,Better,11,2,6,7,Senior,Lyon
54,No,Non-Travel,1138,Software,38,Doctor,Human Resources,Medium,Femme,108,Medium,2,Research Director,Medium,Married,23169,509718,2,0,1,Excellent,Very High,1,15,1,Better,4,1,3,1,Senior,Nantes
50,No,Non-Travel,776,Support,50,Master,Other,Low,Homme,62,Low,3,Manager,Very High,Divorced,31610,442540,2,1,22,Excellent,Medium,1,13,5,Better,3,2,3,2,Senior,Grenoble
59,No,Travel_Rarely,1310,Hardware,20,Bachelor,Human Resources,Medium,Homme,197,Low,5,Human Resources,High,Divorced,6066,97056,3,1,13,Outstanding,Low,2,39,2,Better,6,3,1,6,Senior,Lille
36,No,Travel_Frequently,1462,Human Resources,6,College,Other,Low,Homme,184,High,3,Laboratory Technician,Very High,Married,29910,747750,6,0,45,Excellent,Low,1,30,6,Better,29,14,19,9,Adulte,Marseille
56,Yes,Travel_Frequently,1320,Human Resources,25,Bachelor,Marketing,Very High,Homme,121,High,2,Research Director,Very High,Single,47370,994770,0,0,2,Excellent,Very High,2,23,5,Best,16,6,15,7,Senior,Marseille
20,Yes,Non-Travel,347,Human Resources,38,Master,Marketing,Low,Femme,167,Very High,1,Manufacturing Director,Very High,Single,12492,374760,2,0,4,Good,Very High,2,22,3,Best,16,6,9,11,Jeune,Marseille
23,No,Travel_Rarely,188,Sales,24,Bachelor,Human Resources,Very High,Homme,79,Very High,3,Healthcare Representative,Medium,Married,10806,270150,4,0,22,Good,High,2,40,5,Good,32,29,5,5,Jeune,Lyon
18,No,Travel_Frequently,878,Sales,23,Master,Other,Very High,Homme,194,High,1,Research Director,High,Divorced,18610,223320,0,1,15,Bad,Very High,3,13,3,Best,11,11,6,6,Jeune,Lyon
28,No,Travel_Frequently,1075,Research & Development,25,College,Marketing,Low,Femme,169,Low,4,Laboratory Technician,High,Divorced,40206,562884,4,0,29,Bad,High,3,5,1,Bad,1,1,1,1,Jeune,Paris
21,Yes,Non-Travel,855,Hardware,9,College,Human Resources,High,Femme,111,Very High,5,Manufacturing Director,Very High,Married,44543,1291747,3,1,25,Outstanding,Very High,3,23,3,Good,21,17,11,9,Jeune,Lille
53,Yes,Travel_Frequently,951,Hardware,5,College,Human Resources,Low,Femme,46,High,4,Research Scientist,High,Married,10265,41060,5,1,39,Outstanding,Medium,2,39,4,Bad,16,5,7,14,Senior,Lille
51,Yes,Travel_Rarely,811,Support,49,College,Medical,High,Femme,152,Low,3,Research Scientist,Low,Single,48548,194192,1,1,13,Good,Very High,4,6,6,Bad,5,1,2,5,Senior,Grenoble
44,No,Travel_Frequently,1258,Support,31,Master,Medical,Medium,Femme,43,High,5,Sales Executive,Very High,Married,50928,1171344,3,1,8,Excellent,Medium,3,15,3,Good,3,2,3,2,Adulte,Grenoble
46,No,Travel_Frequently,484,Hardware,25,Bachelor,Life Sciences,Low,Homme,134,Very High,5,Sales Executive,Low,Married,39603,118809,1,1,31,Outstanding,Low,3,10,4,Better,10,10,7,5,Senior,Lille
32,Yes,Non-Travel,822,Hardware,40,Bachelor,Other,Very High,Femme,56,Medium,1,Sales Executive,Very High,Married,18856,414832,2,1,18,Bad,High,2,30,5,Good,12,5,7,12,Adulte,Lille
34,Yes,Travel_Frequently,512,Sales,37,College,Other,High,Homme,98,High,1,Sales Executive,High,Divorced,42132,716244,3,0,43,Good,High,1,10,2,Bad,9,9,6,5,Adulte,Lyon
57,No,Travel_Frequently,1277,Research & Development,23,Master,Other,Medium,Femme,179,Very High,3,Manager,Very High,Divorced,1885,56550,5,0,38,Excellent,High,2,16,3,Best,12,9,10,6,Senior,Paris
47,No,Travel_Rarely,181,Human Resources,33,Doctor,Marketing,High,Femme,171,Low,1,Sales Executive,High,Married,41392,331136,6,1,2,Outstanding,Medium,3,12,1,Best,10,6,2,8,Senior,Marseille
25,No,Travel_Rarely,949,Sales,17,College,Technical Degree,Very High,Femme,162,Low,3,Manufacturing Director,Very High,Divorced,4948,103908,6,0,35,Bad,High,4,4,4,Good,4,4,2,1,Jeune,Lyon
37,Yes,Non-Travel,667,Software,1,Bachelor,Other,Low,Homme,173,Low,1,Sales Representative,High,Single,26704,26704,0,0,6,Bad,Low,1,31,6,Best,26,19,3,9,Adulte,Nantes
60,Yes,Travel_Frequently,1168,Human Resources,30,Bachelor,Other,Low,Homme,57,Very High,1,Developer,Low,Divorced,28364,595644,3,1,14,Good,Low,4,2,2,Better,1,1,1,1,Senior,Marseille
54,Yes,Travel_Frequently,1089,Sales,45,Master,Medical,Medium,Homme,39,Very High,2,Manager,Low,Divorced,12237,36711,6,1,24,Bad,Medium,1,28,4,Better,18,3,7,6,Senior,Lyon
42,Yes,Non-Travel,253,Support,9,Below College,Human Resources,Low,Femme,50,Low,1,Manager,High,Single,11959,227221,5,0,44,Excellent,Very High,3,32,3,Better,5,4,3,4,Adulte,Grenoble
43,No,Travel_Frequently,312,Support,24,Master,Other,Very High,Femme,153,Very High,5,Healthcare Representative,Low,Divorced,27505,797645,0,1,34,Good,Medium,4,15,6,Bad,8,3,6,7,Adulte,Grenoble
44,Yes,Travel_Frequently,1229,Human Resources,17,Bachelor,Life Sciences,Low,Femme,72,Low,2,Research Director,Very High,Married,30936,494976,6,0,20,Bad,Very High,2,31,1,Bad,5,1,5,3,Adulte,Marseille
45,Yes,Non-Travel,940,Human Resources,26,Master,Life Sciences,Very High,Femme,184,Very High,1,Healthcare Representative,Very High,Divorced,32287,226009,8,1,26,Good,High,3,39,5,Good,32,12,25,13,Adulte,Marseille
21,Yes,Travel_Frequently,837,Software,9,College,Life Sciences,Medium,Femme,158,Medium,5,Research Director,Low,Divorced,41948,755064,1,0,49,Excellent,Low,2,24,5,Bad,3,2,2,2,Jeune,Nantes
31,Yes,Non-Travel,1099,Hardware,32,Below College,Marketing,Very High,Femme,38,High,4,Laboratory Technician,Very High,Single,23145,393465,0,0,33,Outstanding,Very High,2,30,1,Better,12,6,1,7,Adulte,Lille
59,No,Non-Travel,590,Human Resources,24,Doctor,Medical,High,Femme,193,Medium,3,Developer,Medium,Divorced,40298,362682,0,0,30,Good,Medium,2,6,6,Better,4,3,3,4,Senior,Marseille
44,Yes,Travel_Frequently,594,Software,45,Below College,Life Sciences,Very High,Femme,75,High,2,Developer,Very High,Single,11231,190927,5,1,31,Outstanding,Very High,1,3,2,Better,3,3,1,3,Adulte,Nantes
43,No,Non-Travel,1133,Support,32,Master,Medical,Very High,Femme,101,Low,3,Manufacturing Director,Medium,Divorced,1712,18832,4,0,38,Outstanding,Low,3,35,1,Good,31,25,22,10,Adulte,Grenoble
42,Yes,Travel_Frequently,709,Research & Development,23,College,Life Sciences,Very High,Femme,181,Medium,4,Developer,Very High,Single,13572,312156,2,1,35,Good,High,4,24,2,Good,21,8,16,15,Adulte,Paris
59,No,Travel_Rarely,350,Human Resources,22,College,Medical,Medium,Femme,39,Medium,2,Sales Executive,Low,Divorced,44619,624666,0,0,23,Bad,Medium,3,8,4,Best,5,2,5,2,Senior,Marseille
51,Yes,Non-Travel,1135,Research & Development,45,Bachelor,Technical Degree,Medium,Homme,61,Very High,2,Laboratory Technician,High,Single,12517,250340,3,1,14,Good,Very High,4,11,5,Better,5,2,4,1,Senior,Paris
34,Yes,Non-Travel,608,Research & Development,27,Master,Human Resources,High,Femme,51,Medium,4,Research Director,Low,Married,11377,318556,0,0,30,Excellent,Low,4,2,1,Best,1,1,1,1,Adulte,Paris
28,No,Travel_Rarely,621,Hardware,17,Below College,Technical Degree,High,Homme,86,Low,1,Sales Representative,High,Single,50540,657020,3,1,20,Good,High,2,29,1,Best,4,3,3,2,Jeune,Lille
27,Yes,Non-Travel,1449,Sales,31,Master,Other,Very High,Homme,186,Medium,5,Human Resources,Low,Divorced,29381,499477,8,1,10,Bad,Low,3,16,1,Bad,4,3,4,2,Jeune,Lyon
36,Yes,Non-Travel,1304,Human Resources,15,Doctor,Life Sciences,High,Homme,191,High,2,Sales Representative,High,Divorced,40074,961776,3,0,33,Outstanding,High,3,19,6,Bad,17,8,8,5,Adulte,Marseille
47,No,Non-Travel,621,Support,48,Bachelor,Marketing,Low,Homme,100,Very High,3,Developer,Very High,Married,25493,178451,5,0,30,Excellent,High,3,28,2,Best,24,11,8,1,Senior,Grenoble
21,No,Travel_Frequently,225,Software,10,Below College,Other,Low,Homme,163,High,3,Research Director,High,Single,30581,642201,2,0,45,Bad,Medium,1,10,5,Bad,10,6,6,4,Jeune,Nantes
60,No,Non-Travel,1496,Software,3,Doctor,Medical,Very High,Femme,104,High,3,Research Scientist,High,Single,29726,148630,0,0,26,Bad,Medium,3,20,6,Good,3,2,3,1,Senior,Nantes
22,Yes,Non-Travel,895,Sales,32,Master,Life Sciences,Medium,Femme,109,Low,5,Developer,Very High,Divorced,37527,863121,7,1,7,Good,Very High,4,25,3,Good,3,1,3,1,Jeune,Lyon
26,Yes,Travel_Frequently,1418,Human Resources,43,Doctor,Technical Degree,Very High,Homme,184,High,1,Research Director,Low,Single,16628,16628,0,1,4,Bad,High,1,28,2,Bad,4,4,2,1,Jeune,Marseille
50,Yes,Travel_Rarely,1094,Software,2,College,Life Sciences,High,Femme,93,Medium,1,Developer,Low,Divorced,50467,1009340,5,0,35,Bad,Very High,4,18,6,Best,17,5,13,7,Senior,Nantes
40,No,Travel_Frequently,351,Research & Development,11,Below College,Medical,High,Femme,69,High,2,Healthcare Representative,Medium,Single,45296,1313584,1,0,30,Good,Very High,2,6,6,Good,1,1,1,1,Adulte,Paris
50,Yes,Non-Travel,294,Hardware,15,Doctor,Marketing,Medium,Femme,180,Low,3,Developer,Medium,Divorced,49915,449235,2,0,24,Excellent,Medium,1,20,2,Best,19,18,12,17,Senior,Lille
23,Yes,Travel_Rarely,890,Sales,3,Bachelor,Human Resources,High,Homme,48,Very High,2,Research Director,Very High,Divorced,21461,236071,7,1,10,Outstanding,Medium,3,22,4,Better,7,5,1,4,Jeune,Lyon
27,Yes,Travel_Frequently,386,Hardware,24,Below College,Life Sciences,Very High,Homme,159,Low,4,Human Resources,Very High,Married,25187,302244,4,0,43,Bad,Very High,2,16,5,Better,16,7,4,4,Jeune,Lille
43,No,Non-Travel,453,Software,7,Master,Other,Medium,Homme,37,Low,4,Developer,Low,Married,17580,105480,4,1,18,Outstanding,Very High,2,38,6,Better,33,22,8,20,Adulte,Nantes
32,No,Travel_Rarely,370,Research & Development,36,Bachelor,Marketing,Low,Homme,98,High,3,Sales Executive,High,Single,47916,814572,6,1,45,Bad,Low,2,26,3,Good,20,5,15,8,Adulte,Paris
32,Yes,Non-Travel,676,Research & Development,24,Below College,Human Resources,High,Homme,110,High,3,Research Director,Very High,Divorced,49376,1283776,5,0,46,Good,High,1,6,5,Bad,2,1,2,1,Adulte,Paris
34,No,Travel_Frequently,1426,Software,38,Below College,Technical Degree,High,Femme,40,Very High,1,Sales Representative,Very High,Divorced,18410,552300,6,1,13,Excellent,High,4,11,1,Better,2,1,1,1,Adulte,Nantes
29,Yes,Non-Travel,493,Hardware,41,Below College,Human Resources,High,Homme,97,Low,4,Laboratory Technician,Medium,Single,19756,79024,2,1,7,Outstanding,Very High,3,35,4,Better,1,1,1,1,Jeune,Lille
37,Yes,Non-Travel,1314,Software,50,Bachelor,Other,Medium,Femme,103,Medium,5,Manager,Low,Divorced,14557,29114,4,0,32,Good,Medium,3,27,3,Good,16,13,1,9,Adulte,Nantes
50,Yes,Travel_Rarely,1418,Software,31,Master,Medical,Medium,Femme,143,Very High,1,Research Scientist,High,Single,3556,53340,7,0,6,Excellent,Low,3,27,4,Better,21,19,12,15,Senior,Nantes
56,No,Travel_Frequently,809,Sales,43,College,Other,Medium,Femme,51,High,5,Manager,Low,Single,35453,106359,7,0,14,Bad,Very High,3,20,3,Better,6,6,3,4,Senior,Lyon
20,Yes,Travel_Rarely,646,Hardware,36,Below College,Other,Very High,Homme,122,Very High,2,Research Director,Very High,Married,9036,9036,4,1,17,Bad,Very High,3,27,4,Better,18,12,11,15,Jeune,Lille
35,No,Non-Travel,431,Research & Development,36,Doctor,Human Resources,Medium,Homme,190,High,5,Human Resources,High,Married,44441,711056,0,0,37,Outstanding,Very High,3,26,3,Good,9,7,8,6,Adulte,Paris
60,Yes,Travel_Frequently,1158,Hardware,12,Bachelor,Human Resources,Medium,Femme,50,Very High,4,Manager,Very High,Divorced,14577,291540,6,0,6,Good,Low,3,29,2,Bad,13,6,11,12,Senior,Lille
30,Yes,Travel_Rarely,1073,Sales,49,Bachelor,Life Sciences,Low,Femme,199,High,2,Research Scientist,Very High,Divorced,28757,431355,3,1,29,Excellent,Medium,1,24,1,Bad,12,11,1,10,Jeune,Lyon
19,Yes,Non-Travel,1150,Sales,37,Below College,Technical Degree,Low,Femme,138,Very High,4,Manager,Very High,Married,41508,290556,2,0,30,Excellent,Low,3,29,1,Best,3,1,3,3,Jeune,Lyon
33,No,Travel_Rarely,1483,Software,45,College,Medical,Medium,Femme,37,Very High,4,Sales Executive,High,Married,5460,54600,0,0,46,Bad,Medium,2,38,5,Good,23,3,11,18,Adulte,Nantes
33,No,Travel_Frequently,1095,Sales,24,Bachelor,Marketing,Very High,Homme,177,Medium,1,Research Scientist,Very High,Single,36501,255507,0,1,12,Outstanding,Very High,4,33,4,Bad,27,8,9,1,Adulte,Lyon
33,No,Travel_Rarely,1311,Research & Development,7,Bachelor,Medical,Medium,Femme,138,Low,1,Developer,High,Divorced,15847,31694,0,1,17,Excellent,Very High,4,32,2,Good,11,9,1,2,Adulte,Paris
42,Yes,Travel_Rarely,1232,Support,16,College,Marketing,Very High,Femme,51,Low,5,Laboratory Technician,Low,Divorced,49480,692720,2,0,0,Good,Medium,2,6,6,Better,6,4,1,4,Adulte,Grenoble
57,No,Travel_Frequently,572,Software,19,Doctor,Technical Degree,Very High,Homme,180,Medium,1,Manager,Medium,Single,13017,377493,4,0,43,Bad,High,2,5,1,Bad,2,1,2,1,Senior,Nantes
18,Yes,Non-Travel,491,Software,46,College,Marketing,High,Homme,119,Low,2,Manager,Medium,Married,5469,43752,1,1,39,Outstanding,Very High,3,1,4,Better,1,1,1,1,Jeune,Nantes
48,Yes,Non-Travel,737,Sales,10,Bachelor,Marketing,Medium,Homme,193,Medium,5,Healthcare Representative,Medium,Single,9805,284345,4,0,25,Good,Very High,3,16,2,Better,16,12,16,6,Senior,Lyon
18,Yes,Non-Travel,1185,Software,36,College,Other,Low,Femme,108,High,3,Sales Executive,High,Married,31326,469890,8,1,33,Bad,High,3,40,2,Better,12,4,12,10,Jeune,Nantes
51,No,Travel_Frequently,392,Software,17,Below College,Marketing,Medium,Femme,154,High,5,Healthcare Representative,High,Single,16741,468748,6,1,38,Outstanding,High,4,10,6,Good,7,4,2,1,Senior,Nantes
31,Yes,Non-Travel,319,Hardware,11,Bachelor,Technical Degree,Very High,Femme,140,Very High,5,Manufacturing Director,Medium,Divorced,10797,194346,8,1,8,Outstanding,Very High,4,34,5,Better,12,6,12,4,Adulte,Lille
46,No,Travel_Frequently,1204,Sales,46,Master,Marketing,High,Femme,30,Medium,2,Manufacturing Director,Low,Divorced,12241,12241,3,1,20,Excellent,Medium,4,36,2,Better,21,8,20,2,Senior,Lyon
49,Yes,Non-Travel,600,Research & Development,33,Bachelor,Human Resources,Low,Femme,199,Medium,5,Healthcare Representative,Low,Single,3828,7656,3,0,25,Good,Very High,3,33,2,Best,9,3,1,9,Senior,Paris
49,Yes,Non-Travel,1009,Software,5,Below College,Medical,Medium,Femme,89,Low,3,Manufacturing Director,Medium,Married,49711,994220,1,0,46,Outstanding,Medium,1,13,4,Best,12,10,10,3,Senior,Nantes
43,No,Travel_Rarely,269,Support,37,College,Human Resources,Very High,Homme,70,High,4,Developer,Medium,Divorced,28570,742820,8,1,21,Excellent,High,3,17,6,Best,13,2,4,3,Adulte,Grenoble
35,No,Travel_Rarely,266,Research & Development,24,College,Technical Degree,Medium,Homme,109,High,2,Sales Representative,Very High,Single,18756,262584,3,1,34,Good,Low,3,31,6,Bad,30,17,12,22,Adulte,Paris
40,Yes,Travel_Rarely,1143,Sales,11,Doctor,Technical Degree,Medium,Homme,54,Medium,5,Developer,Medium,Married,17019,408456,3,1,17,Excellent,High,1,22,5,Best,18,11,16,17,Adulte,Lyon
58,Yes,Travel_Rarely,807,Human Resources,6,Master,Technical Degree,Very High,Femme,131,Low,3,Manager,High,Divorced,40172,1124816,2,1,42,Bad,Very High,3,40,4,Best,19,3,12,16,Senior,Marseille
59,No,Travel_Frequently,299,Sales,29,Doctor,Marketing,High,Femme,127,Low,2,Manager,Low,Divorced,17730,354600,7,0,39,Outstanding,Medium,3,1,4,Better,1,1,1,1,Senior,Lyon
28,No,Non-Travel,1399,Support,2,Doctor,Marketing,High,Femme,97,Low,2,Research Director,Very High,Single,36917,812174,1,0,17,Excellent,High,2,8,4,Bad,7,6,7,1,Jeune,Grenoble
18,Yes,Travel_Frequently,1279,Support,47,Bachelor,Technical Degree,Very High,Femme,175,Very High,2,Manager,High,Single,31529,725167,5,1,7,Excellent,Low,3,19,4,Bad,13,4,3,11,Jeune,Grenoble
33,Yes,Non-Travel,578,Research & Development,20,Bachelor,Technical Degree,High,Femme,78,Medium,2,Laboratory Technician,Very High,Single,35750,250250,7,0,23,Good,Very High,2,26,1,Good,2,1,1,1,Adulte,Paris
45,Yes,Travel_Rarely,1142,Research & Development,43,College,Technical Degree,Very High,Homme,67,Medium,3,Healthcare Representative,High,Divorced,28679,172074,2,0,31,Bad,High,4,22,1,Good,19,2,9,11,Adulte,Paris
30,Yes,Non-Travel,757,Support,42,Master,Technical Degree,Low,Femme,66,Low,5,Laboratory Technician,High,Divorced,16719,417975,1,1,6,Bad,Very High,3,13,6,Better,5,2,2,3,Jeune,Grenoble
41,No,Non-Travel,1155,Support,5,Master,Human Resources,Medium,Femme,67,Very High,2,Manufacturing Director,Very High,Divorced,8426,252780,1,1,29,Outstanding,High,1,20,6,Better,13,8,10,2,Adulte,Grenoble
40,Yes,Travel_Frequently,962,Sales,45,Below College,Marketing,High,Homme,82,Very High,4,Research Director,High,Married,40180,1044680,8,0,28,Excellent,Very High,4,20,6,Good,14,10,10,7,Adulte,Lyon
25,Yes,Non-Travel,952,Human Resources,3,Master,Medical,Low,Femme,91,High,5,Laboratory Technician,Low,Married,24365,657855,7,0,35,Bad,High,4,27,4,Best,26,5,6,6,Jeune,Marseille
31,Yes,Travel_Frequently,901,Hardware,7,Bachelor,Human Resources,Medium,Femme,187,Medium,1,Sales Representative,Low,Divorced,43560,653400,0,0,6,Good,Low,2,19,4,Good,11,8,11,8,Adulte,Lille
29,Yes,Travel_Frequently,826,Hardware,24,Below College,Marketing,Very High,Homme,106,High,2,Research Scientist,Low,Single,11563,127193,1,1,44,Outstanding,High,2,32,4,Bad,7,5,3,6,Jeune,Lille
40,Yes,Travel_Frequently,238,Hardware,22,Master,Other,Low,Femme,195,High,1,Sales Executive,Very High,Married,12516,262836,6,1,27,Outstanding,Very High,3,8,4,Best,6,2,4,4,Adulte,Lille
32,No,Non-Travel,717,Research & Development,46,College,Marketing,Very High,Femme,84,Medium,2,Human Resources,High,Divorced,13879,152669,5,0,24,Bad,High,4,32,2,Bad,19,12,3,4,Adulte,Paris
53,No,Non-Travel,1053,Sales,42,College,Technical Degree,Medium,Homme,133,Very High,2,Sales Representative,Low,Divorced,43707,174828,8,0,32,Good,High,2,32,1,Best,4,2,3,4,Senior,Lyon
28,Yes,Travel_Frequently,235,Research & Development,2,College,Human Resources,Low,Homme,199,Medium,3,Healthcare Representative,High,Single,22417,425923,3,1,37,Excellent,High,2,20,1,Best,3,3,2,2,Jeune,Paris
26,No,Non-Travel,865,Sales,35,College,Marketing,High,Femme,136,Very High,5,Research Scientist,High,Divorced,28853,519354,2,1,23,Excellent,High,4,22,2,Best,2,1,2,1,Jeune,Lyon
54,No,Travel_Rarely,203,Human Resources,16,Master,Medical,Low,Femme,92,High,5,Manufacturing Director,Very High,Married,48548,1019508,0,1,44,Excellent,High,3,26,6,Good,13,4,5,2,Senior,Marseille
36,No,Non-Travel,315,Sales,3,College,Medical,Medium,Femme,55,Low,4,Sales Executive,Medium,Single,2265,38505,4,0,15,Good,Low,2,10,5,Better,9,6,6,5,Adulte,Lyon
27,No,Travel_Rarely,939,Sales,9,Master,Technical Degree,Medium,Femme,32,Very High,2,Research Scientist,High,Married,17439,470853,3,0,39,Good,Very High,4,34,2,Best,21,1,9,1,Jeune,Lyon
46,No,Travel_Rarely,971,Human Resources,26,Master,Medical,Low,Homme,116,High,4,Sales Representative,Low,Divorced,6546,183288,7,0,8,Outstanding,Medium,3,14,5,Better,4,2,4,2,Senior,Marseille
47,No,Non-Travel,1265,Software,27,Bachelor,Technical Degree,Medium,Femme,161,Medium,1,Research Scientist,Low,Divorced,30530,915900,2,0,6,Bad,Very High,3,33,6,Better,11,2,7,9,Senior,Nantes
39,No,Travel_Rarely,1242,Support,3,Doctor,Life Sciences,Very High,Femme,72,Very High,1,Research Scientist,Very High,Married,43643,392787,4,0,20,Good,Very High,3,21,3,Bad,18,7,3,9,Adulte,Grenoble
31,No,Travel_Rarely,1185,Research & Development,1,Bachelor,Marketing,Very High,Homme,34,Medium,5,Manager,Medium,Single,7893,47358,8,1,0,Excellent,High,2,17,2,Good,7,4,6,4,Adulte,Paris
20,Yes,Travel_Frequently,194,Software,24,Below College,Medical,High,Femme,178,Very High,2,Laboratory Technician,Medium,Divorced,40930,573020,2,0,42,Bad,Very High,1,35,5,Bad,5,1,1,5,Jeune,Nantes
34,Yes,Travel_Rarely,290,Software,36,Doctor,Marketing,High,Femme,43,Medium,3,Developer,Low,Married,33907,983303,4,1,49,Excellent,High,1,32,1,Best,19,19,12,9,Adulte,Nantes
60,Yes,Travel_Frequently,1143,Support,23,College,Human Resources,High,Femme,134,Medium,1,Manufacturing Director,High,Single,24529,588696,5,1,26,Excellent,Medium,1,19,2,Better,13,8,10,4,Senior,Grenoble
20,No,Travel_Frequently,1145,Support,1,Below College,Human Resources,Very High,Homme,171,Very High,4,Sales Executive,Medium,Divorced,42200,422000,7,0,30,Good,Very High,2,26,2,Bad,13,10,8,3,Jeune,Grenoble
37,No,Travel_Frequently,278,Human Resources,31,Doctor,Life Sciences,Low,Homme,86,Very High,3,Research Director,High,Divorced,4535,36280,6,1,37,Good,Very High,1,5,5,Good,5,2,3,2,Adulte,Marseille
54,Yes,Travel_Rarely,613,Hardware,35,Master,Marketing,Medium,Homme,148,Medium,5,Manager,High,Single,38278,76556,0,1,7,Bad,High,3,2,3,Bad,1,1,1,1,Senior,Lille
38,Yes,Travel_Rarely,560,Hardware,31,Master,Other,High,Homme,109,Low,1,Sales Representative,Low,Single,39352,472224,1,1,19,Outstanding,Medium,1,33,1,Good,10,8,10,1,Adulte,Lille
48,Yes,Non-Travel,1487,Sales,43,Master,Other,Very High,Homme,142,High,2,Developer,Medium,Married,20786,582008,7,1,0,Bad,Very High,1,29,4,Good,23,19,18,17,Senior,Lyon
24,Yes,Non-Travel,403,Human Resources,28,Doctor,Human Resources,Medium,Femme,109,Very High,4,Manager,Low,Single,8809,26427,7,1,9,Bad,High,2,28,3,Better,18,3,2,4,Jeune,Marseille
26,Yes,Travel_Rarely,1459,Hardware,43,College,Marketing,Medium,Homme,138,Very High,2,Developer,Low,Single,24852,422484,1,0,46,Bad,Low,3,20,6,Bad,15,4,14,10,Jeune,Lille
47,Yes,Non-Travel,880,Software,14,Doctor,Marketing,High,Homme,77,High,4,Research Director,Very High,Divorced,38258,1109482,5,0,48,Outstanding,Medium,2,35,1,Best,3,1,1,2,Senior,Nantes
52,No,Non-Travel,907,Software,26,College,Human Resources,Low,Femme,142,Very High,2,Research Scientist,High,Single,23420,632340,2,1,9,Outstanding,Medium,2,21,1,Best,4,3,1,1,Senior,Nantes
26,No,Travel_Frequently,1287,Human Resources,39,Bachelor,Human Resources,High,Femme,149,High,2,Research Director,Medium,Divorced,28334,765018,2,1,36,Outstanding,High,2,29,5,Bad,12,6,5,9,Jeune,Marseille
55,Yes,Travel_Frequently,1250,Research & Development,22,College,Human Resources,Low,Homme,134,Medium,5,Manager,Very High,Single,35045,175225,3,0,9,Outstanding,High,2,7,1,Better,2,1,2,1,Senior,Paris
57,Yes,Non-Travel,893,Hardware,29,Master,Other,Medium,Homme,160,High,4,Research Director,High,Divorced,7570,75700,6,1,44,Bad,Very High,2,27,6,Good,21,3,3,9,Senior,Lille
57,Yes,Non-Travel,1008,Research & Development,35,Bachelor,Other,High,Femme,113,Medium,1,Laboratory Technician,Low,Divorced,49061,1471830,8,0,11,Excellent,Medium,3,40,5,Best,23,16,22,5,Senior,Paris
18,No,Travel_Frequently,1215,Research & Development,8,Master,Human Resources,Low,Homme,97,Very High,4,Human Resources,Very High,Married,37544,713336,7,0,34,Good,Very High,4,6,2,Good,1,1,1,1,Jeune,Paris
27,Yes,Non-Travel,1262,Hardware,50,Bachelor,Medical,Low,Homme,82,Very High,3,Healthcare Representative,Low,Single,41572,914584,5,1,22,Bad,Medium,1,5,4,Better,1,1,1,1,Jeune,Lille
21,No,Non-Travel,720,Software,8,Bachelor,Technical Degree,Very High,Homme,43,Medium,1,Sales Representative,Very High,Single,12763,178682,6,0,47,Outstanding,High,1,19,6,Best,4,1,2,2,Jeune,Nantes
54,Yes,Non-Travel,324,Sales,18,Master,Medical,Medium,Homme,81,Low,2,Manager,Medium,Married,18203,364060,1,0,3,Excellent,High,4,29,3,Good,25,5,12,18,Senior,Lyon
37,Yes,Travel_Rarely,841,Hardware,39,Below College,Medical,Low,Femme,65,Medium,3,Laboratory Technician,High,Single,9949,109439,2,0,45,Good,High,1,5,1,Best,4,3,4,3,Adulte,Lille
60,No,Travel_Frequently,1222,Research & Development,9,Bachelor,Life Sciences,Medium,Homme,189,Very High,1,Manager,Low,Single,32040,160200,4,0,20,Bad,High,4,26,6,Best,10,8,5,2,Senior,Paris
44,No,Travel_Frequently,469,Human Resources,29,Doctor,Human Resources,High,Femme,91,Very High,1,Research Scientist,Low,Married,3934,35406,0,1,2,Good,High,3,5,1,Bad,4,3,3,1,Adulte,Marseille
47,No,Travel_Frequently,1303,Research & Development,28,College,Technical Degree,Medium,Homme,179,Very High,4,Human Resources,Very High,Single,37713,226278,2,1,29,Outstanding,Very High,1,23,2,Best,5,1,5,5,Senior,Paris
20,No,Travel_Frequently,1322,Human Resources,46,Below College,Life Sciences,High,Homme,153,High,2,Human Resources,Very High,Married,29845,417830,8,0,36,Good,Very High,3,33,1,Good,9,2,9,6,Jeune,Marseille
35,Yes,Travel_Frequently,865,Hardware,32,Bachelor,Human Resources,High,Femme,32,Very High,2,Research Scientist,Very High,Divorced,5041,115943,5,0,26,Excellent,Very High,1,25,5,Bad,7,6,4,7,Adulte,Lille
18,No,Non-Travel,656,Research & Development,3,Below College,Marketing,High,Homme,97,Low,4,Research Scientist,Low,Divorced,33763,641497,4,1,14,Bad,Medium,3,7,2,Bad,4,2,3,2,Jeune,Paris
40,No,Travel_Frequently,828,Sales,35,College,Marketing,High,Homme,41,Low,4,Healthcare Representative,Low,Divorced,28184,28184,5,0,43,Excellent,Very High,4,36,6,Bad,17,10,5,12,Adulte,Lyon
38,No,Non-Travel,1410,Research & Development,22,College,Medical,Low,Femme,76,Medium,2,Sales Representative,High,Married,16543,82715,6,0,6,Outstanding,High,2,17,1,Best,2,2,1,2,Adulte,Paris
27,No,Travel_Rarely,435,Research & Development,17,Bachelor,Other,Very High,Femme,107,High,1,Sales Representative,High,Single,28748,488716,1,0,49,Bad,Very High,2,9,4,Good,7,5,3,1,Jeune,Paris
34,Yes,Non-Travel,166,Research & Development,14,Bachelor,Human Resources,Very High,Homme,145,Medium,1,Human Resources,Medium,Divorced,37991,227946,8,0,16,Excellent,High,4,32,3,Best,6,3,5,5,Adulte,Paris
29,No,Travel_Frequently,706,Support,36,Bachelor,Life Sciences,Very High,Homme,108,High,3,Healthcare Representative,Low,Married,13768,165216,6,1,41,Outstanding,Medium,1,31,4,Bad,1,1,1,1,Jeune,Grenoble
28,No,Travel_Rarely,493,Support,15,Below College,Human Resources,Very High,Homme,45,Low,5,Research Director,Medium,Divorced,11078,166170,4,1,19,Good,High,4,12,3,Better,7,6,6,6,Jeune,Grenoble
27,No,Non-Travel,140,Hardware,48,College,Marketing,Very High,Homme,169,Medium,3,Laboratory Technician,Low,Divorced,12009,108081,5,1,43,Good,Very High,4,35,3,Best,28,9,21,22,Jeune,Lille
28,No,Non-Travel,174,Support,34,Doctor,Technical Degree,High,Homme,127,High,2,Human Resources,Low,Single,28381,255429,7,1,48,Outstanding,Very High,4,8,6,Better,1,1,1,1,Jeune,Grenoble
42,Yes,Travel_Rarely,285,Support,42,Master,Marketing,High,Femme,78,Medium,2,Healthcare Representative,Low,Divorced,24530,171710,5,0,45,Outstanding,Medium,4,23,2,Best,19,11,10,15,Adulte,Grenoble
49,No,Travel_Rarely,584,Sales,15,Below College,Marketing,Low,Femme,138,Low,5,Sales Executive,Very High,Divorced,25436,127180,5,0,32,Outstanding,High,2,20,4,Best,15,15,10,9,Senior,Lyon
54,Yes,Travel_Rarely,1356,Hardware,37,College,Other,Very High,Homme,177,Medium,1,Sales Representative,High,Divorced,37939,151756,6,0,29,Outstanding,High,4,15,6,Bad,15,5,4,6,Senior,Lille
46,No,Travel_Frequently,1408,Support,40,Doctor,Marketing,Low,Homme,173,Low,4,Research Scientist,Very High,Single,48193,385544,3,0,2,Excellent,Very High,2,14,2,Good,5,4,1,3,Senior,Grenoble
25,Yes,Travel_Frequently,640,Support,16,Bachelor,Technical Degree,Medium,Homme,136,Very High,3,Sales Representative,High,Divorced,11284,33852,3,0,8,Excellent,Medium,2,28,2,Bad,17,5,11,9,Jeune,Grenoble
35,No,Travel_Rarely,266,Sales,10,Master,Medical,Low,Homme,68,Medium,1,Healthcare Representative,Low,Married,4266,115182,6,1,49,Outstanding,Very High,4,22,1,Good,14,6,6,10,Adulte,Lyon
24,Yes,Travel_Frequently,1173,Hardware,17,College,Technical Degree,Low,Homme,97,Very High,1,Laboratory Technician,High,Married,10013,10013,0,1,25,Good,Low,1,13,3,Good,12,1,3,4,Jeune,Lille
49,No,Travel_Rarely,361,Support,50,Bachelor,Technical Degree,High,Homme,94,High,3,Research Director,Medium,Single,40148,521924,5,0,24,Excellent,High,1,24,5,Bad,21,5,17,10,Senior,Grenoble
40,Yes,Travel_Rarely,696,Software,33,Master,Other,High,Femme,165,Low,4,Healthcare Representative,High,Married,22941,573525,7,0,29,Bad,Low,1,28,3,Good,11,5,1,10,Adulte,Nantes
32,Yes,Travel_Rarely,176,Software,50,College,Technical Degree,Low,Femme,179,Low,3,Sales Representative,Low,Married,49103,147309,2,1,32,Excellent,High,1,15,6,Better,7,1,1,1,Adulte,Nantes
58,No,Travel_Frequently,1309,Hardware,10,Doctor,Other,Medium,Femme,71,Low,4,Human Resources,Medium,Divorced,10662,74634,3,1,46,Bad,Very High,3,33,1,Bad,3,2,3,1,Senior,Lille
60,No,Travel_Rarely,1265,Sales,17,Doctor,Medical,Very High,Femme,60,High,5,Manager,Low,Divorced,26899,322788,7,0,39,Outstanding,High,2,2,2,Good,2,2,1,1,Senior,Lyon
38,Yes,Non-Travel,710,Research & Development,42,Below College,Human Resources,Medium,Homme,36,Medium,1,Laboratory Technician,Low,Single,46349,1158725,3,1,32,Good,High,3,20,5,Good,7,7,2,7,Adulte,Paris
55,No,Travel_Frequently,453,Software,21,Master,Marketing,Low,Femme,102,Medium,5,Manufacturing Director,Very High,Single,5087,66131,7,1,25,Good,High,4,23,4,Better,1,1,1,1,Senior,Nantes
26,No,Travel_Rarely,553,Research & Development,45,Master,Marketing,Medium,Femme,132,Low,4,Sales Executive,High,Married,22367,22367,3,1,10,Excellent,Medium,1,17,2,Better,4,2,4,4,Jeune,Paris
34,No,Travel_Frequently,397,Human Resources,38,College,Medical,Low,Homme,127,High,3,Healthcare Representative,Medium,Married,4000,44000,8,0,22,Good,Low,1,29,4,Best,5,3,2,2,Adulte,Marseille
35,No,Travel_Frequently,497,Human Resources,3,Below College,Medical,Very High,Homme,106,Very High,3,Research Director,High,Married,8644,51864,6,0,0,Excellent,Low,3,2,2,Better,2,1,1,2,Adulte,Marseille
47,Yes,Non-Travel,1321,Sales,41,Bachelor,Marketing,Very High,Femme,181,Low,3,Manager,Low,Married,10177,40708,6,1,40,Excellent,High,1,33,3,Good,31,7,19,29,Senior,Lyon
52,No,Non-Travel,177,Software,49,College,Technical Degree,Low,Homme,125,Medium,4,Research Director,High,Single,11249,202482,6,1,11,Outstanding,Low,3,6,1,Good,4,2,4,3,Senior,Nantes
34,Yes,Travel_Frequently,154,Human Resources,28,Doctor,Technical Degree,High,Femme,153,Medium,5,Human Resources,Medium,Single,45373,1134325,3,1,0,Excellent,Low,3,11,6,Bad,8,4,4,4,Adulte,Marseille
37,Yes,Travel_Rarely,807,Support,27,Below College,Life Sciences,Low,Femme,52,Medium,4,Research Scientist,Low,Married,42085,841700,5,1,35,Good,Medium,2,40,4,Good,36,14,10,15,Adulte,Grenoble
58,No,Travel_Frequently,1235,Sales,7,College,Life Sciences,Medium,Homme,41,Very High,2,Human Resources,High,Married,6875,206250,6,0,7,Outstanding,Medium,3,30,1,Best,11,2,10,4,Senior,Lyon
33,Yes,Travel_Rarely,1284,Hardware,46,Doctor,Marketing,Low,Femme,185,Medium,4,Laboratory Technician,Medium,Married,23167,254837,6,1,0,Good,Medium,2,5,3,Best,2,1,1,2,Adulte,Lille
32,No,Non-Travel,1062,Human Resources,48,Bachelor,Marketing,Very High,Femme,88,Medium,2,Research Scientist,High,Divorced,21280,361760,1,0,1,Bad,Very High,3,32,5,Better,29,2,7,8,Adulte,Marseille
21,Yes,Non-Travel,856,Sales,30,Doctor,Other,Very High,Homme,136,Low,2,Research Director,Very High,Single,11402,22804,4,0,18,Outstanding,Very High,3,34,6,Best,20,3,19,16,Jeune,Lyon
53,Yes,Travel_Frequently,972,Research & Development,11,Bachelor,Technical Degree,Very High,Femme,99,High,3,Manager,Medium,Married,16444,131552,2,1,37,Bad,Low,2,32,5,Good,15,2,1,10,Senior,Paris
39,No,Travel_Frequently,1108,Support,15,Below College,Marketing,High,Femme,60,Low,1,Human Resources,Low,Single,42311,634665,2,0,34,Excellent,Low,4,4,1,Good,1,1,1,1,Adulte,Grenoble
20,No,Travel_Rarely,1142,Hardware,8,Bachelor,Marketing,Low,Homme,150,Low,1,Research Scientist,High,Single,28787,518166,2,0,25,Bad,Low,1,37,6,Bad,14,10,10,4,Jeune,Lille
58,Yes,Travel_Rarely,403,Hardware,4,Below College,Human Resources,High,Homme,130,Very High,1,Sales Executive,Very High,Divorced,3641,91025,0,1,36,Bad,Medium,2,7,2,Bad,6,3,2,2,Senior,Lille
30,No,Non-Travel,1067,Software,19,Doctor,Medical,High,Homme,48,Low,1,Healthcare Representative,Low,Married,25624,76872,1,1,42,Bad,Medium,2,19,1,Bad,19,19,8,2,Jeune,Nantes
25,Yes,Travel_Rarely,875,Software,19,Bachelor,Marketing,High,Femme,190,Medium,3,Research Director,Very High,Married,12292,196672,0,0,34,Excellent,Very High,1,17,3,Best,5,3,5,4,Jeune,Nantes
45,Yes,Travel_Frequently,1230,Software,20,Bachelor,Marketing,Medium,Femme,173,Low,1,Manufacturing Director,Medium,Married,34737,972636,0,0,24,Bad,Medium,4,12,6,Bad,10,5,3,1,Adulte,Nantes
53,No,Travel_Frequently,779,Sales,43,Master,Medical,High,Femme,151,High,2,Manager,Medium,Married,30505,884645,1,1,25,Outstanding,Low,1,8,3,Better,3,3,1,3,Senior,Lyon
19,No,Non-Travel,1009,Support,12,Below College,Life Sciences,Low,Femme,113,Very High,3,Manager,Low,Single,35851,1003828,1,0,26,Outstanding,High,2,37,2,Better,7,6,2,2,Jeune,Grenoble
35,No,Travel_Frequently,1402,Human Resources,40,Doctor,Marketing,Medium,Femme,89,Medium,3,Sales Executive,Very High,Single,19742,296130,6,1,5,Excellent,High,4,10,6,Good,2,1,1,1,Adulte,Marseille
48,Yes,Travel_Rarely,838,Software,19,College,Life Sciences,Very High,Femme,40,High,3,Sales Representative,Low,Divorced,31216,874048,3,1,43,Bad,Medium,4,1,6,Best,1,1,1,1,Senior,Nantes
18,No,Travel_Rarely,659,Sales,44,College,Medical,Very High,Homme,180,Medium,4,Laboratory Technician,High,Married,43200,86400,8,0,21,Outstanding,Low,3,25,2,Good,20,8,4,18,Jeune,Lyon
45,No,Non-Travel,175,Support,32,College,Marketing,Low,Femme,129,Medium,4,Human Resources,High,Single,24979,349706,6,0,34,Bad,Very High,2,22,4,Best,14,8,14,2,Adulte,Grenoble
26,Yes,Travel_Rarely,448,Hardware,26,Master,Technical Degree,Low,Femme,191,High,3,Developer,Very High,Single,40401,40401,5,0,17,Bad,Very High,4,34,2,Best,34,20,27,25,Jeune,Lille
44,Yes,Non-Travel,1375,Support,4,Bachelor,Medical,Very High,Femme,143,Medium,2,Healthcare Representative,Very High,Divorced,3526,45838,0,1,31,Outstanding,Very High,2,26,4,Good,25,21,4,1,Adulte,Grenoble
52,No,Travel_Rarely,602,Hardware,1,Master,Marketing,Medium,Femme,133,High,4,Laboratory Technician,Medium,Single,9778,224894,5,0,22,Excellent,High,2,24,5,Bad,10,7,5,2,Senior,Lille
28,No,Travel_Frequently,530,Sales,5,Master,Medical,Low,Homme,32,High,1,Research Scientist,Medium,Married,21496,300944,1,0,9,Outstanding,High,4,3,2,Bad,3,2,2,2,Jeune,Lyon
45,No,Travel_Rarely,222,Hardware,5,College,Medical,High,Femme,150,Medium,4,Manager,Medium,Married,47717,1240642,8,0,10,Bad,High,2,16,5,Good,6,4,5,3,Adulte,Lille
25,Yes,Travel_Frequently,1303,Hardware,22,College,Medical,Medium,Homme,189,Very High,4,Sales Executive,High,Married,10646,266150,1,1,2,Outstanding,Very High,2,6,4,Good,6,1,4,2,Jeune,Lille
31,No,Non-Travel,918,Human Resources,36,Master,Marketing,Very High,Femme,152,Medium,4,Manager,High,Divorced,4978,34846,2,0,21,Bad,Very High,2,3,6,Good,2,2,1,1,Adulte,Marseille
22,No,Travel_Rarely,1259,Research & Development,13,College,Human Resources,Low,Femme,48,Low,2,Developer,Low,Divorced,41244,494928,6,0,23,Bad,Low,3,30,5,Bad,18,3,18,18,Jeune,Paris
37,Yes,Travel_Frequently,1233,Sales,11,Master,Human Resources,Very High,Homme,86,Medium,2,Manager,Very High,Divorced,33935,712635,1,1,40,Excellent,Very High,3,34,5,Better,28,16,25,17,Adulte,Lyon
37,No,Travel_Frequently,1464,Human Resources,40,Doctor,Medical,High,Homme,92,Low,1,Research Director,High,Divorced,28208,451328,4,1,19,Bad,High,3,19,2,Good,6,6,2,1,Adulte,Marseille
40,No,Travel_Frequently,1300,Software,17,Below College,Technical Degree,Medium,Homme,70,Very High,5,Healthcare Representative,High,Divorced,12574,62870,1,1,40,Bad,High,1,15,3,Better,9,3,6,6,Adulte,Nantes
46,No,Non-Travel,759,Sales,34,Master,Medical,Medium,Homme,66,Low,5,Developer,High,Divorced,36638,586208,3,1,9,Excellent,Medium,3,33,1,Better,1,1,1,1,Senior,Lyon
42,Yes,Non-Travel,691,Sales,15,Doctor,Technical Degree,High,Homme,165,High,1,Laboratory Technician,Low,Single,43692,87384,0,0,13,Bad,Medium,3,5,1,Better,5,2,2,4,Adulte,Lyon
54,No,Travel_Frequently,939,Research & Development,5,Bachelor,Life Sciences,Very High,Femme,58,Very High,1,Research Scientist,Low,Divorced,3964,71352,1,1,38,Bad,Low,1,38,2,Better,19,14,16,15,Senior,Paris
45,No,Travel_Frequently,805,Support,10,Below College,Human Resources,Low,Homme,131,Medium,5,Manufacturing Director,Very High,Married,40218,925014,2,0,37,Excellent,Medium,1,37,5,Better,27,27,7,25,Adulte,Grenoble
51,Yes,Non-Travel,385,Software,48,Doctor,Human Resources,Medium,Homme,92,High,3,Sales Representative,Medium,Married,8381,83810,4,1,12,Excellent,Very High,3,13,4,Better,7,5,6,6,Senior,Nantes
20,Yes,Travel_Rarely,1068,Research & Development,30,College,Medical,Low,Homme,53,Medium,2,Sales Executive,Medium,Divorced,20114,301710,4,0,8,Bad,Medium,4,20,5,Best,1,1,1,1,Jeune,Paris
44,No,Non-Travel,264,Hardware,33,Master,Life Sciences,Low,Homme,194,High,2,Research Director,High,Single,25752,566544,3,1,12,Excellent,Low,3,12,5,Bad,2,1,2,2,Adulte,Lille
38,No,Non-Travel,979,Sales,31,Bachelor,Marketing,Low,Homme,35,Low,5,Developer,Low,Married,46780,280680,2,0,18,Outstanding,Very High,2,14,5,Bad,14,9,10,6,Adulte,Lyon
25,Yes,Non-Travel,137,Human Resources,47,College,Life Sciences,High,Homme,49,Low,2,Manager,Low,Married,29688,712512,6,0,48,Outstanding,High,3,37,2,Best,37,33,22,11,Jeune,Marseille
32,Yes,Travel_Frequently,790,Support,19,Master,Marketing,Medium,Femme,120,Very High,2,Developer,High,Married,13405,80430,1,0,30,Outstanding,High,3,12,6,Best,3,3,2,1,Adulte,Grenoble
27,No,Travel_Rarely,800,Sales,5,Bachelor,Human Resources,Low,Femme,167,Very High,1,Research Scientist,Very High,Divorced,1968,17712,7,0,7,Excellent,Low,3,27,1,Bad,22,20,11,19,Jeune,Lyon
37,Yes,Travel_Frequently,934,Hardware,14,College,Human Resources,Low,Homme,76,Very High,5,Sales Representative,Medium,Single,32197,160985,7,1,14,Excellent,High,2,28,4,Bad,5,1,2,3,Adulte,Lille
26,Yes,Non-Travel,299,Software,18,Below College,Other,Medium,Femme,138,Low,3,Sales Executive,Medium,Married,33004,396048,1,1,35,Outstanding,Low,1,16,5,Best,11,3,6,10,Jeune,Nantes
43,No,Travel_Rarely,701,Sales,23,Below College,Life Sciences,Medium,Homme,123,Low,2,Developer,High,Divorced,1942,38840,1,1,14,Outstanding,High,2,33,1,Good,12,10,8,10,Adulte,Lyon
36,No,Travel_Frequently,240,Human Resources,23,Below College,Life Sciences,Medium,Femme,98,Very High,5,Sales Executive,Very High,Single,4532,135960,0,0,38,Good,Medium,4,40,2,Good,26,18,8,21,Adulte,Marseille
37,Yes,Travel_Frequently,1181,Support,40,Bachelor,Life Sciences,Very High,Homme,106,Very High,3,Sales Executive,High,Divorced,39812,875864,7,1,26,Outstanding,Very High,2,5,6,Bad,5,2,5,5,Adulte,Grenoble
53,No,Travel_Frequently,632,Hardware,27,Below College,Life Sciences,Low,Homme,46,High,4,Research Scientist,Low,Divorced,9217,46085,5,1,20,Outstanding,Low,2,35,5,Best,29,18,6,19,Senior,Lille
34,No,Travel_Rarely,1059,Research & Development,43,Doctor,Marketing,High,Femme,154,Low,4,Developer,Very High,Single,25873,517460,5,1,1,Good,Very High,3,21,1,Better,9,1,4,6,Adulte,Paris
31,No,Travel_Frequently,1085,Support,36,Master,Technical Degree,Medium,Homme,131,Medium,3,Manufacturing Director,High,Divorced,24359,170513,6,0,5,Excellent,Very High,2,25,2,Good,24,1,19,7,Adulte,Grenoble
31,Yes,Travel_Frequently,801,Research & Development,35,College,Life Sciences,Medium,Femme,75,Very High,3,Developer,Medium,Divorced,21223,318345,3,0,18,Good,Very High,4,23,3,Best,20,13,5,9,Adulte,Paris
54,No,Travel_Frequently,1313,Human Resources,24,Doctor,Human Resources,Low,Homme,74,High,3,Healthcare Representative,Low,Single,19386,484650,3,0,38,Excellent,Very High,1,26,1,Better,19,19,5,6,Senior,Marseille
45,No,Travel_Rarely,291,Software,42,Master,Marketing,Low,Femme,94,Very High,2,Manager,High,Divorced,33204,531264,8,0,15,Outstanding,Medium,3,16,1,Good,6,1,2,3,Adulte,Nantes
42,Yes,Travel_Rarely,1250,Software,17,Below College,Other,Low,Homme,47,Very High,1,Research Director,Very High,Married,39327,393270,1,0,4,Good,High,2,8,1,Bad,3,2,1,3,Adulte,Nantes
26,Yes,Non-Travel,581,Hardware,19,Doctor,Human Resources,High,Homme,105,Low,3,Research Scientist,Low,Single,13620,381360,8,1,42,Good,High,3,32,3,Bad,6,2,4,6,Jeune,Lille
34,Yes,Travel_Rarely,1429,Software,11,Bachelor,Medical,High,Homme,90,Low,5,Research Scientist,Medium,Single,18950,322150,8,1,17,Good,Very High,1,12,2,Bad,3,2,1,2,Adulte,Nantes
54,Yes,Travel_Frequently,1099,Hardware,7,Master,Life Sciences,Medium,Homme,131,High,5,Healthcare Representative,Very High,Divorced,38397,614352,6,0,17,Outstanding,Medium,2,27,3,Best,20,19,8,6,Senior,Lille
28,Yes,Travel_Rarely,438,Research & Development,13,Master,Life Sciences,Very High,Femme,114,Very High,1,Manager,High,Single,44746,671190,8,1,43,Excellent,Low,3,29,5,Bad,18,13,10,5,Jeune,Paris
39,No,Non-Travel,886,Research & Development,28,Master,Marketing,Low,Femme,92,High,4,Healthcare Representative,High,Divorced,29634,829752,6,1,8,Good,Low,4,33,6,Good,17,17,14,6,Adulte,Paris
46,Yes,Travel_Rarely,612,Sales,13,Bachelor,Other,High,Femme,57,Very High,4,Laboratory Technician,High,Divorced,44456,711296,1,0,4,Good,Very High,1,27,1,Bad,25,9,20,9,Senior,Lyon
33,Yes,Travel_Rarely,106,Sales,21,Bachelor,Human Resources,Very High,Femme,131,Medium,2,Healthcare Representative,Low,Single,43464,999672,0,0,6,Excellent,Very High,1,31,1,Better,5,3,4,4,Adulte,Lyon
39,Yes,Travel_Rarely,1251,Human Resources,6,Doctor,Medical,High,Homme,104,Low,4,Sales Representative,Medium,Married,46325,463250,5,1,22,Excellent,Very High,2,37,6,Better,21,15,19,4,Adulte,Marseille
53,No,Non-Travel,1290,Support,44,Master,Life Sciences,Medium,Homme,31,Medium,4,Manufacturing Director,Low,Single,9681,232344,7,1,27,Bad,Medium,4,12,1,Better,8,6,3,1,Senior,Grenoble
56,Yes,Travel_Frequently,1037,Human Resources,22,Bachelor,Human Resources,Medium,Femme,100,High,3,Sales Representative,High,Single,12769,89383,4,1,2,Good,Very High,1,23,5,Good,15,11,4,8,Senior,Marseille
26,No,Travel_Frequently,268,Software,5,Below College,Marketing,Very High,Femme,68,Medium,5,Research Scientist,High,Divorced,21558,21558,1,0,45,Outstanding,Low,2,17,2,Better,3,1,3,1,Jeune,Nantes
50,No,Travel_Frequently,854,Research & Development,27,Master,Life Sciences,Medium,Femme,57,Very High,3,Healthcare Representative,Low,Divorced,15643,203359,1,1,26,Excellent,High,2,36,2,Better,17,3,8,3,Senior,Paris
32,No,Travel_Frequently,554,Hardware,38,Master,Medical,Low,Homme,50,High,2,Research Director,Very High,Divorced,36801,220806,2,1,13,Good,Low,2,17,3,Best,3,2,2,3,Adulte,Lille
42,Yes,Travel_Rarely,1356,Hardware,48,College,Human Resources,Low,Femme,89,High,2,Human Resources,Very High,Divorced,32798,524768,7,1,22,Good,Medium,1,18,3,Good,15,3,1,13,Adulte,Lille
54,Yes,Travel_Frequently,1222,Research & Development,8,Below College,Marketing,Very High,Homme,166,Low,3,Human Resources,Very High,Divorced,13069,39207,0,0,44,Excellent,Very High,4,3,4,Better,2,1,2,2,Senior,Paris
19,No,Non-Travel,1197,Sales,48,College,Marketing,High,Homme,66,Medium,4,Developer,Very High,Divorced,8117,113638,0,1,31,Bad,Medium,1,38,5,Best,4,4,4,1,Jeune,Lyon
31,No,Travel_Frequently,1153,Research & Development,24,Doctor,Technical Degree,High,Homme,138,Medium,4,Manager,Low,Single,14007,294147,2,0,47,Good,High,1,38,3,Good,26,23,18,22,Adulte,Paris
60,Yes,Travel_Rarely,789,Hardware,36,Below College,Medical,Very High,Femme,137,High,5,Sales Representative,Very High,Married,29712,326832,2,1,39,Bad,Very High,4,13,3,Best,5,5,1,5,Senior,Lille
44,No,Non-Travel,1188,Hardware,29,Below College,Life Sciences,Medium,Homme,47,Low,1,Sales Representative,Low,Divorced,34218,171090,5,0,3,Excellent,High,3,26,4,Best,22,15,22,18,Adulte,Lille
44,No,Travel_Rarely,1372,Software,19,Master,Other,Low,Homme,105,Medium,3,Manufacturing Director,High,Divorced,43472,217360,2,1,23,Good,Low,2,29,3,Better,27,23,20,19,Adulte,Nantes
54,Yes,Travel_Frequently,154,Software,28,Bachelor,Human Resources,Low,Homme,89,Very High,5,Manufacturing Director,Medium,Divorced,4125,20625,0,0,6,Excellent,Low,1,18,4,Bad,14,12,6,11,Senior,Nantes
56,No,Travel_Frequently,770,Human Resources,39,Below College,Technical Degree,Medium,Femme,98,Medium,2,Research Scientist,High,Divorced,31655,443170,8,1,20,Good,Low,2,2,3,Good,2,1,1,2,Senior,Marseille
52,No,Non-Travel,624,Human Resources,33,College,Other,High,Homme,155,Medium,4,Laboratory Technician,Medium,Divorced,48148,962960,8,0,25,Good,Low,2,15,4,Good,4,2,2,2,Senior,Marseille
53,No,Travel_Rarely,137,Research & Development,37,College,Human Resources,High,Femme,66,Low,2,Healthcare Representative,Very High,Single,48704,1217600,0,0,26,Good,Low,2,20,3,Bad,11,6,5,1,Senior,Paris
20,Yes,Travel_Frequently,1448,Research & Development,19,Bachelor,Human Resources,Very High,Homme,173,High,1,Manager,Very High,Single,32140,739220,8,0,1,Outstanding,Medium,1,38,6,Better,28,24,23,23,Jeune,Paris
42,No,Travel_Rarely,1336,Research & Development,13,Below College,Technical Degree,Low,Femme,147,High,1,Research Scientist,Medium,Divorced,18973,265622,0,1,12,Good,High,3,32,4,Good,11,8,5,1,Adulte,Paris
43,No,Non-Travel,633,Hardware,44,Below College,Marketing,High,Homme,133,High,4,Research Scientist,Medium,Divorced,48520,145560,8,1,35,Bad,Medium,3,2,5,Good,1,1,1,1,Adulte,Lille
25,Yes,Travel_Frequently,177,Software,6,Below College,Technical Degree,Low,Femme,186,Low,2,Research Director,High,Divorced,13559,13559,7,0,47,Excellent,Medium,2,34,6,Good,15,13,9,13,Jeune,Nantes
26,Yes,Travel_Frequently,320,Sales,1,College,Technical Degree,Very High,Homme,138,High,4,Developer,Medium,Married,50038,200152,3,1,30,Bad,Medium,2,25,4,Good,9,3,6,9,Jeune,Lyon
59,Yes,Non-Travel,660,Sales,16,Doctor,Marketing,Low,Femme,196,Very High,1,Research Director,High,Single,35924,143696,5,1,35,Excellent,Low,4,34,3,Bad,4,2,3,4,Senior,Lyon
55,No,Travel_Frequently,309,Software,39,Below College,Medical,Very High,Homme,164,High,2,Manager,High,Single,5609,84135,0,1,11,Outstanding,Very High,1,13,6,Good,4,4,4,4,Senior,Nantes
52,Yes,Travel_Frequently,120,Support,31,Doctor,Human Resources,Very High,Femme,143,Medium,3,Healthcare Representative,Very High,Married,8491,127365,6,0,29,Bad,Low,4,20,5,Good,18,5,7,11,Senior,Grenoble
33,No,Travel_Rarely,588,Software,20,College,Life Sciences,Low,Femme,140,Very High,1,Sales Executive,Medium,Single,14153,226448,1,0,45,Excellent,Very High,1,37,5,Good,30,5,18,22,Adulte,Nantes
28,Yes,Non-Travel,552,Research & Development,22,Below College,Human Resources,High,Homme,46,Medium,5,Human Resources,Medium,Divorced,14903,447090,0,0,3,Excellent,Medium,3,19,4,Good,4,3,2,4,Jeune,Paris
34,Yes,Travel_Frequently,1444,Sales,12,Below College,Life Sciences,High,Homme,116,Low,5,Manager,Very High,Married,24890,522690,1,1,35,Bad,High,2,22,4,Bad,2,1,2,2,Adulte,Lyon
56,Yes,Travel_Frequently,904,Research & Development,6,College,Marketing,Very High,Femme,86,Medium,3,Manufacturing Director,Very High,Divorced,15138,121104,7,1,24,Outstanding,Very High,1,18,5,Best,2,1,2,2,Senior,Paris
24,Yes,Travel_Frequently,1272,Hardware,29,College,Marketing,Very High,Homme,171,High,2,Sales Executive,High,Single,25006,475114,2,1,24,Bad,Low,1,33,1,Better,32,15,25,6,Jeune,Lille
40,No,Travel_Frequently,1096,Support,1,Master,Life Sciences,Low,Femme,83,High,2,Research Director,High,Married,13157,13157,8,0,38,Good,Very High,3,11,4,Best,3,2,3,1,Adulte,Grenoble
27,No,Non-Travel,981,Sales,50,College,Marketing,Low,Femme,111,High,2,Laboratory Technician,Very High,Divorced,18142,90710,2,1,48,Excellent,Medium,3,22,1,Better,11,2,11,5,Jeune,Lyon
51,Yes,Travel_Rarely,1290,Research & Development,28,Master,Human Resources,Very High,Homme,156,High,5,Sales Representative,Very High,Married,19288,38576,8,1,17,Outstanding,Medium,4,11,2,Good,10,3,1,1,Senior,Paris
55,Yes,Travel_Rarely,423,Research & Development,20,Bachelor,Technical Degree,Low,Homme,47,Very High,5,Research Scientist,Low,Divorced,29651,266859,1,0,16,Bad,High,2,16,3,Better,16,4,6,15,Senior,Paris
52,Yes,Non-Travel,1237,Research & Development,9,Bachelor,Technical Degree,Medium,Femme,149,Low,3,Sales Representative,Very High,Divorced,12008,288192,2,1,17,Bad,Very High,3,22,1,Bad,10,8,10,5,Senior,Paris
38,Yes,Non-Travel,616,Support,17,Bachelor,Technical Degree,Very High,Homme,107,Very High,2,Healthcare Representative,High,Single,37034,37034,4,1,23,Outstanding,Low,1,35,2,Better,8,4,6,8,Adulte,Grenoble
52,Yes,Travel_Frequently,732,Hardware,13,College,Human Resources,High,Femme,58,Low,4,Developer,High,Married,16348,81740,5,1,25,Outstanding,High,1,32,3,Best,1,1,1,1,Senior,Lille
46,No,Travel_Frequently,709,Hardware,21,College,Medical,High,Homme,122,Low,2,Sales Representative,Very High,Married,36521,803462,2,1,43,Good,Medium,2,23,3,Good,19,1,4,6,Senior,Lille
29,No,Travel_Rarely,1125,Human Resources,38,Bachelor,Marketing,High,Homme,154,High,1,Sales Executive,Very High,Divorced,28566,599886,5,1,12,Good,Medium,3,7,6,Better,4,2,1,2,Jeune,Marseille
21,Yes,Travel_Rarely,1354,Software,4,College,Marketing,Low,Femme,197,High,4,Manufacturing Director,Low,Divorced,19220,96100,4,1,48,Good,Low,2,8,1,Bad,4,4,2,4,Jeune,Nantes
55,No,Non-Travel,1188,Sales,35,Doctor,Marketing,High,Homme,42,High,1,Manager,High,Married,29313,117252,2,1,46,Outstanding,Medium,1,38,5,Bad,26,11,2,5,Senior,Lyon
24,Yes,Non-Travel,1334,Hardware,43,Doctor,Other,Low,Homme,162,High,5,Manager,Very High,Single,42769,940918,6,0,11,Outstanding,Low,4,10,1,Bad,8,7,3,2,Jeune,Lille
49,Yes,Travel_Rarely,606,Software,32,Master,Medical,Very High,Homme,57,Medium,2,Sales Executive,Low,Divorced,39953,679201,0,0,7,Outstanding,High,4,17,4,Good,3,1,1,3,Senior,Nantes
23,No,Non-Travel,1207,Human Resources,42,Bachelor,Technical Degree,Medium,Homme,114,Medium,3,Research Scientist,High,Single,46938,1267326,0,0,20,Outstanding,Low,1,40,3,Good,31,15,22,8,Jeune,Marseille
59,No,Non-Travel,888,Support,20,Doctor,Medical,Medium,Homme,45,Low,3,Research Scientist,Low,Divorced,39236,1177080,8,0,34,Excellent,Medium,3,32,6,Better,4,2,1,4,Senior,Grenoble
29,No,Travel_Rarely,119,Hardware,6,Below College,Other,Low,Femme,142,High,3,Healthcare Representative,High,Married,24112,361680,2,0,40,Good,High,3,20,6,Best,20,7,5,10,Jeune,Lille
34,Yes,Non-Travel,862,Sales,14,College,Other,High,Femme,49,Low,3,Laboratory Technician,Very High,Divorced,20017,240204,4,0,23,Outstanding,High,3,14,3,Best,5,2,4,4,Adulte,Lyon
25,No,Travel_Frequently,251,Software,24,Below College,Other,Medium,Homme,131,Very High,4,Research Scientist,High,Divorced,18096,253344,4,1,10,Outstanding,Medium,4,18,6,Good,6,2,6,4,Jeune,Nantes
18,Yes,Non-Travel,1051,Research & Development,2,Master,Marketing,Very High,Homme,73,Low,3,Sales Representative,Low,Divorced,28192,676608,7,0,25,Bad,Medium,4,1,5,Bad,1,1,1,1,Jeune,Paris
26,No,Non-Travel,135,Sales,15,Master,Medical,Low,Femme,68,Medium,1,Developer,Very High,Single,37175,334575,7,0,5,Bad,Very High,3,10,6,Better,8,4,3,6,Jeune,Lyon
50,Yes,Travel_Rarely,801,Software,27,Master,Marketing,Low,Femme,111,Medium,5,Manager,High,Divorced,38555,501215,6,1,49,Good,Low,3,7,2,Bad,3,3,3,3,Senior,Nantes
57,Yes,Non-Travel,430,Hardware,42,Doctor,Marketing,Low,Homme,128,Low,1,Research Director,Low,Divorced,29871,238968,3,0,24,Excellent,Medium,3,26,3,Better,5,3,1,2,Senior,Lille
20,Yes,Travel_Frequently,347,Hardware,48,Bachelor,Human Resources,Medium,Femme,112,Medium,4,Sales Executive,Very High,Divorced,34753,173765,2,1,30,Good,Very High,2,16,6,Best,3,2,2,2,Jeune,Lille
49,Yes,Non-Travel,1275,Sales,4,College,Marketing,Very High,Homme,171,Low,5,Healthcare Representative,Low,Married,34335,721035,7,1,36,Excellent,Medium,3,36,2,Good,29,27,1,28,Senior,Lyon
60,Yes,Travel_Rarely,797,Sales,36,Bachelor,Life Sciences,Low,Homme,106,Low,1,Manufacturing Director,High,Married,23031,322434,0,0,48,Outstanding,High,2,3,6,Good,3,1,2,3,Senior,Lyon
26,Yes,Travel_Rarely,106,Human Resources,40,Bachelor,Medical,Low,Homme,75,Medium,4,Healthcare Representative,Low,Married,24803,669681,0,0,47,Excellent,Low,4,40,6,Good,1,1,1,1,Jeune,Marseille
40,Yes,Non-Travel,916,Sales,40,College,Life Sciences,Very High,Homme,84,High,2,Manager,Very High,Divorced,21953,175624,7,0,43,Excellent,Low,2,30,5,Good,14,10,9,9,Adulte,Lyon
53,Yes,Travel_Frequently,581,Sales,42,Master,Other,Medium,Femme,125,Very High,3,Healthcare Representative,Very High,Single,41066,1026650,5,1,33,Outstanding,Low,4,23,4,Better,7,2,7,3,Senior,Lyon
29,Yes,Non-Travel,1184,Software,41,College,Marketing,Low,Homme,110,Low,5,Healthcare Representative,Low,Single,32791,360701,4,1,15,Good,Medium,3,4,5,Better,2,1,2,1,Jeune,Nantes
22,No,Non-Travel,163,Research & Development,20,Bachelor,Human Resources,Low,Femme,34,Low,4,Human Resources,High,Married,49384,1234600,8,1,31,Outstanding,High,3,34,4,Good,3,1,3,1,Jeune,Paris
54,Yes,Non-Travel,729,Support,19,Below College,Other,Very High,Femme,185,Very High,1,Research Director,Medium,Divorced,7758,209466,2,1,6,Excellent,Low,2,2,2,Best,2,1,1,1,Senior,Grenoble
33,Yes,Travel_Frequently,1331,Software,50,Doctor,Technical Degree,Very High,Femme,192,Very High,3,Sales Representative,Very High,Divorced,45780,91560,8,1,47,Excellent,Very High,4,8,4,Bad,3,3,3,2,Adulte,Nantes
45,No,Travel_Frequently,1091,Support,7,Below College,Medical,Very High,Homme,77,Medium,5,Sales Executive,Medium,Divorced,45787,1282036,5,1,1,Bad,Medium,4,21,3,Best,13,12,1,8,Adulte,Grenoble
36,No,Travel_Rarely,662,Software,20,Doctor,Other,High,Femme,44,Low,2,Healthcare Representative,Low,Divorced,25157,654082,6,1,10,Good,Very High,3,21,5,Good,1,1,1,1,Adulte,Nantes
37,Yes,Travel_Rarely,312,Human Resources,47,Below College,Marketing,Very High,Homme,73,High,3,Developer,Low,Divorced,8034,32136,6,1,41,Excellent,Medium,4,31,2,Good,2,2,1,1,Adulte,Marseille
28,Yes,Travel_Rarely,1456,Software,33,College,Medical,High,Femme,179,Very High,4,Sales Representative,Medium,Married,2172,60816,4,1,12,Bad,Very High,1,11,5,Best,6,5,1,3,Jeune,Nantes
55,No,Travel_Rarely,438,Hardware,1,Bachelor,Human Resources,Very High,Homme,79,Low,4,Research Scientist,Very High,Divorced,7793,187032,8,1,2,Outstanding,Low,1,9,4,Better,1,1,1,1,Senior,Lille
29,Yes,Travel_Frequently,640,Research & Development,50,Master,Medical,Low,Homme,40,High,4,Developer,Very High,Married,32307,452298,5,1,15,Excellent,Very High,1,14,3,Bad,11,10,7,10,Jeune,Paris
47,Yes,Travel_Frequently,1403,Hardware,28,Bachelor,Marketing,Medium,Homme,143,Medium,4,Research Scientist,High,Divorced,42016,840320,0,0,46,Bad,Low,1,17,6,Bad,11,8,10,4,Senior,Lille
46,Yes,Travel_Frequently,526,Hardware,21,Below College,Human Resources,Very High,Femme,151,Very High,3,Research Scientist,Medium,Married,44066,1321980,1,1,7,Good,Low,4,20,3,Best,4,1,3,2,Senior,Lille
54,No,Travel_Frequently,875,Hardware,46,Master,Other,Medium,Homme,68,Medium,3,Developer,Low,Divorced,44122,1235416,3,1,4,Excellent,Medium,2,16,1,Better,13,12,5,13,Senior,Lille
22,No,Travel_Rarely,1069,Research & Development,41,Below College,Medical,Very High,Femme,163,High,1,Developer,Low,Single,5755,115100,8,1,13,Excellent,Very High,2,10,1,Good,7,5,3,4,Jeune,Paris
30,Yes,Non-Travel,370,Support,38,Master,Human Resources,Low,Homme,117,Low,1,Laboratory Technician,Very High,Married,50277,100554,8,0,42,Bad,High,1,21,4,Best,17,3,10,6,Jeune,Grenoble
45,No,Travel_Rarely,1478,Human Resources,26,College,Technical Degree,Medium,Femme,165,Medium,3,Manufacturing Director,Very High,Married,12755,216835,2,0,13,Excellent,Low,2,34,2,Best,6,3,6,3,Adulte,Marseille
56,No,Travel_Frequently,1471,Sales,39,Doctor,Life Sciences,High,Homme,188,High,1,Research Director,Medium,Divorced,33848,1015440,4,1,1,Good,High,2,28,4,Good,4,1,2,3,Senior,Lyon
51,No,Travel_Frequently,1154,Hardware,7,College,Life Sciences,Low,Femme,80,High,2,Laboratory Technician,High,Divorced,43752,1050048,0,0,0,Outstanding,Low,1,8,6,Good,7,6,6,4,Senior,Lille
59,Yes,Travel_Rarely,181,Software,24,College,Technical Degree,High,Femme,67,High,2,Sales Representative,High,Divorced,25198,529158,3,0,2,Outstanding,Medium,2,26,3,Good,20,3,8,4,Senior,Nantes
52,Yes,Travel_Frequently,1487,Hardware,10,Bachelor,Marketing,Low,Femme,39,Low,2,Research Scientist,Medium,Single,46846,1311688,5,1,47,Bad,High,3,39,2,Good,18,17,11,7,Senior,Lille
44,No,Travel_Rarely,355,Research & Development,21,Doctor,Life Sciences,Low,Homme,116,Low,5,Developer,High,Single,46525,418725,3,0,15,Excellent,High,4,12,5,Better,7,1,4,3,Adulte,Paris
19,No,Non-Travel,588,Software,17,Below College,Medical,Low,Femme,67,Medium,1,Research Scientist,High,Divorced,28974,57948,8,1,9,Excellent,Low,3,16,5,Best,12,8,7,3,Jeune,Nantes
28,Yes,Travel_Rarely,314,Support,12,Master,Technical Degree,High,Homme,112,Very High,4,Manufacturing Director,Low,Single,3932,31456,4,0,21,Bad,High,4,32,5,Best,6,6,3,3,Jeune,Grenoble
38,Yes,Travel_Rarely,1402,Software,15,Doctor,Life Sciences,Low,Femme,193,High,5,Research Director,Very High,Married,34605,553680,8,1,43,Excellent,Very High,3,24,5,Better,3,1,3,3,Adulte,Nantes
54,No,Non-Travel,909,Sales,23,Bachelor,Technical Degree,Very High,Femme,146,Low,5,Manufacturing Director,High,Divorced,41401,786619,7,1,31,Outstanding,Very High,3,19,3,Good,11,5,2,11,Senior,Lyon
25,No,Travel_Frequently,757,Software,35,Below College,Other,Low,Femme,69,Very High,1,Manager,Low,Divorced,12113,218034,4,0,35,Good,Very High,3,8,3,Best,3,3,3,2,Jeune,Nantes
46,No,Travel_Rarely,1027,Hardware,29,Master,Technical Degree,Medium,Homme,161,High,1,Research Director,Medium,Single,23879,358185,3,0,16,Bad,Medium,4,40,6,Bad,27,23,15,12,Senior,Lille
18,Yes,Travel_Frequently,119,Software,4,Master,Other,Low,Homme,146,Very High,3,Research Director,High,Divorced,28800,777600,5,0,15,Bad,Low,1,19,3,Bad,14,12,5,3,Jeune,Nantes
55,Yes,Travel_Frequently,106,Research & Development,16,Master,Marketing,Medium,Homme,97,Low,4,Research Director,Very High,Married,29144,786888,3,0,1,Bad,High,3,12,5,Best,5,5,1,5,Senior,Paris
60,Yes,Travel_Frequently,691,Software,19,Bachelor,Life Sciences,Low,Femme,185,Very High,5,Manager,Low,Married,7974,175428,1,1,14,Outstanding,High,1,29,1,Good,25,4,16,8,Senior,Nantes
58,No,Travel_Rarely,968,Research & Development,35,Master,Life Sciences,Low,Femme,34,Low,1,Research Director,Low,Divorced,40653,1138284,3,1,31,Bad,Low,3,7,3,Better,1,1,1,1,Senior,Paris
26,Yes,Travel_Rarely,516,Support,20,Below College,Life Sciences,Low,Femme,119,Very High,5,Research Scientist,Very High,Married,24046,721380,5,1,14,Outstanding,Medium,3,12,4,Better,9,3,7,2,Jeune,Grenoble
58,No,Non-Travel,1003,Human Resources,25,Below College,Other,Very High,Homme,147,High,1,Human Resources,High,Married,46053,414477,6,0,3,Outstanding,High,3,26,4,Bad,21,2,7,7,Senior,Marseille
54,Yes,Non-Travel,364,Human Resources,28,Below College,Marketing,Low,Femme,159,High,1,Laboratory Technician,Low,Married,4066,48792,6,0,22,Good,Low,3,17,2,Best,10,5,8,1,Senior,Marseille
54,Yes,Travel_Rarely,747,Human Resources,18,Master,Human Resources,Low,Femme,149,Low,1,Laboratory Technician,Low,Married,8546,85460,5,1,49,Outstanding,Low,4,11,2,Bad,3,2,3,3,Senior,Marseille
27,No,Non-Travel,319,Hardware,2,Doctor,Life Sciences,High,Homme,128,Very High,4,Healthcare Representative,Low,Married,46645,1352705,5,1,7,Bad,Very High,2,1,1,Better,1,1,1,1,Jeune,Lille
59,No,Travel_Rarely,377,Hardware,10,Doctor,Human Resources,High,Homme,161,High,3,Research Director,Low,Divorced,40783,407830,0,0,16,Outstanding,Very High,4,17,3,Bad,5,2,2,1,Senior,Lille
29,No,Non-Travel,156,Research & Development,5,Doctor,Life Sciences,Very High,Homme,115,Medium,1,Manufacturing Director,Very High,Divorced,31696,824096,5,0,33,Outstanding,Very High,1,40,1,Bad,7,4,5,4,Jeune,Paris
52,Yes,Non-Travel,1249,Hardware,8,Below College,Life Sciences,Very High,Femme,191,Medium,2,Sales Executive,High,Married,23502,564048,6,0,30,Outstanding,Medium,3,25,4,Good,2,2,2,1,Senior,Lille
43,Yes,Travel_Rarely,143,Hardware,16,Below College,Medical,Low,Homme,141,Very High,1,Manager,Very High,Single,6933,173325,0,1,19,Excellent,High,1,21,1,Bad,7,2,7,6,Adulte,Lille
43,Yes,Non-Travel,523,Sales,1,College,Other,Medium,Femme,100,High,2,Research Scientist,High,Married,23560,612560,6,1,5,Excellent,Very High,1,1,5,Better,1,1,1,1,Adulte,Lyon
37,Yes,Non-Travel,646,Software,3,Doctor,Human Resources,Very High,Homme,142,High,2,Human Resources,High,Divorced,49565,1239125,2,0,37,Excellent,High,1,27,2,Best,18,5,13,16,Adulte,Nantes
25,No,Travel_Frequently,898,Research & Development,41,Doctor,Medical,High,Femme,48,Very High,4,Manufacturing Director,High,Single,28585,657455,8,0,0,Good,Low,3,18,2,Better,11,4,2,2,Jeune,Paris
38,Yes,Travel_Rarely,662,Research & Development,48,College,Technical Degree,Low,Homme,109,Low,3,Manager,Medium,Divorced,14123,338952,7,1,34,Bad,Very High,3,10,1,Bad,8,4,8,2,Adulte,Paris
29,No,Travel_Rarely,388,Human Resources,4,Bachelor,Life Sciences,High,Homme,125,Very High,5,Developer,Low,Divorced,27902,279020,8,1,23,Excellent,High,3,6,6,Bad,5,1,1,3,Jeune,Marseille
28,No,Travel_Rarely,1374,Software,43,Bachelor,Medical,Medium,Femme,79,High,3,Sales Executive,Very High,Divorced,39860,677620,3,1,31,Outstanding,High,3,20,4,Best,14,13,10,6,Jeune,Nantes
40,No,Non-Travel,274,Human Resources,48,Bachelor,Human Resources,High,Homme,113,High,3,Sales Executive,Low,Married,31947,575046,0,1,6,Excellent,Medium,2,35,1,Better,12,5,5,3,Adulte,Marseille
32,Yes,Travel_Rarely,141,Hardware,8,Below College,Marketing,High,Femme,36,High,4,Developer,Very High,Married,3651,40161,8,0,10,Excellent,High,4,14,1,Bad,1,1,1,1,Adulte,Lille
58,Yes,Non-Travel,1065,Research & Development,13,College,Other,Low,Homme,55,High,4,Human Resources,Very High,Married,34836,278688,6,0,20,Outstanding,Medium,3,25,5,Best,23,4,21,4,Senior,Paris
32,Yes,Travel_Rarely,1335,Human Resources,22,Below College,Life Sciences,High,Homme,47,Very High,3,Developer,High,Divorced,16848,202176,3,0,7,Good,Very High,2,4,5,Bad,3,1,1,2,Adulte,Marseille
32,No,Travel_Rarely,1482,Hardware,48,Master,Life Sciences,Very High,Homme,79,High,1,Healthcare Representative,Medium,Single,37295,74590,0,0,36,Good,Very High,3,38,6,Best,12,12,2,11,Adulte,Lille
40,Yes,Non-Travel,711,Human Resources,1,Doctor,Life Sciences,Low,Femme,93,Medium,5,Manager,Low,Single,27013,162078,6,1,5,Outstanding,High,1,37,3,Bad,26,25,6,1,Adulte,Marseille
42,Yes,Travel_Frequently,430,Human Resources,40,Master,Technical Degree,Medium,Femme,78,Low,3,Human Resources,Very High,Single,9618,67326,3,1,20,Excellent,High,4,35,3,Bad,24,2,12,14,Adulte,Marseille
48,Yes,Travel_Rarely,1242,Research & Development,37,Bachelor,Technical Degree,Medium,Homme,150,High,5,Sales Representative,High,Single,47970,623610,2,0,16,Bad,Medium,1,21,2,Better,18,13,17,9,Senior,Paris
49,No,Travel_Rarely,857,Research & Development,8,Doctor,Life Sciences,High,Homme,180,Low,1,Healthcare Representative,Low,Married,36862,589792,8,0,49,Excellent,Low,2,1,3,Better,1,1,1,1,Senior,Paris
39,Yes,Non-Travel,1001,Research & Development,4,Doctor,Other,High,Homme,94,Very High,1,Human Resources,Low,Single,4117,86457,3,0,20,Bad,High,3,26,6,Bad,19,12,4,8,Adulte,Paris
30,No,Travel_Frequently,741,Human Resources,5,Master,Human Resources,High,Femme,119,Low,1,Research Director,Medium,Single,50950,1069950,6,1,5,Bad,Very High,1,7,5,Best,4,1,3,1,Jeune,Marseille
27,Yes,Non-Travel,520,Human Resources,22,Below College,Life Sciences,Low,Homme,57,Low,1,Manager,Very High,Divorced,37434,711246,7,0,36,Outstanding,Low,4,21,3,Best,13,3,10,9,Jeune,Marseille
47,Yes,Travel_Rarely,245,Support,15,Doctor,Human Resources,Very High,Femme,72,Very High,4,Sales Executive,Medium,Single,16876,405024,6,0,16,Good,Very High,4,14,6,Bad,4,3,4,2,Senior,Grenoble
23,Yes,Travel_Rarely,311,Support,11,Master,Human Resources,Very High,Homme,38,Medium,1,Sales Executive,High,Married,38121,495573,5,0,48,Good,Low,2,18,3,Good,12,6,3,4,Jeune,Grenoble
42,No,Non-Travel,1169,Support,33,Master,Marketing,Medium,Homme,122,Low,4,Research Director,Low,Married,2701,43216,2,1,16,Outstanding,High,2,21,5,Good,12,1,3,11,Adulte,Grenoble
41,No,Travel_Frequently,267,Human Resources,49,Doctor,Medical,Low,Homme,168,Very High,5,Manager,Very High,Divorced,22310,624680,3,1,6,Outstanding,Very High,4,35,1,Best,3,1,2,1,Adulte,Marseille
31,Yes,Travel_Frequently,407,Support,7,Doctor,Technical Degree,Low,Homme,161,Very High,3,Human Resources,Medium,Single,25527,714756,2,1,28,Bad,Low,2,40,2,Better,20,4,3,19,Adulte,Grenoble
22,Yes,Travel_Rarely,348,Research & Development,40,Below College,Life Sciences,Very High,Homme,180,Very High,2,Developer,Low,Divorced,42780,342240,5,1,40,Good,High,3,28,4,Bad,28,12,13,9,Jeune,Paris
48,No,Travel_Rarely,491,Support,28,Doctor,Technical Degree,Low,Femme,196,Low,3,Laboratory Technician,Medium,Married,28126,253134,6,1,15,Good,Medium,2,23,3,Good,16,11,15,11,Senior,Grenoble
38,No,Non-Travel,953,Sales,37,Below College,Marketing,Very High,Femme,78,Very High,1,Human Resources,Medium,Divorced,31123,809198,8,0,26,Bad,Medium,2,4,5,Good,2,2,2,1,Adulte,Lyon
42,Yes,Non-Travel,387,Support,21,Bachelor,Technical Degree,Very High,Femme,59,Medium,5,Research Scientist,Very High,Divorced,3437,37807,3,1,14,Outstanding,Medium,1,33,4,Good,26,9,4,24,Adulte,Grenoble
53,Yes,Travel_Frequently,294,Human Resources,46,Master,Medical,High,Femme,122,Low,2,Sales Representative,Low,Married,32287,968610,8,0,34,Outstanding,Medium,2,16,1,Bad,4,4,3,2,Senior,Marseille
40,No,Travel_Rarely,137,Hardware,41,Bachelor,Technical Degree,Medium,Homme,117,Medium,1,Manager,Very High,Married,46582,512402,8,1,5,Excellent,Medium,2,37,1,Better,14,5,12,7,Adulte,Lille
23,No,Non-Travel,469,Sales,28,Doctor,Other,Low,Femme,171,Low,3,Manager,Medium,Divorced,4946,14838,0,1,9,Good,Low,2,15,1,Best,2,1,1,2,Jeune,Lyon
60,Yes,Travel_Frequently,1432,Software,1,Bachelor,Life Sciences,Low,Femme,163,Low,4,Research Scientist,Low,Single,26628,399420,0,0,19,Bad,Low,1,1,2,Best,1,1,1,1,Senior,Nantes
37,Yes,Travel_Frequently,643,Software,7,Master,Other,High,Femme,165,Low,1,Manager,Low,Single,23619,212571,3,0,42,Good,High,3,30,6,Best,15,8,14,15,Adulte,Nantes
35,No,Non-Travel,573,Support,15,Bachelor,Marketing,Very High,Homme,77,Medium,5,Research Director,Very High,Divorced,32748,589464,6,1,25,Outstanding,Medium,4,19,3,Good,11,2,3,8,Adulte,Grenoble
53,No,Travel_Rarely,942,Software,23,Bachelor,Other,Medium,Homme,170,Low,4,Human Resources,Very High,Single,30995,588905,8,0,8,Bad,Medium,1,28,2,Good,17,2,2,16,Senior,Nantes
58,No,Travel_Frequently,1449,Support,18,Doctor,Other,High,Femme,198,Medium,1,Human Resources,Low,Single,11993,95944,6,0,47,Good,High,2,24,4,Good,9,3,2,2,Senior,Grenoble
26,Yes,Travel_Frequently,374,Support,14,Master,Life Sciences,Medium,Femme,142,Medium,4,Sales Executive,Medium,Married,1380,33120,0,0,5,Bad,High,4,39,1,Better,8,1,6,1,Jeune,Grenoble
40,Yes,Travel_Frequently,845,Human Resources,39,Master,Medical,Medium,Femme,105,Low,5,Research Director,Very High,Divorced,28346,822034,8,1,41,Excellent,Medium,4,14,5,Best,7,3,7,7,Adulte,Marseille
54,Yes,Travel_Frequently,474,Sales,33,Master,Technical Degree,Medium,Femme,133,Medium,3,Laboratory Technician,High,Single,38723,968075,0,1,45,Outstanding,Low,1,14,5,Good,10,9,6,9,Senior,Lyon
53,Yes,Travel_Frequently,1033,Human Resources,7,Bachelor,Other,Medium,Femme,198,High,1,Research Director,Very High,Divorced,35259,70518,4,1,22,Bad,Low,4,9,6,Bad,2,1,2,1,Senior,Marseille
53,Yes,Travel_Frequently,1481,Research & Development,25,Doctor,Other,Very High,Homme,175,Medium,3,Human Resources,Low,Married,45145,541740,2,0,5,Good,Medium,1,13,3,Bad,4,1,4,4,Senior,Paris
31,Yes,Travel_Rarely,1269,Human Resources,8,Master,Marketing,Very High,Femme,38,Very High,4,Manager,Very High,Divorced,16354,474266,8,1,12,Outstanding,Very High,2,27,6,Best,3,2,1,3,Adulte,Marseille
48,Yes,Travel_Rarely,656,Human Resources,36,College,Other,Medium,Homme,116,Very High,4,Manufacturing Director,Medium,Married,8413,33652,4,1,11,Good,High,2,21,1,Best,6,3,6,1,Senior,Marseille
53,Yes,Non-Travel,1420,Hardware,9,Below College,Technical Degree,Medium,Homme,163,Medium,2,Research Director,Low,Single,11464,320992,3,1,48,Bad,Very High,3,17,6,Best,3,3,3,3,Senior,Lille
40,No,Travel_Rarely,1251,Software,39,Master,Marketing,Low,Femme,107,Medium,1,Sales Executive,Very High,Single,19302,559758,4,0,46,Outstanding,Very High,1,19,6,Best,4,4,4,1,Adulte,Nantes
26,No,Travel_Frequently,870,Sales,2,Bachelor,Medical,Low,Femme,58,Low,4,Manager,Low,Divorced,7732,77320,0,0,12,Excellent,Very High,3,1,5,Better,1,1,1,1,Jeune,Lyon
42,No,Travel_Frequently,416,Research & Development,7,College,Marketing,Medium,Femme,53,Low,4,Research Scientist,High,Single,42271,676336,6,1,23,Outstanding,Medium,3,8,3,Bad,8,5,4,7,Adulte,Paris
48,Yes,Travel_Rarely,1412,Software,33,Bachelor,Human Resources,Very High,Femme,98,Medium,5,Human Resources,High,Married,37919,1099651,1,0,45,Bad,Medium,3,37,3,Good,35,31,20,17,Senior,Nantes
55,Yes,Non-Travel,290,Hardware,18,Doctor,Marketing,Medium,Homme,170,Medium,2,Human Resources,Low,Single,25400,762000,6,1,41,Bad,Medium,3,37,4,Good,24,23,2,11,Senior,Lille
43,Yes,Non-Travel,779,Human Resources,28,Bachelor,Human Resources,Low,Femme,67,Very High,3,Human Resources,Low,Married,40637,284459,5,0,21,Bad,Very High,1,29,4,Better,3,1,3,1,Adulte,Marseille
55,Yes,Travel_Frequently,1425,Support,1,Master,Other,Medium,Femme,194,Very High,2,Human Resources,Very High,Single,48021,1104483,8,1,43,Bad,Very High,2,18,6,Bad,16,7,14,13,Senior,Grenoble
55,No,Travel_Rarely,236,Support,25,Below College,Human Resources,Very High,Femme,94,Low,4,Manufacturing Director,High,Married,49679,1490370,5,1,40,Excellent,Low,2,9,5,Best,4,2,3,4,Senior,Grenoble
26,No,Non-Travel,1107,Support,38,Below College,Medical,Low,Homme,161,Low,3,Manager,Medium,Married,16986,33972,5,1,14,Bad,Medium,3,37,3,Best,5,1,3,5,Jeune,Grenoble
22,No,Travel_Rarely,965,Hardware,19,Below College,Other,Medium,Homme,132,Medium,3,Human Resources,Medium,Divorced,42140,589960,5,1,18,Excellent,High,2,28,2,Bad,19,6,18,8,Jeune,Lille
29,No,Travel_Frequently,1244,Research & Development,4,Master,Technical Degree,High,Femme,40,Low,4,Research Director,Medium,Divorced,34998,524970,6,1,15,Good,High,3,31,1,Better,30,28,5,10,Jeune,Paris
53,No,Travel_Frequently,766,Support,1,Doctor,Marketing,High,Homme,116,High,3,Human Resources,High,Married,37512,562680,4,1,22,Excellent,Low,4,17,3,Bad,13,12,10,3,Senior,Grenoble
22,No,Travel_Frequently,1435,Sales,38,Doctor,Marketing,Low,Homme,198,Very High,5,Manager,Low,Married,26956,700856,8,1,18,Bad,Medium,3,17,1,Bad,5,2,2,5,Jeune,Lyon
20,No,Travel_Frequently,130,Human Resources,4,Bachelor,Human Resources,High,Femme,122,Low,5,Sales Representative,Low,Married,2448,4896,8,0,48,Excellent,High,1,15,6,Better,13,2,7,11,Jeune,Marseille
52,Yes,Non-Travel,834,Hardware,43,Bachelor,Marketing,High,Homme,66,Medium,1,Healthcare Representative,Very High,Divorced,22743,500346,3,0,9,Good,High,4,29,4,Good,4,3,2,2,Senior,Lille
49,Yes,Non-Travel,482,Software,45,College,Human Resources,Low,Femme,166,High,2,Research Director,High,Married,28370,709250,0,0,13,Good,Medium,1,17,6,Bad,14,6,5,13,Senior,Nantes
28,No,Travel_Rarely,512,Support,43,Master,Technical Degree,High,Femme,150,Low,2,Healthcare Representative,Medium,Married,7395,199665,7,0,8,Bad,Very High,4,17,3,Best,12,2,10,7,Jeune,Grenoble
27,No,Travel_Rarely,152,Research & Development,28,Master,Medical,Medium,Homme,67,High,4,Developer,Medium,Single,11622,23244,0,0,44,Good,Very High,1,39,1,Bad,2,1,1,2,Jeune,Paris
32,Yes,Non-Travel,1209,Human Resources,13,College,Life Sciences,Very High,Femme,56,Low,3,Manager,High,Divorced,12095,205615,0,1,32,Good,Low,4,38,5,Better,7,6,1,7,Adulte,Marseille
29,Yes,Travel_Frequently,990,Hardware,18,Master,Technical Degree,Very High,Femme,155,High,4,Research Director,Very High,Single,28351,453616,5,0,44,Excellent,Very High,3,10,6,Bad,3,1,2,2,Jeune,Lille
37,Yes,Travel_Rarely,111,Human Resources,41,Below College,Other,Medium,Femme,138,High,1,Manufacturing Director,Medium,Single,31920,478800,5,0,36,Bad,Low,2,21,2,Best,20,11,10,8,Adulte,Marseille
51,No,Travel_Frequently,1069,Research & Development,48,Doctor,Marketing,Medium,Homme,48,Low,4,Sales Executive,Low,Married,8794,140704,3,1,11,Good,Medium,4,1,1,Better,1,1,1,1,Senior,Paris
28,Yes,Non-Travel,432,Support,10,College,Human Resources,Low,Femme,57,Medium,1,Research Scientist,High,Married,18785,150280,2,0,43,Outstanding,High,3,11,6,Good,5,1,4,5,Jeune,Grenoble
48,No,Travel_Rarely,1087,Software,26,Below College,Other,Medium,Femme,157,Medium,5,Sales Executive,Very High,Divorced,28176,84528,0,1,0,Good,Medium,2,24,3,Best,10,4,7,5,Senior,Nantes
56,No,Non-Travel,317,Human Resources,29,College,Human Resources,High,Femme,50,Very High,1,Human Resources,High,Married,10524,231528,7,0,48,Good,Medium,3,29,2,Good,27,13,21,22,Senior,Marseille
41,No,Travel_Frequently,626,Sales,33,Bachelor,Technical Degree,High,Femme,132,Very High,4,Sales Executive,High,Married,43889,1272781,2,0,32,Excellent,High,2,39,3,Best,8,5,2,7,Adulte,Lyon
28,Yes,Non-Travel,776,Sales,34,Bachelor,Marketing,Very High,Homme,170,Very High,1,Human Resources,Medium,Single,19533,253929,8,1,46,Excellent,Very High,4,6,2,Better,1,1,1,1,Jeune,Lyon
34,Yes,Travel_Rarely,1376,Hardware,7,Below College,Technical Degree,Low,Femme,193,Medium,3,Laboratory Technician,Very High,Divorced,21153,549978,3,0,27,Excellent,Medium,1,31,3,Good,10,4,9,10,Adulte,Lille
49,Yes,Travel_Frequently,1253,Hardware,14,Master,Other,Medium,Homme,128,High,1,Developer,Medium,Divorced,16925,440050,5,0,3,Outstanding,Low,2,16,6,Good,1,1,1,1,Senior,Lille
39,Yes,Travel_Rarely,1164,Human Resources,29,Master,Life Sciences,Medium,Homme,174,Very High,3,Research Director,Medium,Married,1839,36780,3,1,25,Bad,High,1,13,3,Better,6,4,4,1,Adulte,Marseille
48,Yes,Non-Travel,824,Support,46,Below College,Medical,Medium,Homme,47,Medium,5,Manufacturing Director,High,Single,10635,148890,0,0,28,Outstanding,Very High,1,13,4,Good,4,1,1,1,Senior,Grenoble
23,No,Travel_Rarely,828,Sales,25,Bachelor,Technical Degree,Medium,Femme,56,Very High,4,Developer,Medium,Single,33644,201864,7,1,49,Bad,High,2,33,4,Best,24,4,15,9,Jeune,Lyon
57,Yes,Non-Travel,960,Sales,35,Below College,Human Resources,High,Homme,55,Very High,1,Research Director,Low,Married,28401,823629,7,0,48,Excellent,High,4,29,5,Bad,16,2,9,8,Senior,Lyon
38,No,Travel_Rarely,1456,Software,35,Below College,Marketing,High,Femme,180,Very High,3,Research Director,Low,Married,39306,786120,3,1,15,Bad,Medium,3,30,3,Better,2,2,1,2,Adulte,Nantes
59,No,Travel_Frequently,520,Hardware,50,Doctor,Other,Medium,Homme,136,Very High,2,Research Scientist,Medium,Divorced,29065,290650,3,1,22,Excellent,Low,1,31,2,Good,10,6,8,7,Senior,Lille
33,Yes,Non-Travel,708,Sales,29,Below College,Life Sciences,High,Homme,33,High,2,Laboratory Technician,Low,Married,18041,505148,0,0,45,Outstanding,Very High,2,30,6,Better,23,17,7,14,Adulte,Lyon
24,Yes,Travel_Frequently,626,Support,44,College,Medical,High,Homme,139,Very High,2,Manager,Low,Divorced,28140,590940,2,1,9,Excellent,Medium,3,4,6,Better,4,4,3,1,Jeune,Grenoble
25,Yes,Non-Travel,103,Research & Development,46,Master,Technical Degree,High,Femme,198,High,1,Sales Representative,Very High,Divorced,33901,779723,4,1,27,Bad,Medium,2,25,5,Better,19,9,17,17,Jeune,Paris
18,Yes,Travel_Frequently,977,Human Resources,20,Below College,Life Sciences,Low,Homme,69,Medium,3,Manufacturing Director,Very High,Divorced,36061,576976,5,0,24,Good,Medium,4,35,2,Best,32,3,9,26,Jeune,Marseille
58,Yes,Travel_Frequently,430,Software,24,Doctor,Medical,Low,Femme,139,Low,2,Developer,Very High,Married,8227,222129,6,1,49,Excellent,Medium,3,12,1,Best,5,2,5,2,Senior,Nantes
30,Yes,Travel_Rarely,361,Hardware,44,Doctor,Technical Degree,Very High,Homme,147,High,2,Healthcare Representative,Very High,Divorced,20082,301230,4,0,42,Bad,High,4,39,5,Bad,27,11,2,18,Jeune,Lille
34,Yes,Non-Travel,677,Hardware,3,Master,Life Sciences,Low,Homme,79,Very High,2,Manager,Very High,Divorced,45897,1055631,0,0,30,Bad,Very High,3,32,2,Good,27,2,22,8,Adulte,Lille
37,No,Travel_Rarely,424,Human Resources,7,Below College,Other,Very High,Femme,160,Low,5,Sales Representative,Very High,Divorced,13226,145486,3,1,32,Good,High,1,31,2,Better,25,15,17,5,Adulte,Marseille
49,Yes,Travel_Rarely,775,Support,7,Bachelor,Life Sciences,Very High,Homme,65,Very High,4,Healthcare Representative,Very High,Single,37547,75094,1,1,48,Excellent,Medium,3,28,3,Bad,20,5,1,1,Senior,Grenoble
52,No,Non-Travel,931,Hardware,50,Doctor,Life Sciences,High,Femme,59,Very High,4,Manager,Low,Divorced,6262,187860,7,1,0,Outstanding,Medium,3,40,1,Better,21,3,9,21,Senior,Lille
37,No,Travel_Frequently,402,Software,8,Master,Technical Degree,High,Femme,134,Very High,2,Laboratory Technician,High,Married,42456,127368,3,1,3,Outstanding,Low,3,19,5,Better,19,11,19,2,Adulte,Nantes
47,Yes,Travel_Frequently,315,Sales,46,Below College,Marketing,Very High,Homme,51,Low,4,Laboratory Technician,Medium,Married,21114,253368,4,0,39,Bad,High,1,6,3,Better,5,4,5,2,Senior,Lyon
22,Yes,Non-Travel,462,Sales,7,Below College,Marketing,High,Femme,36,Low,5,Manufacturing Director,High,Divorced,19281,347058,0,0,6,Good,Very High,4,32,2,Best,23,14,2,18,Jeune,Lyon
44,Yes,Travel_Frequently,227,Support,4,Doctor,Life Sciences,Low,Homme,183,Low,1,Research Scientist,High,Divorced,26656,346528,2,1,8,Outstanding,Medium,4,7,5,Best,2,1,1,2,Adulte,Grenoble
21,No,Travel_Rarely,202,Sales,2,Below College,Life Sciences,Low,Femme,135,Very High,1,Healthcare Representative,Medium,Single,34340,583780,8,0,4,Good,Low,4,23,6,Bad,11,9,4,1,Jeune,Lyon
28,No,Travel_Frequently,579,Support,33,Doctor,Technical Degree,Medium,Homme,127,Low,5,Research Director,High,Single,20330,121980,6,1,42,Good,Medium,2,4,5,Bad,3,3,1,1,Jeune,Grenoble
54,Yes,Non-Travel,1458,Hardware,2,Below College,Life Sciences,Low,Homme,160,Medium,1,Developer,Medium,Single,39607,237642,3,0,41,Bad,Very High,4,19,6,Good,4,2,1,3,Senior,Lille
25,Yes,Travel_Rarely,1304,Hardware,5,Doctor,Other,Very High,Femme,118,Low,5,Sales Representative,Low,Married,11521,241941,1,1,5,Excellent,Medium,2,18,2,Best,15,4,14,15,Jeune,Lille
27,No,Non-Travel,1093,Hardware,4,Below College,Other,Medium,Femme,51,Very High,5,Laboratory Technician,Low,Divorced,25136,251360,6,0,11,Bad,Low,1,5,1,Good,2,2,1,2,Jeune,Lille
41,No,Non-Travel,823,Research & Development,11,College,Human Resources,High,Homme,73,High,5,Manager,Low,Divorced,5123,40984,7,0,11,Outstanding,Very High,3,9,5,Good,8,8,6,6,Adulte,Paris
28,No,Non-Travel,644,Support,33,Master,Medical,High,Homme,178,Medium,4,Laboratory Technician,High,Divorced,13073,13073,1,1,18,Excellent,Medium,2,7,6,Good,1,1,1,1,Jeune,Grenoble
46,Yes,Non-Travel,1148,Human Resources,4,Bachelor,Human Resources,Low,Femme,150,Medium,1,Research Scientist,High,Divorced,46243,462430,7,0,44,Excellent,Very High,3,24,2,Better,11,2,10,1,Senior,Marseille
32,No,Non-Travel,915,Sales,15,Bachelor,Medical,Low,Homme,158,High,1,Research Scientist,Very High,Married,22970,275640,4,0,20,Bad,Very High,2,1,2,Bad,1,1,1,1,Adulte,Lyon
53,No,Travel_Rarely,487,Hardware,19,Bachelor,Life Sciences,Low,Homme,34,Medium,1,Healthcare Representative,Medium,Married,49475,494750,1,1,28,Outstanding,High,2,8,2,Bad,8,5,7,2,Senior,Lille
35,No,Travel_Frequently,1434,Hardware,42,Below College,Marketing,High,Homme,95,Low,3,Laboratory Technician,Low,Single,50564,455076,4,1,8,Outstanding,High,2,32,5,Better,18,12,14,17,Adulte,Lille
45,No,Travel_Frequently,813,Human Resources,9,Bachelor,Human Resources,Very High,Femme,125,Medium,2,Human Resources,Medium,Married,48678,1460340,1,1,9,Bad,High,1,6,5,Good,2,1,2,2,Adulte,Marseille
60,No,Travel_Rarely,1232,Research & Development,30,College,Technical Degree,Medium,Femme,158,High,4,Research Director,Low,Single,14729,427141,2,1,7,Good,High,1,1,1,Bad,1,1,1,1,Senior,Paris
26,Yes,Non-Travel,745,Sales,3,Below College,Other,High,Femme,112,Very High,5,Research Director,Medium,Single,15702,423954,5,0,26,Excellent,Medium,2,14,5,Best,7,6,5,6,Jeune,Lyon
60,No,Travel_Rarely,538,Sales,13,Master,Life Sciences,Medium,Homme,180,High,5,Manufacturing Director,Low,Divorced,39772,835212,7,1,49,Good,High,1,34,4,Best,12,1,9,3,Senior,Lyon
51,Yes,Non-Travel,496,Support,1,Master,Medical,Medium,Femme,81,Low,4,Developer,Medium,Married,8996,251888,4,0,42,Outstanding,Low,4,30,3,Best,7,1,6,5,Senior,Grenoble
34,Yes,Travel_Frequently,567,Software,20,Doctor,Medical,Low,Femme,54,Medium,1,Human Resources,High,Divorced,2777,27770,8,0,1,Bad,Medium,1,39,6,Better,24,19,20,3,Adulte,Nantes
27,Yes,Travel_Rarely,1160,Support,40,Doctor,Technical Degree,High,Femme,73,Medium,4,Research Scientist,High,Married,25539,612936,1,1,4,Good,Very High,1,23,3,Good,5,4,2,2,Jeune,Grenoble
57,Yes,Travel_Rarely,279,Research & Development,38,Below College,Human Resources,Low,Homme,151,Very High,4,Sales Representative,Very High,Married,38166,801486,6,0,36,Bad,Low,1,28,2,Good,2,2,1,1,Senior,Paris
58,Yes,Travel_Frequently,564,Human Resources,17,Below College,Other,Low,Homme,60,High,1,Sales Representative,Low,Single,42025,1176700,2,0,30,Bad,Medium,4,28,1,Best,17,8,4,13,Senior,Marseille
41,Yes,Non-Travel,596,Software,15,College,Life Sciences,High,Homme,38,High,4,Healthcare Representative,Medium,Married,4179,117012,7,0,20,Bad,Medium,4,12,5,Bad,3,1,2,1,Adulte,Nantes
37,Yes,Travel_Rarely,884,Human Resources,28,Bachelor,Medical,Very High,Femme,125,Low,3,Sales Executive,Medium,Single,43743,481173,2,1,46,Bad,High,1,23,5,Best,11,11,1,7,Adulte,Marseille
43,No,Non-Travel,257,Hardware,31,Master,Human Resources,Very High,Femme,114,Very High,4,Manufacturing Director,High,Divorced,28457,284570,4,1,4,Good,Medium,3,12,6,Best,9,9,8,2,Adulte,Lille
39,Yes,Travel_Rarely,132,Research & Development,41,College,Life Sciences,High,Homme,140,Very High,4,Developer,Very High,Single,2096,29344,0,1,13,Outstanding,Very High,4,29,3,Best,25,14,14,7,Adulte,Paris
35,No,Travel_Frequently,1487,Human Resources,15,Below College,Medical,Very High,Homme,85,Very High,5,Sales Representative,High,Married,12411,210987,2,1,25,Outstanding,High,4,31,5,Good,7,7,2,3,Adulte,Marseille
38,No,Travel_Frequently,216,Research & Development,31,Bachelor,Life Sciences,Medium,Homme,30,Very High,3,Research Director,Very High,Single,24180,386880,4,1,0,Good,Low,1,9,1,Best,8,3,6,2,Adulte,Paris
26,Yes,Travel_Rarely,566,Hardware,17,Doctor,Life Sciences,High,Femme,175,High,5,Sales Representative,Low,Divorced,36569,1023932,1,0,42,Excellent,Medium,3,40,3,Best,10,6,3,9,Jeune,Lille
52,Yes,Travel_Rarely,194,Software,12,Below College,Life Sciences,Very High,Homme,164,Low,1,Research Director,High,Married,10384,280368,6,1,43,Bad,Very High,4,2,1,Better,2,2,1,2,Senior,Nantes
34,Yes,Non-Travel,386,Sales,45,College,Life Sciences,High,Femme,99,High,4,Research Scientist,High,Married,21587,43174,4,1,26,Bad,High,2,15,3,Bad,10,10,3,8,Adulte,Lyon
59,Yes,Travel_Frequently,1103,Sales,43,Bachelor,Life Sciences,Very High,Femme,136,Medium,5,Developer,Very High,Single,18422,239486,8,1,34,Good,High,2,9,3,Better,9,7,5,4,Senior,Lyon
33,Yes,Non-Travel,1160,Sales,25,Master,Marketing,Very High,Homme,92,High,5,Manufacturing Director,Very High,Single,12110,169540,0,1,5,Good,High,3,26,2,Good,25,14,4,15,Adulte,Lyon
18,Yes,Non-Travel,1499,Software,40,Doctor,Medical,Very High,Femme,195,Very High,2,Human Resources,Very High,Single,44757,358056,8,0,15,Excellent,High,2,30,6,Best,14,13,11,6,Jeune,Nantes
19,No,Travel_Rarely,1471,Hardware,42,Master,Life Sciences,Low,Homme,101,Medium,4,Human Resources,Low,Divorced,13174,368872,4,0,9,Excellent,Very High,4,27,3,Better,20,9,2,18,Jeune,Lille
25,Yes,Non-Travel,988,Research & Development,12,College,Marketing,High,Femme,60,Very High,3,Manager,Very High,Married,46840,1405200,1,1,33,Outstanding,High,2,5,3,Good,4,3,3,1,Jeune,Paris
58,Yes,Travel_Rarely,164,Software,46,College,Marketing,Low,Homme,175,Very High,2,Healthcare Representative,Very High,Divorced,21335,597380,3,0,47,Bad,Low,3,37,2,Best,22,2,9,14,Senior,Nantes
26,Yes,Travel_Frequently,1377,Human Resources,34,Doctor,Medical,Low,Homme,165,Very High,4,Laboratory Technician,High,Single,42111,84222,3,0,4,Excellent,High,4,5,3,Bad,1,1,1,1,Jeune,Marseille
24,No,Travel_Frequently,1125,Research & Development,37,Doctor,Marketing,Very High,Homme,122,High,5,Laboratory Technician,Very High,Divorced,5210,83360,0,1,23,Excellent,High,2,10,3,Good,1,1,1,1,Jeune,Paris
43,Yes,Travel_Rarely,1023,Human Resources,26,Doctor,Marketing,Very High,Femme,151,Very High,2,Research Scientist,High,Single,32195,32195,2,1,29,Bad,Very High,2,16,1,Bad,12,3,1,3,Adulte,Marseille
26,No,Travel_Rarely,950,Support,7,Bachelor,Life Sciences,Low,Homme,171,Medium,2,Human Resources,High,Married,2621,73388,5,1,14,Excellent,High,4,1,6,Good,1,1,1,1,Jeune,Grenoble
43,No,Travel_Frequently,722,Sales,1,Master,Medical,Very High,Femme,72,Low,1,Laboratory Technician,High,Single,13224,119016,8,1,22,Bad,High,1,28,6,Best,11,5,11,5,Adulte,Lyon
54,Yes,Travel_Rarely,1490,Hardware,13,Master,Technical Degree,Low,Homme,134,High,2,Developer,High,Married,14026,140260,3,0,28,Excellent,Medium,3,17,1,Bad,5,3,3,1,Senior,Lille
55,Yes,Travel_Rarely,613,Human Resources,13,College,Technical Degree,Very High,Femme,84,Low,3,Healthcare Representative,High,Single,45739,686085,7,1,31,Bad,High,4,35,4,Best,25,12,2,22,Senior,Marseille
23,No,Non-Travel,1340,Sales,2,Doctor,Technical Degree,Very High,Femme,68,High,4,Research Director,Medium,Single,34431,723051,0,0,49,Excellent,Medium,3,19,2,Best,17,10,11,12,Jeune,Lyon
23,No,Travel_Frequently,118,Research & Development,47,Doctor,Human Resources,Very High,Homme,53,High,3,Manufacturing Director,High,Married,20092,582668,3,0,28,Bad,Low,4,7,6,Better,1,1,1,1,Jeune,Paris
27,No,Non-Travel,553,Sales,16,Doctor,Life Sciences,Low,Homme,198,High,2,Manager,Medium,Married,28461,398454,7,0,8,Excellent,Low,4,9,4,Best,9,9,6,9,Jeune,Lyon
60,Yes,Travel_Frequently,725,Human Resources,3,Doctor,Marketing,Very High,Femme,71,Medium,4,Human Resources,Very High,Married,15799,410774,7,0,21,Outstanding,Very High,2,17,6,Bad,12,4,10,9,Senior,Marseille
21,Yes,Non-Travel,1381,Support,40,Doctor,Life Sciences,Low,Homme,102,Low,1,Manufacturing Director,Medium,Single,15785,94710,8,0,11,Bad,Very High,4,8,5,Better,5,1,5,3,Jeune,Grenoble
27,Yes,Non-Travel,516,Sales,47,Doctor,Technical Degree,Medium,Femme,158,Very High,3,Research Director,Very High,Single,15775,268175,3,1,6,Good,Low,3,26,5,Best,21,2,11,3,Jeune,Lyon
56,Yes,Non-Travel,786,Hardware,35,Below College,Other,High,Homme,143,Low,2,Sales Representative,Medium,Single,46583,605579,3,1,44,Outstanding,Low,3,28,2,Bad,19,19,3,5,Senior,Lille
47,Yes,Non-Travel,540,Sales,1,Doctor,Marketing,Very High,Femme,49,Medium,4,Healthcare Representative,Very High,Married,48881,1319787,3,1,13,Excellent,High,2,38,2,Better,34,1,27,11,Senior,Lyon
43,Yes,Travel_Rarely,254,Software,1,Below College,Medical,High,Homme,104,Low,5,Research Director,Very High,Divorced,9231,193851,0,0,3,Good,High,3,39,5,Good,30,12,29,17,Adulte,Nantes
55,No,Travel_Rarely,1461,Sales,23,College,Marketing,Medium,Homme,162,Medium,1,Human Resources,Low,Single,46742,1402260,0,1,9,Good,Low,4,13,3,Best,9,5,1,3,Senior,Lyon
25,No,Non-Travel,1338,Sales,39,Master,Human Resources,High,Homme,136,Medium,3,Sales Executive,Medium,Single,24909,249090,6,0,1,Outstanding,Medium,1,11,2,Best,2,1,2,1,Jeune,Lyon
21,No,Non-Travel,1452,Human Resources,24,Doctor,Human Resources,Low,Homme,121,Very High,5,Human Resources,Very High,Married,13253,291566,4,1,26,Outstanding,Low,3,17,2,Good,7,5,2,1,Jeune,Marseille
41,Yes,Travel_Rarely,550,Hardware,12,Below College,Other,Low,Homme,101,High,2,Sales Representative,Medium,Single,46306,231530,2,1,17,Outstanding,Low,3,38,1,Bad,33,5,30,12,Adulte,Lille
58,Yes,Non-Travel,1075,Software,40,Below College,Life Sciences,Low,Femme,114,Low,4,Manufacturing Director,Medium,Divorced,17716,336604,1,0,6,Excellent,High,3,9,6,Bad,2,1,2,1,Senior,Nantes
24,Yes,Travel_Rarely,373,Software,33,Below College,Medical,Medium,Femme,104,High,3,Manager,Very High,Divorced,40118,1163422,8,1,27,Good,Low,1,24,1,Good,24,9,11,12,Jeune,Nantes
47,Yes,Travel_Rarely,226,Sales,1,College,Medical,Low,Homme,179,Very High,2,Manager,Medium,Divorced,35049,1016421,8,1,12,Good,Very High,3,18,6,Best,8,3,8,6,Senior,Lyon
38,No,Travel_Frequently,270,Software,25,Doctor,Life Sciences,High,Femme,96,Very High,4,Research Scientist,Medium,Married,45515,637210,3,1,40,Excellent,High,2,24,6,Good,8,1,5,2,Adulte,Nantes
47,No,Non-Travel,580,Support,11,Bachelor,Life Sciences,Medium,Homme,58,Low,4,Human Resources,High,Divorced,19011,437253,7,1,1,Outstanding,High,4,7,1,Better,1,1,1,1,Senior,Grenoble
30,Yes,Non-Travel,565,Sales,20,Doctor,Medical,Low,Femme,54,High,1,Manufacturing Director,Very High,Divorced,13279,199185,2,0,17,Outstanding,High,3,21,4,Good,13,6,3,1,Jeune,Lyon
39,Yes,Non-Travel,702,Support,34,Bachelor,Human Resources,Medium,Homme,80,Low,1,Research Director,Very High,Single,6856,47992,2,1,9,Outstanding,High,2,32,2,Bad,20,7,3,3,Adulte,Grenoble
28,Yes,Travel_Frequently,604,Sales,15,Below College,Life Sciences,High,Homme,72,Very High,2,Research Scientist,Very High,Divorced,42792,470712,2,0,19,Good,Very High,3,28,1,Good,25,4,4,9,Jeune,Lyon
40,Yes,Travel_Frequently,780,Sales,11,Below College,Marketing,Low,Homme,159,High,3,Human Resources,Medium,Married,16386,81930,7,0,7,Excellent,Very High,2,10,4,Good,8,8,1,4,Adulte,Lyon
21,No,Travel_Frequently,937,Research & Development,28,Master,Human Resources,Low,Homme,89,High,5,Sales Representative,Very High,Married,46561,372488,3,0,33,Bad,Medium,2,10,5,Bad,1,1,1,1,Jeune,Paris
39,Yes,Travel_Rarely,641,Hardware,23,Doctor,Marketing,High,Homme,41,Very High,5,Manager,Very High,Single,8810,237870,5,0,46,Bad,Medium,4,17,5,Best,15,3,5,14,Adulte,Lille
51,Yes,Non-Travel,1442,Human Resources,41,Bachelor,Human Resources,Low,Femme,194,Very High,2,Research Scientist,Low,Married,34471,34471,4,1,46,Outstanding,Very High,1,33,4,Good,12,6,5,3,Senior,Marseille
24,Yes,Travel_Frequently,286,Support,14,College,Life Sciences,High,Femme,166,Medium,3,Research Director,Low,Single,3378,87828,6,0,38,Outstanding,Very High,1,6,5,Best,5,1,2,4,Jeune,Grenoble
20,No,Travel_Rarely,246,Research & Development,3,Doctor,Life Sciences,Very High,Femme,128,High,1,Manufacturing Director,High,Married,22455,516465,5,0,46,Excellent,High,3,36,3,Good,19,11,8,3,Jeune,Paris
28,Yes,Travel_Rarely,1336,Human Resources,2,Below College,Human Resources,Medium,Femme,49,Very High,5,Human Resources,Very High,Single,42190,126570,0,0,13,Outstanding,Low,4,26,3,Good,22,14,16,9,Jeune,Marseille
32,Yes,Travel_Frequently,1437,Software,13,Master,Other,Medium,Femme,43,Very High,1,Sales Executive,Very High,Single,32757,622383,7,1,46,Good,Medium,4,36,6,Bad,31,26,28,6,Adulte,Nantes
52,Yes,Travel_Rarely,1097,Human Resources,30,College,Life Sciences,Low,Femme,133,Very High,5,Laboratory Technician,Very High,Divorced,16155,177705,8,1,12,Bad,Low,4,6,5,Good,2,2,2,2,Senior,Marseille
20,Yes,Travel_Frequently,734,Research & Development,9,College,Human Resources,Medium,Femme,183,High,4,Developer,Low,Single,15494,433832,5,1,30,Outstanding,Very High,4,7,1,Best,7,2,4,3,Jeune,Paris
51,Yes,Travel_Frequently,759,Hardware,39,Bachelor,Marketing,Low,Homme,165,High,5,Manufacturing Director,Low,Single,25510,688770,0,0,48,Excellent,Very High,2,20,3,Best,13,10,3,11,Senior,Lille
51,Yes,Non-Travel,1224,Sales,30,Master,Marketing,Low,Femme,108,High,5,Manager,Low,Single,33690,437970,6,1,37,Outstanding,Low,2,1,4,Better,1,1,1,1,Senior,Lyon
51,Yes,Non-Travel,524,Support,14,Master,Marketing,Low,Homme,143,Medium,4,Sales Executive,High,Married,10854,21708,5,0,13,Bad,Low,1,2,5,Good,1,1,1,1,Senior,Grenoble
46,No,Travel_Frequently,1010,Software,43,Bachelor,Life Sciences,Very High,Homme,162,Low,2,Laboratory Technician,Medium,Married,16472,378856,1,0,26,Good,Medium,2,18,1,Bad,10,5,9,2,Senior,Nantes
59,No,Travel_Rarely,1071,Research & Development,46,College,Life Sciences,Very High,Homme,196,Medium,5,Laboratory Technician,Low,Single,3117,77925,1,0,31,Good,Medium,2,17,4,Bad,12,3,5,10,Senior,Paris
24,No,Travel_Frequently,1386,Software,22,Below College,Marketing,Low,Homme,74,Low,2,Laboratory Technician,Low,Single,47621,904799,5,0,44,Excellent,Very High,2,25,6,Best,15,2,13,4,Jeune,Nantes
31,Yes,Travel_Rarely,274,Sales,34,Master,Life Sciences,Low,Homme,88,Medium,1,Manager,Very High,Single,3425,61650,3,1,21,Bad,High,3,21,2,Better,17,11,8,14,Adulte,Lyon
58,Yes,Non-Travel,494,Software,11,Doctor,Marketing,Low,Homme,59,Medium,5,Manager,Very High,Divorced,19161,38322,5,1,18,Bad,Low,2,35,3,Best,11,2,7,9,Senior,Nantes
47,Yes,Travel_Frequently,1068,Research & Development,6,Master,Marketing,Low,Homme,81,High,2,Research Director,Very High,Single,16277,292986,8,1,41,Good,Low,3,10,4,Best,7,7,4,7,Senior,Paris
45,Yes,Non-Travel,767,Research & Development,13,Bachelor,Technical Degree,Medium,Femme,58,High,5,Healthcare Representative,Low,Single,42173,253038,8,0,31,Outstanding,High,1,32,1,Best,26,21,5,14,Adulte,Paris
39,No,Travel_Frequently,473,Sales,48,Bachelor,Technical Degree,Low,Femme,163,Low,2,Developer,Very High,Divorced,21980,43960,0,0,0,Good,High,1,25,1,Better,6,1,3,1,Adulte,Lyon
39,Yes,Non-Travel,1410,Sales,23,Doctor,Human Resources,Low,Femme,188,Medium,3,Research Director,Medium,Single,19527,312432,4,0,16,Outstanding,Medium,2,38,5,Better,5,4,4,5,Adulte,Lyon
47,Yes,Non-Travel,186,Human Resources,5,College,Medical,Very High,Homme,160,Medium,1,Sales Representative,Low,Single,36780,110340,0,0,31,Good,Medium,1,11,6,Bad,4,3,3,1,Senior,Marseille
41,Yes,Travel_Frequently,739,Research & Development,35,College,Marketing,Very High,Femme,178,Very High,1,Healthcare Representative,Low,Married,47713,333991,5,1,48,Excellent,High,2,39,2,Better,4,3,3,4,Adulte,Paris
47,No,Travel_Frequently,1046,Hardware,2,College,Human Resources,Medium,Homme,41,Low,5,Human Resources,Low,Divorced,21629,497467,6,1,1,Excellent,Low,2,24,1,Good,4,2,3,3,Senior,Lille
42,No,Travel_Rarely,1320,Support,39,College,Technical Degree,Very High,Homme,86,Medium,5,Developer,Medium,Divorced,27457,823710,8,1,9,Good,High,4,11,1,Good,4,4,1,2,Adulte,Grenoble
34,No,Non-Travel,1461,Human Resources,38,College,Technical Degree,Very High,Homme,110,Low,1,Healthcare Representative,High,Single,13021,234378,1,0,8,Good,High,3,32,4,Good,25,16,16,3,Adulte,Marseille
52,No,Non-Travel,1418,Support,22,Master,Medical,Low,Homme,167,High,4,Human Resources,Medium,Single,25323,734367,8,0,27,Good,Medium,2,26,2,Better,20,3,3,13,Senior,Grenoble
19,No,Travel_Frequently,645,Support,30,Doctor,Marketing,Very High,Homme,144,Very High,5,Sales Representative,Low,Married,11830,307580,6,0,28,Excellent,Medium,4,39,2,Best,20,4,1,12,Jeune,Grenoble
45,No,Non-Travel,1421,Support,36,Below College,Life Sciences,Medium,Femme,36,High,3,Sales Executive,Low,Divorced,40970,40970,0,1,23,Excellent,Low,1,16,6,Better,7,7,6,2,Adulte,Grenoble
23,No,Travel_Frequently,820,Support,16,College,Marketing,Low,Homme,155,Low,5,Healthcare Representative,Very High,Married,28604,228832,0,0,32,Outstanding,Low,2,27,3,Better,11,3,9,7,Jeune,Grenoble
37,Yes,Non-Travel,1029,Sales,45,Bachelor,Other,High,Homme,56,Low,2,Sales Executive,Very High,Married,47266,94532,2,0,11,Good,High,2,27,2,Good,26,3,19,2,Adulte,Lyon
28,Yes,Travel_Frequently,129,Hardware,29,Master,Technical Degree,Very High,Homme,49,Very High,1,Manufacturing Director,High,Divorced,46230,1109520,5,1,15,Excellent,Medium,3,30,3,Bad,24,20,2,9,Jeune,Lille
24,No,Non-Travel,1183,Human Resources,40,Master,Human Resources,Very High,Femme,49,High,1,Healthcare Representative,Low,Married,32938,691698,2,1,0,Good,Medium,4,11,6,Good,7,1,6,3,Jeune,Marseille
41,No,Travel_Frequently,544,Software,39,Bachelor,Life Sciences,Medium,Femme,86,Low,2,Laboratory Technician,Medium,Single,23430,632610,8,0,23,Outstanding,Low,3,13,3,Best,2,2,2,1,Adulte,Nantes
42,No,Travel_Frequently,1221,Software,29,Bachelor,Medical,High,Homme,39,Very High,4,Human Resources,High,Single,39953,958872,6,1,26,Bad,Medium,2,16,2,Best,6,5,3,6,Adulte,Nantes
43,No,Travel_Frequently,789,Human Resources,30,Bachelor,Life Sciences,High,Homme,180,Low,4,Developer,Low,Single,25008,200064,3,1,12,Outstanding,Medium,1,4,4,Better,4,1,4,1,Adulte,Marseille
35,No,Non-Travel,338,Research & Development,6,Below College,Technical Degree,Medium,Femme,106,Medium,2,Healthcare Representative,Medium,Single,50307,905526,4,0,28,Bad,Very High,3,20,6,Best,10,2,4,3,Adulte,Paris
30,No,Travel_Frequently,668,Support,38,Doctor,Marketing,Medium,Homme,39,Low,4,Sales Representative,Low,Single,27295,736965,8,1,31,Excellent,Low,4,33,2,Bad,30,26,24,4,Jeune,Grenoble
34,No,Travel_Frequently,135,Hardware,20,Doctor,Human Resources,Low,Femme,46,Low,2,Manufacturing Director,Low,Divorced,39418,39418,3,0,28,Excellent,Medium,1,20,1,Good,17,1,1,13,Adulte,Lille
33,Yes,Travel_Frequently,128,Support,2,College,Life Sciences,High,Homme,133,Very High,1,Healthcare Representative,Low,Divorced,9723,77784,8,0,44,Outstanding,High,4,39,4,Good,19,9,13,7,Adulte,Grenoble
57,Yes,Non-Travel,1228,Hardware,32,Bachelor,Marketing,Very High,Homme,87,Medium,1,Sales Representative,Medium,Married,25813,180691,8,1,48,Good,Low,4,9,4,Good,2,2,1,1,Senior,Lille
55,Yes,Non-Travel,532,Software,20,Bachelor,Technical Degree,High,Femme,122,Medium,2,Sales Representative,Very High,Single,5978,95648,7,1,22,Bad,High,1,17,3,Best,17,8,12,6,Senior,Nantes
42,Yes,Travel_Frequently,1218,Support,18,Below College,Technical Degree,High,Femme,38,High,4,Manufacturing Director,High,Married,9281,232025,6,0,8,Good,Low,1,27,5,Good,8,2,8,6,Adulte,Grenoble
28,Yes,Travel_Frequently,587,Hardware,46,Doctor,Medical,Low,Femme,111,Medium,5,Research Director,Very High,Single,50651,658463,1,1,21,Good,Medium,2,15,3,Better,7,7,5,4,Jeune,Lille
52,No,Travel_Rarely,283,Sales,14,Master,Technical Degree,High,Femme,86,Very High,5,Developer,High,Divorced,2202,28626,5,0,9,Bad,High,3,4,4,Bad,4,2,1,1,Senior,Lyon
58,Yes,Travel_Frequently,688,Support,30,Master,Medical,High,Homme,76,High,3,Laboratory Technician,Low,Divorced,19841,178569,3,0,22,Good,Low,4,7,2,Better,2,1,1,1,Senior,Grenoble
58,No,Travel_Rarely,1387,Support,29,Doctor,Technical Degree,Medium,Femme,176,Very High,4,Manufacturing Director,High,Divorced,21217,530425,3,1,9,Excellent,Very High,2,33,1,Bad,33,32,8,16,Senior,Grenoble
25,No,Non-Travel,428,Human Resources,23,Master,Other,Medium,Femme,187,Low,1,Manufacturing Director,Very High,Divorced,26635,612605,1,0,16,Bad,Medium,1,18,1,Best,13,2,5,3,Jeune,Marseille
41,No,Non-Travel,873,Software,28,Master,Technical Degree,High,Homme,95,High,3,Manufacturing Director,Low,Divorced,18948,189480,1,0,45,Bad,Low,3,19,3,Good,15,10,8,8,Adulte,Nantes
44,No,Non-Travel,949,Support,27,Bachelor,Other,High,Femme,186,Very High,1,Manufacturing Director,Very High,Single,44917,1212759,0,0,29,Excellent,Low,4,32,3,Better,27,10,5,22,Adulte,Grenoble
28,No,Non-Travel,546,Software,13,Doctor,Human Resources,Medium,Homme,179,High,5,Sales Representative,Medium,Single,47930,862740,4,0,8,Outstanding,Very High,3,17,1,Best,1,1,1,1,Jeune,Nantes
35,No,Non-Travel,356,Human Resources,28,Bachelor,Medical,Very High,Homme,120,Low,3,Manager,Medium,Single,47425,521675,6,1,7,Good,Very High,4,5,3,Better,2,2,1,1,Adulte,Marseille
18,No,Non-Travel,1294,Software,22,Bachelor,Life Sciences,High,Homme,60,High,2,Sales Representative,Low,Married,11473,57365,1,0,15,Good,High,2,34,6,Good,31,22,1,2,Jeune,Nantes
24,No,Non-Travel,194,Sales,21,Doctor,Marketing,Very High,Homme,171,High,2,Sales Representative,High,Divorced,6509,188761,3,1,29,Excellent,Low,3,39,2,Better,9,9,6,7,Jeune,Lyon
30,No,Travel_Rarely,255,Human Resources,17,College,Life Sciences,Medium,Homme,84,High,3,Human Resources,Low,Married,18615,223380,8,1,7,Excellent,Very High,2,3,4,Good,3,1,1,3,Jeune,Marseille
54,No,Travel_Frequently,701,Human Resources,37,College,Marketing,High,Femme,65,Very High,3,Sales Representative,Low,Divorced,18523,314891,3,0,27,Outstanding,Very High,3,38,4,Better,13,9,9,9,Senior,Marseille
44,No,Non-Travel,1307,Human Resources,11,Master,Medical,Low,Femme,156,Very High,2,Manufacturing Director,High,Divorced,22865,571625,7,1,44,Good,Low,3,29,6,Better,9,3,5,7,Adulte,Marseille
58,No,Non-Travel,725,Research & Development,18,Doctor,Human Resources,High,Femme,182,Very High,4,Developer,Medium,Married,25281,328653,8,1,32,Outstanding,High,3,26,1,Bad,5,3,3,5,Senior,Paris
33,Yes,Travel_Frequently,1341,Sales,50,Below College,Life Sciences,Medium,Femme,40,Medium,5,Sales Representative,High,Divorced,36931,923275,5,0,40,Bad,Medium,1,18,4,Best,10,10,1,7,Adulte,Lyon
38,Yes,Travel_Rarely,345,Support,8,Below College,Technical Degree,Very High,Homme,137,High,4,Research Director,Very High,Married,18528,185280,4,1,30,Bad,Low,3,40,6,Better,1,1,1,1,Adulte,Grenoble
57,Yes,Travel_Rarely,632,Hardware,50,Master,Marketing,Medium,Femme,82,High,4,Laboratory Technician,Very High,Single,28097,224776,0,1,44,Bad,High,2,19,5,Bad,16,7,14,13,Senior,Lille
47,No,Travel_Rarely,363,Research & Development,38,Master,Other,Very High,Homme,122,Low,2,Sales Executive,High,Married,25851,25851,8,0,22,Bad,High,3,30,2,Best,5,5,2,4,Senior,Paris
48,Yes,Travel_Rarely,463,Hardware,32,Doctor,Other,High,Femme,125,Low,2,Laboratory Technician,Very High,Divorced,11468,149084,4,0,41,Bad,High,2,11,6,Good,6,2,4,6,Senior,Lille
29,Yes,Travel_Rarely,202,Software,4,Below College,Technical Degree,Medium,Femme,180,Medium,1,Sales Representative,Low,Married,38977,1052379,1,0,17,Good,High,2,15,1,Bad,1,1,1,1,Jeune,Nantes
28,No,Non-Travel,589,Software,6,College,Medical,High,Homme,106,Low,5,Research Director,Very High,Married,20744,186696,8,1,32,Outstanding,Medium,3,28,2,Bad,14,1,7,10,Jeune,Nantes
46,No,Travel_Rarely,305,Research & Development,35,Master,Other,Low,Homme,40,Low,3,Developer,High,Married,7886,228694,2,0,7,Good,Very High,1,5,3,Best,5,4,5,2,Senior,Paris
41,No,Travel_Rarely,1034,Research & Development,3,Bachelor,Human Resources,High,Femme,48,Medium,1,Healthcare Representative,Very High,Single,48719,974380,0,0,21,Excellent,Low,3,34,3,Good,20,6,7,5,Adulte,Paris
24,Yes,Travel_Rarely,1442,Software,20,Master,Technical Degree,Low,Femme,96,Very High,1,Manager,Low,Single,36690,587040,6,0,30,Good,High,4,23,1,Better,12,5,5,4,Jeune,Nantes
47,Yes,Non-Travel,483,Human Resources,1,Doctor,Marketing,Low,Femme,95,Medium,4,Research Director,Very High,Married,12205,244100,0,0,18,Excellent,Very High,1,22,2,Good,12,3,8,1,Senior,Marseille
44,Yes,Travel_Frequently,728,Support,33,Bachelor,Other,High,Femme,53,High,2,Manager,High,Single,29697,831516,3,1,0,Excellent,Very High,1,30,1,Best,23,11,7,7,Adulte,Grenoble
18,Yes,Travel_Rarely,678,Software,44,Bachelor,Life Sciences,Medium,Homme,89,Very High,1,Sales Executive,Medium,Married,8544,230688,5,1,19,Excellent,Medium,1,22,2,Best,1,1,1,1,Jeune,Nantes
34,Yes,Travel_Frequently,1272,Sales,28,Bachelor,Other,Very High,Femme,47,High,2,Sales Executive,Low,Married,48616,972320,4,0,47,Excellent,Medium,1,14,2,Best,10,1,10,2,Adulte,Lyon
35,Yes,Travel_Frequently,1353,Software,11,Bachelor,Technical Degree,High,Homme,138,Very High,5,Sales Representative,Low,Single,43419,434190,0,1,7,Excellent,Low,4,23,3,Good,5,5,5,2,Adulte,Nantes
39,Yes,Travel_Frequently,940,Software,30,Below College,Marketing,Low,Femme,142,Medium,3,Sales Representative,High,Divorced,4329,38961,3,0,44,Bad,High,3,40,6,Better,2,2,1,2,Adulte,Nantes
48,No,Non-Travel,1453,Hardware,9,Master,Human Resources,High,Homme,194,High,1,Laboratory Technician,High,Single,22139,154973,8,1,48,Bad,Low,3,25,2,Best,5,3,4,5,Senior,Lille
20,No,Non-Travel,264,Human Resources,28,Bachelor,Technical Degree,Medium,Homme,187,Very High,3,Research Scientist,Low,Single,19172,191720,3,0,5,Outstanding,Low,4,31,2,Bad,31,3,16,30,Jeune,Marseille
22,No,Travel_Frequently,253,Research & Development,34,Below College,Marketing,Medium,Femme,179,High,4,Research Director,Very High,Married,9085,27255,3,1,5,Excellent,Low,1,29,4,Bad,14,1,7,11,Jeune,Paris
51,No,Non-Travel,1283,Software,3,Doctor,Other,Very High,Femme,155,Very High,1,Manager,Medium,Married,8159,179498,8,0,13,Excellent,Medium,2,20,3,Good,2,2,1,1,Senior,Nantes
23,No,Travel_Rarely,813,Hardware,25,Master,Technical Degree,Medium,Homme,146,Medium,5,Sales Executive,Medium,Married,22511,405198,4,1,18,Good,High,2,21,1,Bad,3,2,3,1,Jeune,Lille
55,Yes,Non-Travel,233,Support,25,Below College,Other,Medium,Femme,87,High,1,Manager,Low,Single,40091,922093,7,1,21,Outstanding,Low,4,22,3,Bad,3,3,1,3,Senior,Grenoble
44,Yes,Travel_Rarely,303,Sales,15,College,Life Sciences,Very High,Homme,32,Very High,1,Healthcare Representative,High,Divorced,44382,355056,7,1,0,Outstanding,Medium,1,19,4,Good,3,1,1,1,Adulte,Lyon
50,No,Travel_Rarely,1190,Research & Development,40,College,Human Resources,Low,Homme,36,Very High,1,Research Director,Very High,Single,1987,43714,7,0,20,Outstanding,Low,2,39,4,Good,26,16,7,3,Senior,Paris
44,Yes,Travel_Frequently,1125,Hardware,46,Bachelor,Life Sciences,Very High,Homme,118,Low,5,Research Scientist,Low,Married,37439,262073,5,1,19,Bad,Very High,3,1,3,Bad,1,1,1,1,Adulte,Lille
28,Yes,Travel_Rarely,1067,Human Resources,49,Bachelor,Human Resources,Medium,Homme,93,Very High,2,Manufacturing Director,Medium,Married,2765,11060,1,0,36,Good,Low,4,19,3,Bad,15,13,11,9,Jeune,Marseille
24,Yes,Travel_Rarely,1470,Support,39,Below College,Life Sciences,Medium,Homme,131,Very High,2,Research Director,Medium,Married,24183,580392,1,1,45,Outstanding,Medium,4,16,2,Bad,2,1,2,2,Jeune,Grenoble
30,No,Non-Travel,382,Hardware,19,Doctor,Life Sciences,Very High,Femme,85,Very High,5,Sales Representative,Medium,Married,14630,336490,1,0,36,Good,Very High,2,14,6,Better,11,10,11,9,Jeune,Lille
39,No,Travel_Frequently,1332,Hardware,25,Doctor,Technical Degree,High,Homme,71,Very High,4,Manufacturing Director,Low,Divorced,44948,629272,6,1,7,Excellent,Very High,2,39,5,Best,26,18,12,4,Adulte,Lille
39,No,Travel_Frequently,697,Hardware,6,Bachelor,Human Resources,Low,Femme,162,High,3,Human Resources,Very High,Divorced,13086,300978,2,1,14,Excellent,Low,4,13,2,Bad,4,3,4,1,Adulte,Lille
30,Yes,Travel_Rarely,115,Hardware,29,Bachelor,Life Sciences,Very High,Homme,92,Low,1,Healthcare Representative,Medium,Single,24779,396464,3,0,7,Outstanding,Low,2,37,5,Better,6,5,6,3,Jeune,Lille
48,Yes,Non-Travel,426,Human Resources,13,Below College,Medical,Very High,Homme,68,Medium,1,Healthcare Representative,Low,Divorced,39019,507247,4,1,26,Excellent,Very High,4,12,3,Better,12,1,1,5,Senior,Marseille
34,No,Travel_Rarely,170,Support,2,Below College,Medical,Very High,Femme,51,High,4,Laboratory Technician,Low,Divorced,41275,495300,4,1,15,Good,Very High,2,6,4,Bad,4,4,2,4,Adulte,Grenoble
42,Yes,Travel_Frequently,1038,Research & Development,30,Master,Medical,Low,Femme,97,Low,2,Developer,Medium,Divorced,18793,263102,6,0,10,Bad,Medium,3,36,3,Best,25,12,22,4,Adulte,Paris
43,Yes,Travel_Rarely,1483,Support,15,Bachelor,Human Resources,Low,Femme,60,Low,4,Research Scientist,Low,Divorced,48097,1106231,3,1,28,Outstanding,Very High,4,9,6,Good,4,1,2,4,Adulte,Grenoble
18,No,Travel_Rarely,1037,Hardware,49,College,Life Sciences,Medium,Homme,81,High,5,Sales Representative,Very High,Married,40787,1182823,4,1,44,Excellent,High,4,33,2,Best,20,7,3,6,Jeune,Lille
50,Yes,Travel_Rarely,1140,Software,43,Doctor,Life Sciences,High,Femme,187,High,3,Manufacturing Director,Very High,Married,21338,192042,4,1,19,Bad,Very High,4,10,4,Better,1,1,1,1,Senior,Nantes
47,No,Travel_Frequently,255,Research & Development,48,Master,Marketing,High,Homme,182,Low,4,Research Director,Very High,Divorced,49314,295884,4,1,45,Outstanding,High,2,8,3,Better,8,2,7,6,Senior,Paris
31,Yes,Travel_Rarely,337,Human Resources,8,College,Marketing,Low,Femme,39,Low,4,Laboratory Technician,Low,Married,8416,33664,0,0,3,Good,Very High,1,20,4,Best,18,6,6,7,Adulte,Marseille
26,No,Non-Travel,929,Research & Development,33,Doctor,Medical,Medium,Femme,91,High,2,Research Scientist,High,Married,29366,58732,8,1,41,Bad,High,1,9,6,Best,6,6,1,6,Jeune,Paris
56,No,Non-Travel,1011,Hardware,5,Below College,Technical Degree,Low,Homme,45,Medium,2,Human Resources,Very High,Single,21707,586089,4,1,19,Bad,Very High,3,17,4,Best,15,6,8,11,Senior,Lille
34,No,Travel_Rarely,800,Sales,19,Master,Marketing,Medium,Homme,141,High,4,Manufacturing Director,Very High,Married,18111,452775,0,0,46,Good,Very High,4,7,3,Best,5,5,1,3,Adulte,Lyon
32,No,Non-Travel,1162,Software,42,College,Life Sciences,Medium,Femme,131,High,5,Healthcare Representative,Very High,Married,31586,473790,4,0,14,Bad,High,2,20,1,Best,6,5,1,6,Adulte,Nantes
19,No,Travel_Rarely,419,Sales,35,Doctor,Marketing,Very High,Homme,193,Very High,1,Manufacturing Director,Low,Single,41584,790096,0,1,38,Excellent,Medium,1,11,2,Good,2,1,1,2,Jeune,Lyon
60,Yes,Travel_Frequently,1095,Human Resources,2,College,Other,High,Femme,82,Very High,5,Healthcare Representative,Very High,Divorced,26070,104280,0,1,30,Excellent,Very High,4,30,1,Best,28,5,7,5,Senior,Marseille
59,No,Non-Travel,985,Hardware,19,Below College,Marketing,High,Homme,190,High,5,Manufacturing Director,High,Married,37521,337689,4,0,1,Excellent,Very High,3,12,2,Best,6,6,2,5,Senior,Lille
39,Yes,Travel_Rarely,891,Hardware,26,Master,Life Sciences,High,Femme,119,Very High,2,Sales Representative,Low,Single,16750,184250,6,1,29,Good,Low,2,7,5,Better,2,2,1,2,Adulte,Lille
18,No,Non-Travel,185,Human Resources,41,Master,Medical,Medium,Femme,69,Low,2,Sales Executive,Medium,Divorced,37750,302000,6,1,7,Excellent,High,3,23,4,Bad,3,3,3,3,Jeune,Marseille
35,No,Non-Travel,660,Hardware,45,Doctor,Marketing,Low,Femme,59,Medium,3,Human Resources,Medium,Divorced,33203,996090,3,0,42,Excellent,Medium,1,5,2,Good,4,3,1,1,Adulte,Lille
54,No,Non-Travel,910,Research & Development,48,Doctor,Medical,High,Femme,88,High,1,Sales Executive,Medium,Single,46103,1383090,5,0,21,Bad,Very High,1,32,2,Bad,8,8,7,7,Senior,Paris
18,No,Travel_Rarely,1404,Sales,8,Bachelor,Technical Degree,High,Homme,136,Low,1,Sales Representative,Very High,Single,10562,105620,6,1,13,Excellent,Very High,1,29,4,Best,5,2,4,3,Jeune,Lyon
31,Yes,Travel_Rarely,362,Sales,14,Doctor,Medical,Medium,Homme,192,Low,1,Manufacturing Director,High,Married,10259,174403,3,0,21,Bad,Low,1,12,3,Bad,1,1,1,1,Adulte,Lyon
36,Yes,Travel_Frequently,497,Support,30,College,Marketing,Low,Homme,64,Very High,4,Research Director,High,Single,37440,861120,5,0,32,Outstanding,Medium,4,18,4,Best,8,1,7,5,Adulte,Grenoble
41,No,Travel_Frequently,347,Software,1,College,Other,Low,Femme,101,Medium,4,Laboratory Technician,Very High,Divorced,48482,484820,0,1,16,Good,High,4,35,3,Better,18,7,5,16,Adulte,Nantes
25,Yes,Non-Travel,1366,Research & Development,2,College,Technical Degree,Very High,Homme,164,Very High,4,Manager,High,Single,43900,43900,3,1,6,Outstanding,High,3,33,6,Better,20,1,10,17,Jeune,Paris
39,No,Non-Travel,1397,Software,16,College,Medical,Very High,Femme,162,Medium,5,Manager,Low,Married,4674,9348,2,1,6,Excellent,Very High,1,4,1,Bad,2,2,1,1,Adulte,Nantes
18,No,Non-Travel,1233,Support,3,Doctor,Other,Medium,Femme,43,Very High,4,Research Director,Medium,Married,21639,281307,2,0,0,Good,Very High,2,34,3,Best,28,22,7,17,Jeune,Grenoble
41,Yes,Travel_Rarely,1161,Software,47,Below College,Technical Degree,Very High,Femme,141,High,2,Research Scientist,Medium,Divorced,17688,300696,7,0,41,Bad,Very High,3,9,3,Better,8,8,3,6,Adulte,Nantes
36,No,Non-Travel,1021,Software,30,Bachelor,Life Sciences,Low,Homme,98,Very High,1,Research Scientist,Low,Single,31094,932820,4,0,6,Bad,Very High,3,5,3,Good,2,1,1,2,Adulte,Nantes
59,Yes,Non-Travel,1055,Research & Development,48,College,Technical Degree,Very High,Femme,175,Low,2,Sales Representative,Low,Divorced,3330,96570,7,1,20,Outstanding,Very High,3,10,1,Good,8,3,7,1,Senior,Paris
57,No,Non-Travel,597,Support,27,College,Technical Degree,Low,Homme,47,Very High,4,Laboratory Technician,Low,Single,12651,113859,4,1,8,Outstanding,High,3,16,4,Bad,13,11,9,12,Senior,Grenoble
50,Yes,Travel_Rarely,290,Sales,22,Below College,Human Resources,Very High,Femme,131,High,2,Human Resources,High,Divorced,10005,20010,0,0,43,Good,Low,3,35,4,Good,15,8,14,11,Senior,Lyon
41,Yes,Travel_Frequently,327,Sales,24,Below College,Technical Degree,High,Homme,191,High,5,Research Director,Medium,Single,31637,158185,3,1,20,Outstanding,High,3,35,4,Good,35,32,1,7,Adulte,Lyon
19,No,Travel_Frequently,169,Software,47,Below College,Medical,Low,Femme,126,Low,1,Manager,High,Single,21421,342736,8,0,31,Outstanding,High,3,5,3,Best,2,1,2,1,Jeune,Nantes
21,Yes,Travel_Frequently,838,Support,19,Bachelor,Life Sciences,High,Femme,196,Low,2,Sales Representative,Very High,Single,49293,1429497,5,1,38,Outstanding,High,3,40,2,Better,29,3,18,20,Jeune,Grenoble
58,No,Non-Travel,1278,Hardware,31,Doctor,Life Sciences,Low,Homme,81,High,4,Human Resources,Very High,Divorced,42313,592382,4,0,24,Good,Low,1,9,5,Good,5,5,2,1,Senior,Lille
23,Yes,Travel_Frequently,251,Sales,37,College,Technical Degree,Low,Homme,177,High,4,Research Director,Medium,Married,24409,97636,4,0,23,Bad,High,3,4,6,Good,4,4,1,3,Jeune,Lyon
58,Yes,Travel_Frequently,347,Support,47,Doctor,Other,Very High,Femme,135,High,1,Sales Executive,High,Married,15598,280764,3,0,15,Good,Low,4,31,1,Bad,19,17,19,5,Senior,Grenoble
29,No,Non-Travel,1090,Hardware,45,Master,Human Resources,High,Femme,152,Very High,1,Healthcare Representative,Very High,Divorced,12811,204976,5,1,8,Outstanding,Medium,3,12,3,Better,12,3,7,7,Jeune,Lille
43,No,Non-Travel,944,Hardware,22,Master,Other,High,Homme,31,Low,4,Research Scientist,High,Single,31929,415077,2,1,27,Good,Low,4,13,2,Best,3,2,1,2,Adulte,Lille
32,Yes,Travel_Frequently,209,Research & Development,25,Bachelor,Human Resources,High,Homme,144,Low,1,Manager,High,Divorced,44390,443900,3,0,37,Bad,Medium,3,27,1,Best,26,9,18,6,Adulte,Paris
38,No,Non-Travel,621,Hardware,6,Master,Technical Degree,Medium,Femme,82,High,2,Healthcare Representative,Very High,Divorced,5058,20232,6,0,15,Outstanding,Medium,3,38,6,Bad,12,7,5,8,Adulte,Lille
55,No,Travel_Frequently,1283,Hardware,26,Doctor,Human Resources,High,Homme,195,Very High,2,Sales Representative,High,Divorced,19853,536031,8,0,4,Outstanding,Low,4,12,6,Better,2,1,1,2,Senior,Lille
57,No,Travel_Frequently,219,Hardware,13,Below College,Human Resources,Low,Homme,35,Low,1,Developer,Medium,Single,48957,685398,8,1,16,Good,High,4,19,6,Better,8,3,4,1,Senior,Lille
54,Yes,Travel_Rarely,1456,Sales,35,Master,Medical,Very High,Homme,80,High,1,Manufacturing Director,Very High,Married,31887,733401,8,0,15,Good,Medium,3,33,6,Bad,17,15,15,15,Senior,Lyon
36,Yes,Travel_Rarely,1451,Software,42,College,Medical,Very High,Homme,45,Medium,1,Laboratory Technician,Low,Single,5143,72002,4,0,11,Outstanding,High,4,10,3,Good,9,7,7,6,Adulte,Nantes
60,No,Travel_Frequently,817,Support,13,Below College,Life Sciences,Medium,Homme,105,Medium,3,Developer,Medium,Divorced,27934,474878,2,0,23,Outstanding,Low,1,33,4,Better,29,19,20,2,Senior,Grenoble
25,Yes,Travel_Frequently,1323,Sales,36,College,Other,Low,Homme,194,Low,4,Manufacturing Director,Very High,Married,31125,871500,8,0,36,Bad,Medium,1,38,4,Good,8,4,3,7,Jeune,Lyon
25,Yes,Travel_Frequently,1022,Research & Development,7,College,Marketing,Very High,Homme,152,Low,5,Laboratory Technician,High,Married,44244,530928,6,1,38,Outstanding,Low,2,39,5,Better,8,3,5,1,Jeune,Paris
48,Yes,Travel_Rarely,678,Support,28,Below College,Other,High,Homme,91,High,4,Laboratory Technician,Medium,Married,23430,210870,8,1,3,Excellent,Very High,3,19,3,Better,9,9,7,8,Senior,Grenoble
57,Yes,Travel_Frequently,371,Software,17,Below College,Medical,Medium,Homme,140,Medium,5,Research Scientist,High,Married,3411,47754,7,1,27,Bad,Medium,3,15,3,Good,15,10,5,12,Senior,Nantes
26,Yes,Non-Travel,1083,Human Resources,39,College,Medical,High,Femme,43,High,2,Sales Executive,Medium,Married,11132,211508,1,0,22,Bad,Very High,4,3,6,Best,1,1,1,1,Jeune,Marseille
19,No,Non-Travel,1413,Hardware,40,Master,Human Resources,Low,Femme,166,High,4,Human Resources,Medium,Divorced,30068,691564,7,1,32,Bad,Medium,1,24,2,Bad,14,3,8,13,Jeune,Lille
34,Yes,Travel_Frequently,1032,Sales,11,Below College,Marketing,Medium,Femme,117,Medium,4,Healthcare Representative,Low,Divorced,18328,183280,4,1,11,Outstanding,Low,2,14,6,Good,14,3,5,13,Adulte,Lyon
44,No,Travel_Frequently,1270,Sales,9,Master,Marketing,Low,Femme,182,Low,3,Research Director,Low,Divorced,1942,15536,1,1,11,Outstanding,Medium,3,12,4,Better,3,3,2,2,Adulte,Lyon
27,No,Travel_Rarely,1426,Support,12,Master,Technical Degree,High,Homme,33,Very High,2,Research Director,High,Divorced,6493,25972,5,0,31,Bad,Very High,2,22,4,Best,10,1,9,5,Jeune,Grenoble
25,No,Travel_Rarely,1043,Hardware,18,Master,Medical,Very High,Femme,101,High,3,Research Scientist,Very High,Divorced,15941,334761,3,0,37,Excellent,High,4,21,4,Good,7,7,3,7,Jeune,Lille
24,No,Travel_Frequently,1177,Human Resources,31,Bachelor,Other,Very High,Femme,67,Very High,4,Developer,Low,Divorced,20167,544509,4,1,29,Good,High,3,20,1,Good,8,1,6,7,Jeune,Marseille
44,Yes,Travel_Frequently,1003,Sales,25,Master,Technical Degree,Very High,Femme,118,Medium,5,Healthcare Representative,Low,Divorced,11466,183456,4,1,36,Good,Medium,4,4,3,Bad,1,1,1,1,Adulte,Lyon
58,No,Travel_Frequently,595,Software,8,Below College,Medical,Medium,Homme,151,Low,5,Research Director,Very High,Single,21880,590760,0,1,28,Good,Medium,1,40,4,Bad,19,2,12,11,Senior,Nantes
30,Yes,Travel_Frequently,427,Research & Development,50,Bachelor,Marketing,Medium,Homme,168,Medium,5,Developer,High,Single,5645,73385,5,0,46,Excellent,Low,4,17,1,Bad,8,5,2,2,Jeune,Paris
19,Yes,Travel_Rarely,1120,Human Resources,7,Below College,Other,Very High,Femme,200,Very High,4,Manager,Low,Single,14796,29592,1,1,49,Outstanding,High,3,21,4,Best,20,16,3,12,Jeune,Marseille
27,No,Non-Travel,284,Hardware,39,College,Life Sciences,Very High,Homme,93,High,5,Developer,Medium,Divorced,7662,176226,6,1,21,Excellent,Very High,1,3,6,Bad,2,1,1,1,Jeune,Lille
47,No,Non-Travel,136,Sales,43,Master,Medical,Very High,Homme,118,High,3,Human Resources,Very High,Divorced,13967,83802,4,0,41,Bad,Medium,1,26,4,Best,11,8,7,2,Senior,Lyon
33,No,Travel_Frequently,323,Research & Development,24,Bachelor,Life Sciences,Very High,Homme,61,Medium,2,Developer,Medium,Married,41877,1046925,4,0,6,Good,Very High,3,21,4,Good,1,1,1,1,Adulte,Paris
27,Yes,Non-Travel,962,Sales,43,Bachelor,Other,Medium,Femme,31,High,4,Sales Representative,Low,Single,39676,912548,2,1,41,Bad,High,3,18,2,Bad,13,13,5,3,Jeune,Lyon
47,Yes,Travel_Rarely,675,Sales,45,Bachelor,Technical Degree,High,Homme,126,Medium,5,Manager,Medium,Divorced,21923,613844,7,0,44,Excellent,High,2,8,1,Bad,8,8,5,6,Senior,Lyon
25,No,Travel_Rarely,1021,Research & Development,47,Bachelor,Human Resources,Medium,Femme,150,Very High,1,Manufacturing Director,Medium,Divorced,18774,300384,3,1,27,Excellent,Medium,3,23,2,Better,13,9,13,12,Jeune,Paris
18,No,Travel_Rarely,222,Software,19,Bachelor,Other,Low,Homme,129,Very High,2,Sales Executive,Low,Single,30469,914070,3,0,27,Bad,High,1,24,3,Good,22,21,4,9,Jeune,Nantes
33,Yes,Travel_Rarely,1403,Support,30,Bachelor,Other,Low,Homme,42,Medium,5,Laboratory Technician,Medium,Divorced,42472,424720,1,0,4,Good,Medium,2,17,6,Bad,15,5,15,9,Adulte,Grenoble
18,Yes,Non-Travel,1143,Human Resources,6,Below College,Marketing,Low,Homme,100,Very High,2,Research Scientist,High,Married,21826,632954,4,1,17,Excellent,Low,4,6,1,Bad,4,3,1,3,Jeune,Marseille
21,No,Travel_Rarely,124,Human Resources,36,Bachelor,Marketing,High,Femme,40,Medium,4,Human Resources,Medium,Married,41510,373590,4,0,43,Bad,Low,3,34,1,Bad,9,4,5,6,Jeune,Marseille
30,No,Travel_Frequently,1387,Human Resources,36,Bachelor,Technical Degree,Very High,Homme,200,Medium,2,Laboratory Technician,Very High,Single,27106,813180,6,0,7,Bad,High,1,6,1,Better,6,4,6,1,Jeune,Marseille
54,No,Travel_Rarely,389,Support,29,Doctor,Medical,Medium,Femme,31,High,4,Laboratory Technician,High,Married,2148,12888,8,0,23,Outstanding,Very High,1,26,1,Better,10,10,4,9,Senior,Grenoble
46,No,Travel_Frequently,582,Support,10,Below College,Marketing,Medium,Homme,151,Low,3,Sales Executive,Medium,Married,4095,118755,3,0,13,Bad,Very High,4,29,1,Better,8,2,1,2,Senior,Grenoble
31,Yes,Travel_Rarely,1058,Research & Development,38,Doctor,Other,Low,Homme,176,High,4,Sales Executive,Medium,Married,8918,151606,3,1,45,Bad,Low,1,4,4,Best,3,3,2,3,Adulte,Paris
47,No,Non-Travel,445,Hardware,33,Below College,Medical,Very High,Femme,152,Very High,2,Human Resources,High,Single,36546,1096380,6,1,18,Excellent,Medium,1,40,4,Good,31,15,20,11,Senior,Lille
44,No,Travel_Frequently,1327,Support,2,Bachelor,Medical,High,Homme,55,High,1,Sales Executive,Medium,Married,12562,351736,3,1,36,Good,Very High,4,21,6,Bad,16,10,12,10,Adulte,Grenoble
51,No,Travel_Rarely,677,Research & Development,43,Below College,Human Resources,Very High,Femme,66,Medium,3,Human Resources,Very High,Divorced,50075,1502250,4,0,8,Outstanding,Very High,3,21,3,Good,7,4,6,4,Senior,Paris
22,Yes,Travel_Frequently,141,Support,39,Master,Human Resources,Medium,Femme,30,Low,2,Manager,Low,Married,34117,272936,4,1,31,Bad,Low,1,15,4,Bad,8,1,8,8,Jeune,Grenoble
33,Yes,Non-Travel,128,Hardware,34,College,Human Resources,Medium,Homme,189,High,2,Human Resources,Low,Married,24338,365070,5,0,8,Good,High,2,38,3,Good,19,18,14,4,Adulte,Lille
60,No,Travel_Rarely,622,Hardware,14,Doctor,Other,Medium,Homme,54,Medium,3,Sales Representative,Very High,Married,28556,371228,2,1,24,Bad,Low,4,2,4,Better,1,1,1,1,Senior,Lille
36,Yes,Non-Travel,716,Support,19,Master,Life Sciences,Very High,Femme,89,Low,5,Developer,Medium,Single,43698,1310940,4,0,38,Good,Very High,3,24,6,Best,16,15,7,7,Adulte,Grenoble
47,No,Travel_Rarely,737,Support,40,Bachelor,Marketing,Medium,Femme,111,Low,5,Developer,Low,Single,43948,571324,3,0,14,Bad,Medium,3,7,3,Good,6,5,6,4,Senior,Grenoble
44,No,Travel_Frequently,764,Software,36,College,Human Resources,Medium,Femme,135,Medium,3,Healthcare Representative,Very High,Single,41041,1149148,7,0,9,Good,Very High,1,32,1,Bad,11,9,2,10,Adulte,Nantes
54,Yes,Travel_Rarely,798,Human Resources,43,Bachelor,Marketing,Low,Homme,32,Medium,1,Human Resources,Very High,Divorced,24554,319202,7,0,3,Outstanding,Low,4,22,2,Best,13,1,12,11,Senior,Marseille
32,No,Non-Travel,1163,Hardware,31,Master,Medical,Low,Homme,65,Very High,3,Manufacturing Director,Low,Divorced,1954,48850,6,1,16,Excellent,Very High,1,32,5,Better,31,22,31,5,Adulte,Lille
20,Yes,Travel_Frequently,1324,Support,19,Bachelor,Other,Medium,Femme,198,High,4,Laboratory Technician,High,Single,18814,545606,4,1,44,Outstanding,High,4,27,5,Bad,13,3,8,7,Jeune,Grenoble
41,Yes,Travel_Frequently,515,Human Resources,44,Doctor,Life Sciences,High,Homme,136,Very High,5,Developer,Low,Divorced,8941,89410,6,0,14,Outstanding,High,1,21,3,Bad,9,5,4,4,Adulte,Marseille
22,Yes,Travel_Rarely,135,Sales,6,Below College,Marketing,High,Femme,107,Medium,2,Sales Representative,Very High,Divorced,15652,78260,5,0,32,Excellent,Medium,1,22,3,Good,19,12,4,3,Jeune,Lyon
46,Yes,Non-Travel,564,Support,6,College,Life Sciences,High,Homme,167,High,1,Human Resources,High,Single,17857,482139,1,1,15,Good,Very High,3,40,4,Good,14,14,5,3,Senior,Grenoble
18,Yes,Travel_Rarely,726,Hardware,18,Bachelor,Medical,Low,Homme,182,Very High,2,Sales Representative,Low,Divorced,45030,450300,2,1,49,Excellent,Low,2,15,2,Best,11,3,10,5,Jeune,Lille
27,Yes,Travel_Frequently,169,Sales,3,Master,Marketing,Low,Femme,36,Very High,4,Manufacturing Director,Very High,Divorced,21272,404168,5,0,13,Outstanding,Very High,4,33,5,Good,28,17,4,7,Jeune,Lyon
31,Yes,Travel_Frequently,883,Hardware,44,Bachelor,Other,Low,Homme,91,Low,3,Healthcare Representative,Very High,Married,41215,659440,6,0,38,Good,High,2,40,4,Better,5,5,1,2,Adulte,Lille
24,No,Travel_Rarely,1224,Software,28,Master,Human Resources,Medium,Femme,118,Low,3,Research Director,Medium,Married,15916,318320,6,0,6,Good,High,2,29,4,Bad,21,4,19,20,Jeune,Nantes
35,No,Non-Travel,893,Hardware,32,Bachelor,Technical Degree,Low,Homme,97,Low,4,Developer,Very High,Single,29660,771160,6,0,40,Outstanding,Low,1,31,5,Good,22,17,18,20,Adulte,Lille
47,No,Travel_Rarely,1285,Hardware,9,Below College,Other,Very High,Homme,167,Low,3,Manager,Low,Divorced,3935,78700,3,1,41,Excellent,Low,1,34,6,Bad,13,9,6,3,Senior,Lille
46,No,Travel_Frequently,1010,Research & Development,25,Below College,Technical Degree,Low,Homme,140,Very High,2,Research Scientist,Very High,Single,10970,21940,6,1,46,Excellent,Medium,3,24,5,Good,6,4,1,3,Senior,Paris
36,Yes,Non-Travel,1212,Support,20,Doctor,Technical Degree,High,Homme,178,Very High,3,Human Resources,High,Divorced,20103,361854,1,0,19,Good,Very High,3,39,4,Best,2,2,2,1,Adulte,Grenoble
54,No,Travel_Rarely,225,Human Resources,15,Below College,Medical,High,Homme,190,High,3,Sales Executive,Low,Single,27865,724490,5,1,22,Excellent,Very High,4,23,1,Better,19,7,7,9,Senior,Marseille
46,No,Non-Travel,474,Research & Development,17,Below College,Human Resources,Medium,Femme,125,Very High,5,Healthcare Representative,High,Single,39715,1032590,2,1,40,Outstanding,High,1,6,5,Best,1,1,1,1,Senior,Paris
21,No,Travel_Frequently,306,Hardware,48,Bachelor,Technical Degree,High,Femme,76,Medium,5,Manufacturing Director,High,Divorced,13596,271920,3,1,27,Good,Low,2,25,2,Good,6,2,1,1,Jeune,Lille
47,Yes,Non-Travel,732,Hardware,43,Bachelor,Marketing,Medium,Femme,110,Very High,2,Manager,Low,Single,34320,446160,3,1,9,Excellent,Medium,3,20,3,Best,6,1,3,5,Senior,Lille
29,No,Non-Travel,1255,Human Resources,1,Bachelor,Technical Degree,High,Homme,183,Medium,2,Research Scientist,Medium,Married,32743,491145,7,0,23,Bad,Low,2,34,4,Good,22,20,4,1,Jeune,Marseille
22,No,Travel_Rarely,849,Hardware,21,Below College,Medical,High,Femme,160,High,1,Human Resources,Very High,Single,5000,25000,4,0,36,Outstanding,Medium,3,36,2,Bad,26,18,16,15,Jeune,Lille
47,Yes,Travel_Rarely,1240,Research & Development,25,Below College,Technical Degree,Low,Femme,125,Low,2,Sales Executive,Very High,Single,37825,226950,5,1,6,Good,Low,2,26,5,Best,3,1,3,1,Senior,Paris
40,Yes,Travel_Rarely,440,Research & Development,49,Below College,Technical Degree,Medium,Homme,79,Low,3,Manager,High,Single,35371,495194,6,0,32,Good,Low,3,37,1,Best,8,4,7,2,Adulte,Paris
26,No,Travel_Frequently,470,Research & Development,29,Below College,Life Sciences,Very High,Homme,111,Very High,2,Healthcare Representative,Very High,Married,27679,332148,0,0,36,Bad,Medium,1,25,6,Better,17,5,13,5,Jeune,Paris
31,No,Travel_Rarely,1412,Support,42,Below College,Technical Degree,Very High,Femme,41,High,2,Human Resources,Low,Married,19001,456024,8,1,23,Good,Low,3,19,4,Bad,15,11,7,10,Adulte,Grenoble
37,Yes,Travel_Rarely,353,Research & Development,15,Below College,Medical,Very High,Homme,152,Medium,5,Human Resources,Very High,Divorced,6029,90435,2,1,32,Excellent,Medium,4,37,3,Bad,18,10,5,12,Adulte,Paris
19,No,Non-Travel,104,Software,9,Below College,Technical Degree,Medium,Femme,46,Medium,1,Manager,Low,Married,28429,284290,4,1,47,Outstanding,High,4,21,4,Better,13,6,6,5,Jeune,Nantes
55,No,Travel_Rarely,898,Sales,41,College,Technical Degree,Very High,Homme,186,High,1,Developer,Very High,Married,1183,34307,1,0,16,Outstanding,Very High,4,28,3,Best,26,2,22,20,Senior,Lyon
21,Yes,Travel_Frequently,791,Hardware,36,Doctor,Other,Very High,Homme,181,Very High,5,Manufacturing Director,High,Married,5470,131280,1,0,12,Outstanding,Very High,4,4,5,Best,1,1,1,1,Jeune,Lille
25,Yes,Non-Travel,1025,Hardware,22,Bachelor,Human Resources,High,Femme,143,Low,2,Research Director,Medium,Single,20315,385985,5,0,13,Bad,Low,3,26,6,Bad,2,1,1,2,Jeune,Lille
25,No,Travel_Frequently,427,Hardware,42,Bachelor,Human Resources,High,Homme,72,Medium,1,Sales Executive,High,Married,15004,405108,2,1,12,Outstanding,Very High,3,40,1,Better,29,23,18,14,Jeune,Lille
58,Yes,Travel_Rarely,1230,Support,35,Below College,Other,Low,Femme,180,High,5,Manufacturing Director,Medium,Divorced,24236,460484,6,0,1,Excellent,High,2,28,5,Good,7,4,1,5,Senior,Grenoble
27,Yes,Non-Travel,1338,Hardware,50,Below College,Technical Degree,Medium,Femme,81,Very High,4,Manager,Low,Married,16919,219947,0,0,44,Good,Very High,4,32,6,Good,3,1,2,3,Jeune,Lille
40,Yes,Travel_Rarely,1367,Research & Development,7,College,Human Resources,Very High,Homme,38,Very High,1,Manager,Very High,Divorced,21124,232364,7,1,12,Outstanding,High,3,29,6,Better,19,5,4,9,Adulte,Paris
33,Yes,Travel_Rarely,1006,Research & Development,12,College,Marketing,Very High,Femme,138,High,1,Developer,Medium,Single,23414,280968,4,1,9,Bad,Medium,1,28,2,Bad,3,1,1,2,Adulte,Paris
23,No,Travel_Frequently,699,Sales,33,College,Other,Low,Femme,55,Very High,3,Developer,Medium,Divorced,40132,561848,5,1,36,Excellent,Low,4,13,4,Good,1,1,1,1,Jeune,Lyon
31,Yes,Non-Travel,964,Hardware,8,Doctor,Other,Low,Homme,51,High,3,Manager,Low,Divorced,21338,64014,0,1,14,Outstanding,Low,3,32,6,Good,4,1,1,4,Adulte,Lille
45,No,Non-Travel,678,Hardware,15,Below College,Marketing,High,Femme,129,Low,1,Sales Executive,Very High,Married,8317,216242,7,0,6,Outstanding,Medium,3,24,6,Good,3,2,1,2,Adulte,Lille
34,No,Travel_Frequently,1451,Sales,37,Doctor,Other,Very High,Homme,185,High,2,Developer,Low,Single,1752,45552,2,0,21,Outstanding,Very High,1,31,3,Good,9,2,7,2,Adulte,Lyon
32,No,Non-Travel,108,Research & Development,13,Below College,Life Sciences,Low,Homme,122,Low,1,Research Director,Low,Single,16826,67304,5,0,11,Excellent,Medium,3,37,4,Best,22,4,6,8,Adulte,Paris
46,Yes,Travel_Rarely,730,Hardware,44,Doctor,Human Resources,Medium,Homme,83,Medium,2,Laboratory Technician,High,Divorced,1413,8478,6,1,6,Excellent,High,4,31,6,Good,10,3,10,2,Senior,Lille
46,No,Travel_Rarely,651,Support,8,Bachelor,Marketing,Low,Homme,121,Medium,2,Laboratory Technician,Very High,Married,24776,594624,0,0,6,Excellent,Medium,3,22,5,Best,2,2,1,2,Senior,Grenoble
36,Yes,Non-Travel,1448,Software,12,Doctor,Other,Medium,Homme,31,Very High,4,Human Resources,Medium,Divorced,23353,607178,1,1,25,Bad,Low,4,1,3,Best,1,1,1,1,Adulte,Nantes
18,No,Travel_Rarely,414,Software,49,Doctor,Marketing,Very High,Femme,39,High,4,Healthcare Representative,Very High,Single,11772,282528,2,0,19,Good,Very High,4,13,6,Best,12,12,3,10,Jeune,Nantes
40,No,Travel_Rarely,193,Hardware,10,Doctor,Marketing,Medium,Homme,119,Very High,2,Research Scientist,Low,Single,16249,341229,7,0,45,Excellent,High,4,32,4,Best,6,2,4,6,Adulte,Lille
46,No,Non-Travel,1320,Research & Development,15,Bachelor,Marketing,Very High,Femme,128,High,1,Sales Representative,High,Divorced,2491,29892,2,0,40,Good,High,3,39,6,Better,9,4,6,8,Senior,Paris
38,No,Travel_Frequently,1181,Research & Development,38,Below College,Life Sciences,Medium,Femme,177,Medium,5,Manager,Medium,Divorced,4769,47690,4,0,0,Good,High,2,23,5,Bad,1,1,1,1,Adulte,Paris
41,No,Non-Travel,245,Sales,21,Doctor,Other,Medium,Homme,89,Medium,5,Research Director,Medium,Divorced,49272,1083984,5,0,15,Outstanding,Medium,4,32,4,Best,12,12,8,1,Adulte,Lyon
43,Yes,Travel_Rarely,1490,Research & Development,36,Master,Technical Degree,High,Femme,30,High,1,Research Director,Medium,Single,25584,332592,4,0,9,Excellent,Medium,2,9,6,Better,1,1,1,1,Adulte,Paris
58,Yes,Travel_Rarely,167,Hardware,47,Master,Marketing,High,Homme,167,Medium,3,Laboratory Technician,Very High,Married,21159,42318,5,1,2,Outstanding,High,1,8,5,Better,4,2,2,4,Senior,Lille
60,Yes,Travel_Rarely,688,Research & Development,22,College,Technical Degree,Low,Homme,93,High,2,Research Scientist,High,Married,36230,833290,8,0,43,Good,High,1,4,2,Better,3,3,1,1,Senior,Paris
27,Yes,Travel_Rarely,789,Support,29,Below College,Marketing,Very High,Femme,91,Very High,5,Laboratory Technician,Medium,Married,10317,237291,2,0,47,Outstanding,High,3,17,5,Good,15,8,3,5,Jeune,Grenoble
52,Yes,Non-Travel,1180,Sales,9,Doctor,Other,Medium,Homme,147,High,4,Sales Executive,Medium,Single,26509,795270,7,0,49,Outstanding,Medium,4,37,1,Better,28,3,28,17,Senior,Lyon
30,Yes,Travel_Frequently,1378,Research & Development,17,Master,Technical Degree,High,Homme,36,Low,4,Research Scientist,Low,Single,29276,87828,6,1,7,Bad,Low,4,12,4,Best,9,4,8,5,Jeune,Paris
45,Yes,Non-Travel,987,Human Resources,34,Doctor,Marketing,Low,Femme,143,Very High,3,Laboratory Technician,Very High,Divorced,24618,541596,0,1,47,Outstanding,Very High,2,4,2,Better,4,2,2,3,Adulte,Marseille
23,Yes,Non-Travel,1213,Hardware,23,College,Life Sciences,High,Femme,70,Low,3,Developer,High,Single,34930,174650,0,0,45,Excellent,Medium,3,26,1,Good,7,4,2,3,Jeune,Lille
26,No,Travel_Rarely,637,Human Resources,16,Bachelor,Other,High,Homme,127,Very High,2,Manager,Very High,Single,2688,64512,8,1,28,Bad,Medium,4,30,4,Better,4,3,1,1,Jeune,Marseille
51,Yes,Non-Travel,238,Sales,29,Master,Human Resources,High,Femme,96,Low,3,Healthcare Representative,Low,Married,27730,499140,6,0,14,Bad,Very High,3,13,1,Better,12,3,5,9,Senior,Lyon
39,Yes,Travel_Frequently,1333,Software,28,College,Marketing,Very High,Femme,126,Very High,2,Manufacturing Director,High,Single,48933,538263,4,0,49,Good,Low,1,23,6,Best,5,2,1,5,Adulte,Nantes
42,No,Non-Travel,1449,Software,1,Master,Marketing,Low,Homme,122,Low,5,Human Resources,Medium,Married,37012,888288,5,1,21,Outstanding,Medium,4,40,3,Bad,39,1,35,2,Adulte,Nantes
28,No,Non-Travel,1391,Sales,42,Master,Human Resources,Medium,Femme,81,Medium,1,Sales Executive,High,Single,36077,432924,1,0,24,Bad,Very High,4,14,1,Better,6,2,4,6,Jeune,Lyon
43,No,Travel_Frequently,1493,Software,26,Master,Other,Low,Homme,33,Medium,2,Developer,High,Single,15895,397375,1,1,10,Excellent,Low,4,25,3,Better,23,4,7,13,Adulte,Nantes
33,Yes,Non-Travel,1036,Software,28,Bachelor,Marketing,Very High,Femme,85,Medium,2,Manufacturing Director,Medium,Divorced,28265,452240,0,0,34,Outstanding,Medium,1,33,2,Bad,3,2,1,2,Adulte,Nantes
40,No,Travel_Rarely,1118,Human Resources,10,College,Human Resources,Low,Homme,138,Medium,4,Research Scientist,Very High,Divorced,31685,443590,4,1,39,Good,Medium,4,10,2,Bad,5,3,5,5,Adulte,Marseille
32,Yes,Travel_Rarely,815,Sales,37,Master,Other,Very High,Homme,40,Medium,1,Research Scientist,Low,Single,31139,840753,5,0,35,Good,Very High,2,4,1,Bad,3,1,1,1,Adulte,Lyon
30,Yes,Travel_Frequently,245,Sales,4,College,Marketing,Medium,Homme,67,Low,3,Manager,Medium,Divorced,50226,904068,2,0,6,Good,Very High,1,28,3,Best,27,13,4,18,Jeune,Lyon
35,No,Travel_Rarely,232,Hardware,19,Master,Life Sciences,Very High,Homme,137,High,1,Human Resources,Very High,Married,2259,51957,1,1,49,Bad,Low,4,27,4,Bad,26,2,25,8,Adulte,Lille
39,No,Non-Travel,206,Human Resources,14,College,Life Sciences,Very High,Homme,93,Low,2,Sales Executive,Very High,Divorced,25134,326742,4,0,36,Outstanding,High,1,24,5,Bad,20,18,10,6,Adulte,Marseille
36,Yes,Travel_Frequently,770,Human Resources,41,Below College,Other,Low,Femme,140,Medium,4,Healthcare Representative,High,Married,1569,47070,1,0,7,Excellent,Very High,4,12,5,Good,6,2,4,3,Adulte,Marseille
24,Yes,Non-Travel,1013,Support,33,Master,Marketing,Low,Homme,148,High,3,Sales Representative,High,Married,15350,445150,0,0,44,Excellent,Medium,2,38,5,Better,17,2,6,9,Jeune,Grenoble
59,Yes,Travel_Frequently,991,Hardware,12,College,Medical,High,Femme,166,Medium,1,Sales Representative,High,Single,24086,578064,7,0,40,Outstanding,Very High,1,26,2,Good,23,4,11,18,Senior,Lille
41,Yes,Travel_Rarely,100,Support,28,Master,Life Sciences,Medium,Homme,200,Medium,5,Research Director,Very High,Divorced,16953,220389,6,0,18,Good,Medium,2,12,5,Good,2,2,1,2,Adulte,Grenoble
22,Yes,Travel_Frequently,1191,Human Resources,28,Doctor,Other,Low,Homme,175,Medium,4,Developer,High,Divorced,19506,448638,1,0,22,Good,Medium,3,30,3,Better,15,9,11,5,Jeune,Marseille
57,No,Travel_Frequently,729,Support,46,College,Technical Degree,Medium,Homme,48,Medium,1,Developer,High,Single,7665,84315,6,1,20,Good,High,4,39,2,Best,26,7,15,14,Senior,Grenoble
50,No,Non-Travel,387,Software,9,Bachelor,Other,High,Homme,83,Medium,4,Human Resources,Low,Divorced,15910,111370,3,0,39,Excellent,Low,1,29,3,Best,29,17,4,4,Senior,Nantes
42,Yes,Non-Travel,758,Hardware,6,Below College,Human Resources,Medium,Femme,90,Medium,4,Manager,Medium,Married,14990,329780,1,1,7,Good,High,1,16,5,Bad,7,5,5,3,Adulte,Lille
51,Yes,Travel_Frequently,1030,Hardware,5,Bachelor,Medical,High,Homme,41,High,5,Manufacturing Director,High,Married,27258,81774,4,1,45,Good,High,3,15,4,Better,10,7,10,10,Senior,Lille
43,Yes,Travel_Rarely,1497,Hardware,38,Below College,Marketing,Very High,Femme,181,Medium,5,Manager,High,Divorced,31426,691372,0,1,15,Good,Very High,3,35,4,Good,35,29,19,6,Adulte,Lille
22,Yes,Travel_Rarely,712,Software,40,College,Life Sciences,Low,Femme,116,Medium,3,Laboratory Technician,Low,Single,36860,516040,8,1,23,Outstanding,Low,4,7,1,Bad,6,2,2,3,Jeune,Nantes
57,Yes,Non-Travel,1039,Research & Development,50,Bachelor,Technical Degree,Low,Homme,78,High,3,Sales Executive,Very High,Divorced,12684,126840,6,1,10,Bad,Very High,3,33,5,Bad,7,4,1,6,Senior,Paris
29,No,Non-Travel,950,Software,29,Below College,Marketing,Very High,Homme,53,High,1,Research Scientist,Low,Single,11515,80605,2,0,33,Bad,Medium,3,14,2,Better,9,3,7,2,Jeune,Nantes
52,No,Non-Travel,1290,Sales,27,College,Marketing,High,Femme,73,Low,4,Human Resources,Medium,Single,7347,220410,4,1,45,Bad,Very High,2,1,6,Good,1,1,1,1,Senior,Lyon
47,No,Travel_Rarely,442,Hardware,11,Doctor,Life Sciences,Medium,Homme,128,Very High,3,Research Scientist,Very High,Divorced,13494,350844,5,0,30,Good,Very High,3,26,3,Good,24,10,10,14,Senior,Lille
20,No,Non-Travel,784,Software,29,Bachelor,Life Sciences,Low,Femme,79,Medium,3,Healthcare Representative,High,Single,28918,722950,4,0,44,Excellent,High,4,27,1,Bad,14,11,3,3,Jeune,Nantes
31,No,Travel_Frequently,757,Human Resources,31,Master,Marketing,Very High,Homme,112,Medium,4,Manufacturing Director,High,Married,40072,641152,0,1,17,Excellent,Very High,3,7,2,Better,1,1,1,1,Adulte,Marseille
19,No,Non-Travel,410,Support,28,College,Human Resources,Low,Homme,125,Medium,5,Laboratory Technician,Very High,Divorced,43688,1135888,4,1,18,Excellent,High,3,39,4,Better,22,16,7,18,Jeune,Grenoble
29,No,Travel_Rarely,955,Support,8,College,Life Sciences,High,Femme,168,High,4,Human Resources,Medium,Divorced,32773,98319,2,0,43,Outstanding,Very High,3,18,2,Better,2,1,2,2,Jeune,Grenoble
49,Yes,Non-Travel,442,Human Resources,6,Bachelor,Medical,High,Femme,112,Very High,3,Sales Executive,Medium,Divorced,10357,31071,8,1,26,Outstanding,Very High,3,30,1,Bad,16,7,7,3,Senior,Marseille
52,No,Travel_Frequently,1402,Software,11,Doctor,Human Resources,Low,Femme,105,High,1,Developer,High,Divorced,11046,187782,7,1,31,Good,Very High,4,11,6,Better,6,1,4,5,Senior,Nantes
36,No,Travel_Rarely,1287,Hardware,41,Master,Technical Degree,High,Homme,160,Low,4,Developer,Low,Married,19854,436788,2,0,1,Excellent,High,4,21,4,Good,17,5,3,11,Adulte,Lille
56,Yes,Non-Travel,991,Human Resources,18,College,Technical Degree,Very High,Femme,42,Medium,3,Manager,Very High,Divorced,47526,1425780,0,0,27,Excellent,Low,4,15,2,Best,7,6,4,7,Senior,Marseille
30,No,Non-Travel,1050,Software,32,Below College,Medical,High,Homme,154,Medium,2,Healthcare Representative,Very High,Married,46290,694350,7,0,25,Bad,Medium,1,15,3,Better,3,1,3,2,Jeune,Nantes
55,Yes,Travel_Frequently,309,Human Resources,34,Bachelor,Medical,Low,Femme,183,Medium,2,Research Director,Very High,Married,14596,145960,2,1,16,Outstanding,Very High,1,29,3,Good,10,1,2,1,Senior,Marseille
44,Yes,Travel_Frequently,230,Support,49,Doctor,Marketing,Very High,Femme,82,Medium,1,Human Resources,Low,Married,32483,32483,8,0,10,Good,Low,1,12,6,Good,2,1,1,2,Adulte,Grenoble
27,Yes,Non-Travel,1274,Software,19,Master,Human Resources,Very High,Homme,121,Low,2,Research Director,Medium,Single,44420,355360,7,0,41,Outstanding,Medium,4,11,5,Best,8,3,7,3,Jeune,Nantes
19,No,Non-Travel,355,Software,2,Master,Human Resources,Very High,Homme,44,Low,2,Developer,High,Single,45982,183928,8,0,31,Bad,High,3,17,2,Best,7,7,5,4,Jeune,Nantes
35,Yes,Travel_Frequently,1078,Sales,1,Doctor,Human Resources,High,Femme,51,Low,3,Manufacturing Director,Medium,Single,7139,199892,7,1,29,Good,Very High,2,5,2,Best,2,1,1,2,Adulte,Lyon
59,Yes,Travel_Frequently,539,Support,30,Master,Human Resources,Medium,Femme,49,High,1,Research Director,High,Single,4047,68799,5,0,3,Excellent,Low,1,13,1,Good,4,2,4,2,Senior,Grenoble
25,No,Travel_Rarely,1072,Hardware,20,Master,Technical Degree,Medium,Homme,142,Very High,1,Healthcare Representative,High,Married,24427,561821,0,1,49,Outstanding,Very High,2,18,5,Bad,1,1,1,1,Jeune,Lille
30,No,Travel_Frequently,504,Research & Development,25,Master,Marketing,Low,Homme,112,Low,3,Human Resources,Very High,Married,28507,456112,3,1,25,Outstanding,Medium,2,24,6,Good,6,1,2,3,Jeune,Paris
53,No,Travel_Frequently,1115,Research & Development,22,Bachelor,Marketing,Low,Homme,183,Medium,1,Manufacturing Director,Medium,Single,48072,288432,5,0,19,Excellent,High,1,1,2,Bad,1,1,1,1,Senior,Paris
59,Yes,Non-Travel,745,Software,32,Master,Marketing,Medium,Homme,181,Very High,1,Human Resources,High,Married,3938,47256,4,1,38,Good,Very High,3,40,6,Better,5,2,1,3,Senior,Nantes
46,Yes,Non-Travel,718,Support,21,Doctor,Medical,High,Homme,106,Medium,1,Sales Representative,Low,Divorced,45798,1328142,6,1,9,Outstanding,Medium,4,33,3,Bad,1,1,1,1,Senior,Grenoble
26,Yes,Non-Travel,657,Hardware,49,Below College,Marketing,Low,Homme,134,Medium,3,Laboratory Technician,Medium,Single,25101,401616,5,0,24,Bad,High,1,2,1,Bad,1,1,1,1,Jeune,Lille
60,No,Travel_Frequently,631,Software,9,Below College,Technical Degree,Medium,Homme,178,Low,5,Healthcare Representative,Medium,Single,48988,1322676,0,0,12,Bad,Medium,4,7,4,Best,1,1,1,1,Senior,Nantes
57,No,Travel_Rarely,1425,Software,8,Below College,Technical Degree,Very High,Femme,146,Very High,2,Manager,Low,Married,32070,641400,3,1,46,Good,Very High,1,7,6,Bad,4,3,2,4,Senior,Nantes
55,Yes,Travel_Rarely,272,Support,34,Bachelor,Life Sciences,Very High,Homme,183,Medium,5,Developer,Very High,Single,29524,501908,8,0,9,Outstanding,Very High,4,22,2,Bad,1,1,1,1,Senior,Grenoble
26,No,Travel_Frequently,1180,Human Resources,12,Bachelor,Human Resources,Medium,Femme,53,Very High,4,Healthcare Representative,Very High,Married,44001,440010,1,1,35,Good,Low,1,3,1,Good,3,2,3,2,Jeune,Marseille
39,Yes,Travel_Frequently,776,Human Resources,25,Master,Other,Medium,Femme,54,Very High,4,Human Resources,High,Single,35397,955719,1,0,11,Bad,Medium,3,21,1,Best,18,10,15,18,Adulte,Marseille
52,Yes,Travel_Rarely,1147,Human Resources,17,Master,Other,Medium,Homme,145,Very High,2,Manufacturing Director,Medium,Single,14964,14964,1,1,12,Good,High,2,27,1,Bad,22,18,6,14,Senior,Marseille
39,Yes,Travel_Rarely,1338,Sales,19,College,Other,Medium,Homme,162,High,2,Human Resources,Low,Married,27312,273120,3,0,23,Bad,Low,1,1,1,Good,1,1,1,1,Adulte,Lyon
39,Yes,Travel_Frequently,1162,Research & Development,39,Master,Marketing,Very High,Homme,44,High,2,Research Director,High,Married,47788,1242488,1,0,13,Good,Low,1,11,1,Good,5,4,1,4,Adulte,Paris
23,No,Travel_Frequently,735,Support,2,Below College,Medical,Very High,Femme,60,Low,4,Research Director,Medium,Divorced,20944,544544,7,1,11,Outstanding,High,3,37,3,Better,10,3,7,2,Jeune,Grenoble
39,Yes,Travel_Rarely,1181,Hardware,37,College,Other,High,Femme,69,Medium,2,Research Scientist,High,Divorced,14348,401744,6,1,25,Outstanding,Medium,2,38,6,Bad,21,17,20,3,Adulte,Lille
37,No,Travel_Frequently,826,Software,28,Below College,Human Resources,High,Femme,125,Very High,2,Sales Executive,High,Single,2050,30750,6,0,33,Good,High,3,34,6,Best,19,12,6,7,Adulte,Nantes
53,Yes,Travel_Frequently,497,Human Resources,14,Below College,Other,Very High,Homme,122,Very High,1,Human Resources,Low,Married,43235,518820,4,1,44,Bad,High,2,27,3,Bad,2,2,1,1,Senior,Marseille
44,Yes,Non-Travel,765,Sales,16,Below College,Technical Degree,Very High,Homme,178,Medium,3,Manufacturing Director,Very High,Single,44125,1191375,1,0,15,Bad,Medium,4,24,2,Better,20,1,12,7,Adulte,Lyon
29,No,Travel_Frequently,743,Sales,33,Bachelor,Other,Medium,Homme,63,Medium,4,Research Director,Very High,Single,48249,675486,0,0,30,Bad,High,1,38,6,Good,34,13,21,8,Jeune,Lyon
42,No,Travel_Frequently,474,Software,12,College,Marketing,Low,Homme,149,Medium,2,Research Scientist,Low,Single,20775,581700,3,1,7,Bad,High,2,10,2,Good,9,3,5,3,Adulte,Nantes
43,Yes,Travel_Frequently,916,Support,13,College,Marketing,Very High,Femme,124,High,3,Sales Representative,Low,Single,33647,403764,7,0,34,Outstanding,Very High,4,22,3,Good,11,11,6,11,Adulte,Grenoble
44,Yes,Non-Travel,1388,Sales,29,Below College,Medical,Low,Femme,184,High,3,Laboratory Technician,Very High,Divorced,17512,367752,8,1,31,Outstanding,Low,1,21,3,Better,13,3,10,3,Adulte,Lyon
28,Yes,Travel_Rarely,1005,Sales,1,Below College,Technical Degree,High,Femme,103,Medium,1,Laboratory Technician,Very High,Married,24587,270457,5,0,9,Outstanding,Very High,2,16,2,Better,15,6,9,5,Jeune,Lyon
57,Yes,Non-Travel,1312,Software,46,Bachelor,Other,Low,Homme,47,High,4,Sales Representative,Very High,Divorced,10145,10145,5,1,41,Outstanding,Very High,3,26,3,Good,22,18,5,13,Senior,Nantes
22,Yes,Travel_Frequently,357,Hardware,42,Doctor,Medical,Low,Homme,83,High,4,Developer,Low,Married,33706,741532,6,0,9,Excellent,Low,1,36,2,Good,2,1,1,1,Jeune,Lille
56,No,Travel_Frequently,128,Research & Development,39,Master,Human Resources,Very High,Femme,96,Low,2,Human Resources,Very High,Divorced,39466,907718,2,0,13,Excellent,Medium,3,5,5,Good,1,1,1,1,Senior,Paris
42,No,Non-Travel,1046,Software,15,Doctor,Life Sciences,Medium,Homme,135,High,3,Human Resources,High,Single,37267,223602,1,1,3,Excellent,Medium,2,1,5,Bad,1,1,1,1,Adulte,Nantes
59,No,Travel_Rarely,1271,Software,9,Below College,Other,Very High,Homme,175,Very High,5,Developer,Very High,Married,24405,292860,5,0,17,Bad,Medium,2,23,6,Best,9,5,3,1,Senior,Nantes
21,No,Travel_Rarely,301,Hardware,46,Below College,Human Resources,Medium,Femme,127,Medium,3,Healthcare Representative,Medium,Divorced,46814,1170350,3,1,32,Excellent,Very High,1,32,6,Bad,9,5,5,4,Jeune,Lille
58,No,Travel_Frequently,1207,Hardware,47,Bachelor,Life Sciences,High,Femme,150,High,2,Manufacturing Director,Very High,Single,18357,55071,8,0,27,Excellent,Very High,3,15,6,Best,1,1,1,1,Senior,Lille
35,No,Non-Travel,1154,Human Resources,34,Master,Life Sciences,Very High,Femme,84,Low,5,Research Scientist,Medium,Single,24774,594576,4,0,19,Bad,Medium,2,19,4,Better,8,5,4,4,Adulte,Marseille
33,Yes,Non-Travel,156,Software,32,College,Life Sciences,Medium,Femme,64,Very High,2,Developer,High,Single,25855,206840,6,0,19,Excellent,Very High,4,31,4,Better,20,8,19,7,Adulte,Nantes
42,No,Travel_Rarely,846,Research & Development,24,Below College,Technical Degree,High,Homme,85,Low,5,Healthcare Representative,High,Single,4939,74085,6,0,31,Good,Very High,4,17,1,Best,15,9,4,8,Adulte,Paris
40,Yes,Travel_Frequently,381,Software,31,Master,Other,High,Homme,133,Low,5,Research Director,High,Single,9285,213555,2,1,22,Bad,Low,4,36,4,Good,3,2,1,1,Adulte,Nantes
36,Yes,Travel_Rarely,880,Support,35,Master,Life Sciences,Low,Homme,72,Very High,3,Research Scientist,High,Divorced,41269,206345,1,1,30,Bad,High,3,2,2,Bad,1,1,1,1,Adulte,Grenoble
46,Yes,Non-Travel,763,Hardware,7,Below College,Human Resources,Medium,Femme,169,Low,2,Human Resources,Medium,Single,27824,667776,8,1,14,Good,High,2,21,2,Best,14,9,12,9,Senior,Lille
56,No,Travel_Rarely,335,Human Resources,14,Below College,Medical,Medium,Femme,153,Low,1,Sales Executive,Very High,Divorced,20956,398164,8,0,35,Bad,Medium,1,32,4,Bad,11,2,8,3,Senior,Marseille
53,Yes,Travel_Frequently,933,Hardware,42,Master,Life Sciences,Low,Homme,129,Very High,1,Research Director,High,Single,13297,66485,7,0,22,Excellent,Very High,4,24,2,Good,14,3,4,6,Senior,Lille
40,No,Travel_Frequently,242,Support,41,Master,Life Sciences,Low,Femme,173,Very High,2,Human Resources,Low,Single,40179,281253,6,1,3,Bad,Low,4,37,1,Better,22,8,14,4,Adulte,Grenoble
38,No,Travel_Frequently,536,Hardware,6,Below College,Technical Degree,Very High,Femme,70,Medium,1,Manager,High,Married,50132,1102904,1,1,45,Good,Very High,3,9,6,Good,8,2,5,6,Adulte,Lille
60,Yes,Travel_Rarely,937,Support,30,Master,Medical,Low,Homme,70,High,5,Healthcare Representative,Low,Single,3493,41916,1,0,31,Good,High,2,20,3,Best,17,11,10,8,Senior,Grenoble
43,Yes,Travel_Rarely,613,Sales,49,Below College,Other,High,Femme,112,High,3,Research Scientist,Medium,Divorced,39106,273742,5,1,19,Outstanding,Very High,1,8,2,Good,1,1,1,1,Adulte,Lyon
43,Yes,Travel_Rarely,1279,Human Resources,26,Master,Marketing,High,Homme,35,Very High,3,Healthcare Representative,Low,Divorced,20291,162328,6,0,25,Excellent,High,3,27,1,Bad,25,16,10,17,Adulte,Marseille
56,Yes,Travel_Frequently,388,Sales,17,College,Medical,Low,Homme,138,Medium,5,Manufacturing Director,Low,Married,37064,370640,6,0,36,Excellent,Low,1,13,6,Best,2,2,2,2,Senior,Lyon
56,Yes,Travel_Rarely,569,Support,22,Bachelor,Human Resources,High,Femme,45,Medium,4,Manager,Low,Divorced,34271,582607,2,1,27,Bad,Very High,1,28,4,Good,26,17,20,9,Senior,Grenoble
46,Yes,Travel_Rarely,1328,Hardware,10,Below College,Technical Degree,Low,Femme,90,High,1,Sales Representative,Low,Single,27309,764652,2,1,40,Excellent,High,3,18,6,Bad,14,9,7,9,Senior,Lille
56,No,Travel_Rarely,146,Research & Development,23,Below College,Medical,High,Homme,84,Medium,2,Research Scientist,Medium,Single,34350,309150,6,0,7,Good,High,2,31,3,Better,1,1,1,1,Senior,Paris
18,Yes,Travel_Frequently,1270,Sales,39,Doctor,Medical,Medium,Femme,163,High,4,Research Scientist,Medium,Married,37835,643195,7,1,11,Good,Low,3,18,4,Best,18,4,13,7,Jeune,Lyon
46,Yes,Travel_Rarely,583,Hardware,44,College,Human Resources,Low,Femme,191,Medium,5,Research Director,High,Divorced,7955,47730,0,0,26,Bad,Low,1,22,3,Bad,2,1,2,1,Senior,Lille
47,Yes,Non-Travel,984,Hardware,44,College,Other,High,Femme,127,Very High,4,Research Director,Medium,Married,37107,185535,6,1,17,Good,Very High,2,8,1,Good,2,2,2,2,Senior,Lille
30,Yes,Travel_Frequently,582,Human Resources,4,Below College,Life Sciences,Medium,Homme,39,Low,5,Developer,High,Married,10147,263822,4,0,37,Good,Medium,3,26,3,Bad,26,12,8,5,Jeune,Marseille
53,No,Non-Travel,1077,Hardware,40,Below College,Technical Degree,Very High,Homme,80,Low,3,Research Scientist,Very High,Divorced,49561,892098,3,0,24,Bad,Medium,1,26,4,Best,2,2,1,2,Senior,Lille
31,Yes,Travel_Frequently,1188,Sales,31,Doctor,Other,Low,Femme,165,Low,3,Healthcare Representative,Very High,Single,34489,344890,2,1,23,Bad,Very High,3,25,1,Best,6,6,5,6,Adulte,Lyon
21,Yes,Non-Travel,1076,Research & Development,27,Master,Technical Degree,Low,Femme,59,Medium,5,Healthcare Representative,Very High,Divorced,45523,1047029,3,0,26,Bad,Low,1,38,4,Good,1,1,1,1,Jeune,Paris
21,Yes,Travel_Rarely,1100,Research & Development,7,Doctor,Medical,High,Homme,198,Low,5,Healthcare Representative,Medium,Single,34118,989422,3,1,5,Good,Medium,3,31,5,Better,2,1,2,2,Jeune,Paris
30,No,Travel_Rarely,325,Research & Development,29,Bachelor,Life Sciences,High,Femme,49,Low,2,Human Resources,Very High,Divorced,22728,204552,6,1,2,Excellent,High,3,5,2,Good,4,4,1,4,Jeune,Paris
23,No,Travel_Frequently,1427,Support,45,Bachelor,Medical,Low,Femme,53,Low,4,Sales Representative,Very High,Single,3946,31568,7,0,1,Bad,Very High,2,28,4,Good,4,1,3,4,Jeune,Grenoble
31,Yes,Travel_Frequently,628,Hardware,39,Bachelor,Technical Degree,Very High,Femme,115,Low,1,Research Scientist,Very High,Divorced,9123,209829,6,0,38,Outstanding,Low,4,23,2,Better,23,17,13,20,Adulte,Lille
52,No,Non-Travel,745,Human Resources,47,Below College,Life Sciences,Very High,Femme,38,High,3,Healthcare Representative,Very High,Married,47434,379472,7,1,33,Bad,Very High,4,6,3,Better,6,2,4,4,Senior,Marseille
53,No,Travel_Rarely,1158,Sales,38,College,Other,Low,Femme,71,Very High,3,Human Resources,High,Divorced,29158,262422,2,1,0,Bad,Low,2,38,2,Best,4,2,2,2,Senior,Lyon
28,Yes,Travel_Frequently,910,Research & Development,28,Master,Medical,Very High,Femme,105,Medium,5,Healthcare Representative,Low,Single,13870,346750,3,1,48,Good,Medium,4,39,2,Best,39,9,26,31,Jeune,Paris
33,Yes,Travel_Rarely,283,Software,29,College,Other,High,Homme,34,Low,2,Laboratory Technician,Very High,Married,38229,1108641,0,0,25,Outstanding,Medium,1,12,6,Good,5,2,1,2,Adulte,Nantes
36,Yes,Non-Travel,997,Software,16,Bachelor,Medical,High,Femme,104,Medium,3,Research Director,Very High,Divorced,4597,101134,4,0,22,Excellent,High,3,38,2,Good,6,5,5,6,Adulte,Nantes
49,Yes,Travel_Rarely,1118,Sales,22,Bachelor,Technical Degree,Medium,Homme,154,Medium,3,Developer,Very High,Married,42481,169924,6,1,20,Excellent,Very High,2,14,5,Better,4,2,3,3,Senior,Lyon
38,No,Travel_Frequently,490,Support,25,Bachelor,Medical,High,Homme,159,High,1,Research Scientist,Low,Divorced,9118,18236,6,1,35,Bad,Medium,2,5,4,Best,1,1,1,1,Adulte,Grenoble
37,No,Travel_Frequently,1148,Sales,48,Bachelor,Human Resources,Very High,Femme,112,High,5,Laboratory Technician,Low,Divorced,33645,773835,6,1,40,Bad,Very High,1,38,4,Best,21,12,19,21,Adulte,Lyon
55,Yes,Non-Travel,1026,Research & Development,17,College,Life Sciences,Low,Homme,180,Medium,1,Sales Executive,Low,Divorced,44530,311710,1,1,13,Outstanding,Low,3,18,5,Good,11,6,4,8,Senior,Paris
26,Yes,Non-Travel,1257,Software,12,College,Other,Very High,Femme,180,Medium,1,Sales Executive,High,Single,31103,559854,5,1,40,Excellent,Medium,4,38,1,Good,25,16,18,25,Jeune,Nantes
29,Yes,Travel_Rarely,491,Human Resources,7,Doctor,Technical Degree,Medium,Femme,145,Medium,4,Developer,Very High,Divorced,34206,923562,6,0,5,Excellent,Very High,2,4,5,Best,1,1,1,1,Jeune,Marseille
20,Yes,Travel_Frequently,1178,Hardware,31,Doctor,Other,Low,Femme,66,Medium,5,Research Scientist,Low,Married,35870,215220,5,1,1,Good,Medium,4,17,6,Good,14,8,13,13,Jeune,Lille
41,Yes,Travel_Frequently,290,Software,44,College,Marketing,Medium,Femme,61,Medium,3,Sales Executive,Medium,Single,24179,338506,0,1,6,Bad,Low,4,6,2,Best,4,1,3,1,Adulte,Nantes
31,Yes,Travel_Rarely,608,Support,41,Below College,Medical,Low,Femme,166,Very High,5,Human Resources,Low,Single,13673,232441,6,0,8,Excellent,Low,2,17,1,Better,15,13,7,8,Adulte,Grenoble
18,Yes,Travel_Frequently,684,Software,19,Master,Other,Very High,Homme,115,Low,2,Sales Representative,Low,Divorced,48153,818601,0,1,27,Excellent,Low,2,28,4,Best,20,12,13,4,Jeune,Nantes
20,Yes,Non-Travel,321,Human Resources,6,Bachelor,Human Resources,Medium,Homme,165,High,3,Research Director,Medium,Married,36821,184105,3,1,41,Outstanding,High,3,16,2,Better,5,3,1,1,Jeune,Marseille
32,Yes,Travel_Frequently,1496,Human Resources,37,Master,Life Sciences,Low,Femme,39,Medium,1,Healthcare Representative,Very High,Divorced,14595,189735,7,1,44,Outstanding,Medium,4,10,4,Best,7,3,4,5,Adulte,Marseille
40,No,Travel_Frequently,796,Human Resources,26,Doctor,Life Sciences,Very High,Homme,39,Very High,5,Healthcare Representative,Medium,Divorced,27053,595166,0,0,48,Excellent,Medium,1,12,1,Best,7,3,1,7,Adulte,Marseille
49,Yes,Non-Travel,619,Human Resources,37,Bachelor,Medical,Medium,Homme,142,Medium,3,Research Scientist,High,Single,1822,36440,5,0,7,Bad,Medium,1,30,3,Better,26,3,14,13,Senior,Marseille
33,No,Travel_Rarely,408,Software,6,Below College,Technical Degree,Very High,Homme,179,Low,1,Developer,Low,Divorced,4047,4047,7,0,19,Excellent,Low,1,15,4,Better,10,4,9,8,Adulte,Nantes
52,Yes,Travel_Frequently,1294,Human Resources,36,Bachelor,Marketing,Low,Femme,49,Very High,2,Research Director,Low,Divorced,9539,190780,1,0,9,Bad,Medium,1,15,6,Best,7,6,5,7,Senior,Marseille
22,No,Non-Travel,1205,Software,12,College,Other,Very High,Femme,152,Low,1,Research Director,High,Single,6786,183222,4,0,25,Good,Very High,4,7,1,Better,5,1,2,4,Jeune,Nantes
46,Yes,Non-Travel,299,Software,30,College,Medical,High,Homme,90,Low,1,Manufacturing Director,Medium,Divorced,27765,777420,0,1,21,Excellent,Medium,4,16,5,Better,2,2,2,1,Senior,Nantes
38,No,Travel_Frequently,1195,Human Resources,45,College,Life Sciences,Low,Homme,81,High,3,Sales Executive,High,Married,17454,244356,5,0,45,Good,Very High,1,37,5,Better,12,9,1,6,Adulte,Marseille
39,No,Travel_Rarely,935,Sales,15,Bachelor,Medical,High,Homme,68,Low,3,Manager,High,Married,46568,93136,6,1,31,Excellent,Low,4,14,1,Good,2,1,2,1,Adulte,Lyon
26,Yes,Non-Travel,1495,Support,33,College,Other,Low,Homme,127,Medium,3,Sales Representative,High,Single,30068,360816,0,1,30,Good,High,1,37,4,Good,23,4,20,8,Jeune,Grenoble
37,Yes,Non-Travel,1216,Sales,45,Doctor,Technical Degree,Low,Femme,123,Medium,3,Sales Executive,Very High,Married,42570,42570,4,0,49,Excellent,Low,3,22,3,Better,16,7,9,4,Adulte,Lyon
47,Yes,Travel_Rarely,948,Research & Development,10,Master,Technical Degree,High,Homme,110,Medium,5,Research Director,Very High,Married,18517,222204,4,0,15,Outstanding,High,1,1,1,Bad,1,1,1,1,Senior,Paris
51,No,Travel_Rarely,477,Support,8,College,Marketing,Medium,Femme,32,Very High,3,Manufacturing Director,Very High,Single,40634,1178386,0,0,8,Excellent,High,3,20,3,Best,20,6,10,16,Senior,Grenoble
50,Yes,Travel_Rarely,263,Support,34,Bachelor,Marketing,Very High,Homme,130,High,4,Healthcare Representative,Medium,Married,21211,424220,7,1,21,Bad,Low,2,20,4,Bad,10,3,5,9,Senior,Grenoble
36,Yes,Non-Travel,715,Human Resources,49,College,Other,High,Femme,39,Very High,1,Research Director,Very High,Married,11699,280776,2,1,32,Excellent,Medium,2,34,1,Better,34,23,29,14,Adulte,Marseille
21,No,Travel_Rarely,190,Human Resources,12,College,Medical,High,Homme,191,Medium,4,Research Scientist,Very High,Single,22005,264060,5,1,14,Good,High,2,1,1,Best,1,1,1,1,Jeune,Marseille
46,Yes,Travel_Rarely,333,Human Resources,18,College,Marketing,Very High,Homme,147,Low,5,Research Scientist,Very High,Divorced,30172,241376,0,1,40,Outstanding,High,4,1,2,Best,1,1,1,1,Senior,Marseille
18,Yes,Travel_Rarely,1068,Hardware,50,Doctor,Technical Degree,High,Homme,146,High,5,Manufacturing Director,Very High,Divorced,19616,176544,8,1,26,Outstanding,Low,2,24,6,Best,18,6,5,1,Jeune,Lille
23,Yes,Travel_Rarely,739,Support,35,Doctor,Marketing,Low,Homme,35,High,1,Sales Representative,Medium,Divorced,26837,268370,0,0,32,Good,Medium,1,21,5,Good,14,14,8,14,Jeune,Grenoble
25,No,Non-Travel,188,Research & Development,3,Master,Medical,Very High,Femme,81,Low,2,Developer,Medium,Married,40193,200965,3,0,23,Good,High,3,15,5,Better,1,1,1,1,Jeune,Paris
57,Yes,Non-Travel,374,Human Resources,22,Doctor,Technical Degree,High,Homme,40,Medium,1,Healthcare Representative,Low,Married,35700,928200,2,1,28,Bad,Low,3,25,5,Better,7,4,7,4,Senior,Marseille
60,Yes,Travel_Rarely,585,Support,7,College,Other,Medium,Femme,148,High,3,Manager,Medium,Married,10242,40968,3,1,13,Excellent,Low,1,36,3,Better,8,8,2,5,Senior,Grenoble
21,Yes,Non-Travel,1493,Support,36,Master,Marketing,Low,Femme,133,Low,3,Research Scientist,Low,Divorced,45731,1234737,8,0,15,Excellent,Medium,1,34,3,Better,26,15,3,9,Jeune,Grenoble
44,No,Non-Travel,398,Sales,2,Bachelor,Technical Degree,High,Homme,71,Very High,3,Healthcare Representative,Medium,Married,19589,215479,7,1,47,Bad,Low,2,4,4,Best,2,1,1,2,Adulte,Lyon
46,No,Travel_Rarely,787,Software,50,Doctor,Human Resources,Low,Homme,178,Very High,2,Developer,High,Divorced,30909,494544,6,1,28,Bad,Low,4,22,2,Best,22,18,1,21,Senior,Nantes
38,No,Travel_Rarely,930,Support,29,College,Life Sciences,High,Homme,133,High,2,Laboratory Technician,Medium,Divorced,16572,364584,4,0,24,Excellent,Very High,2,15,3,Good,14,8,10,14,Adulte,Grenoble
54,No,Non-Travel,1081,Software,14,Doctor,Other,Very High,Femme,169,High,3,Healthcare Representative,Very High,Single,44539,846241,5,1,38,Outstanding,High,3,23,4,Good,14,4,8,12,Senior,Nantes
24,Yes,Non-Travel,447,Sales,32,Doctor,Technical Degree,Very High,Femme,197,High,3,Manager,Very High,Single,40145,682465,4,1,49,Good,Medium,4,5,1,Bad,2,2,1,2,Jeune,Lyon
55,No,Travel_Frequently,474,Human Resources,16,Below College,Human Resources,Medium,Homme,82,Very High,2,Developer,Medium,Married,26257,708939,1,0,24,Excellent,Medium,3,25,5,Bad,4,3,3,2,Senior,Marseille
21,No,Non-Travel,1320,Sales,8,Bachelor,Life Sciences,High,Homme,37,High,3,Healthcare Representative,Medium,Single,6083,170324,8,1,10,Outstanding,Low,4,37,5,Bad,20,8,9,20,Jeune,Lyon
35,Yes,Travel_Frequently,1079,Human Resources,42,Doctor,Marketing,Medium,Femme,163,Very High,1,Manufacturing Director,High,Married,32669,620711,5,1,0,Excellent,Medium,3,32,2,Good,5,4,5,2,Adulte,Marseille
54,Yes,Travel_Rarely,1083,Software,28,Bachelor,Medical,High,Femme,166,High,2,Healthcare Representative,Medium,Divorced,26980,647520,3,0,2,Outstanding,High,1,3,6,Bad,3,3,1,3,Senior,Nantes
34,Yes,Travel_Frequently,1407,Human Resources,24,Bachelor,Technical Degree,Medium,Femme,172,High,1,Sales Representative,Very High,Married,15064,210896,4,0,13,Bad,High,2,30,4,Bad,7,2,7,1,Adulte,Marseille
42,Yes,Non-Travel,1291,Support,38,Bachelor,Technical Degree,Medium,Homme,30,Very High,2,Developer,High,Divorced,8216,230048,2,0,45,Excellent,Medium,1,7,4,Bad,3,2,2,1,Adulte,Grenoble
42,Yes,Travel_Rarely,1266,Support,19,Doctor,Marketing,High,Homme,49,Low,4,Laboratory Technician,High,Divorced,30126,331386,2,1,9,Bad,Very High,1,40,1,Good,8,1,5,4,Adulte,Grenoble
45,Yes,Travel_Frequently,1259,Human Resources,46,Bachelor,Life Sciences,Very High,Femme,193,Low,3,Research Director,High,Single,24597,541134,7,1,48,Bad,Very High,1,9,5,Best,7,3,6,1,Adulte,Marseille
20,No,Non-Travel,727,Hardware,24,Master,Human Resources,Low,Homme,66,Medium,2,Sales Executive,Medium,Divorced,32104,385248,5,1,49,Outstanding,Low,2,24,6,Good,16,11,8,14,Jeune,Lille
37,Yes,Non-Travel,1464,Support,14,Below College,Human Resources,Medium,Femme,172,High,3,Laboratory Technician,High,Divorced,44842,448420,8,0,37,Excellent,High,1,29,3,Good,24,20,15,9,Adulte,Grenoble
55,Yes,Travel_Rarely,302,Hardware,33,Bachelor,Other,Very High,Femme,134,High,3,Human Resources,Medium,Married,7353,73530,3,0,8,Excellent,High,3,11,2,Good,8,2,7,7,Senior,Lille
60,Yes,Travel_Rarely,1180,Support,47,College,Human Resources,Low,Homme,163,Low,4,Human Resources,Low,Married,33605,840125,3,0,23,Excellent,Low,3,30,2,Better,11,9,3,9,Senior,Grenoble
26,No,Travel_Rarely,1408,Hardware,39,Bachelor,Human Resources,Medium,Homme,167,Low,2,Developer,High,Married,24701,741030,8,1,3,Good,High,3,18,6,Bad,11,7,1,5,Jeune,Lille
58,Yes,Travel_Frequently,457,Software,34,Below College,Marketing,Very High,Homme,113,Very High,4,Healthcare Representative,High,Married,23233,464660,5,0,12,Bad,Low,1,11,4,Better,4,3,4,1,Senior,Nantes
45,Yes,Non-Travel,955,Software,42,Below College,Marketing,High,Homme,56,Low,5,Laboratory Technician,High,Married,37576,901824,7,0,16,Excellent,Low,1,39,4,Good,1,1,1,1,Adulte,Nantes
56,Yes,Non-Travel,1485,Sales,30,Bachelor,Life Sciences,Very High,Femme,32,Low,4,Sales Executive,High,Divorced,9932,49660,3,0,46,Good,Very High,1,10,2,Better,6,1,3,1,Senior,Lyon
26,Yes,Travel_Rarely,844,Support,1,Bachelor,Human Resources,Very High,Homme,51,High,3,Developer,Medium,Married,36322,980694,3,0,33,Excellent,Medium,1,18,4,Good,9,4,1,4,Jeune,Grenoble
18,No,Travel_Frequently,557,Sales,28,College,Medical,High,Homme,196,Medium,4,Developer,Very High,Married,41532,1204428,2,0,9,Excellent,Very High,2,21,2,Bad,13,4,4,8,Jeune,Lyon
24,Yes,Non-Travel,279,Human Resources,18,Bachelor,Life Sciences,Medium,Femme,184,Low,3,Manufacturing Director,Medium,Divorced,11651,11651,7,0,30,Bad,Medium,2,18,3,Good,2,1,1,2,Jeune,Marseille
24,No,Non-Travel,1396,Software,38,Below College,Other,Low,Homme,105,High,1,Manufacturing Director,Medium,Single,26550,637200,3,0,14,Excellent,Low,1,17,2,Better,6,2,3,3,Jeune,Nantes
38,Yes,Non-Travel,817,Software,2,Master,Human Resources,High,Femme,138,Low,4,Laboratory Technician,High,Single,2668,8004,8,1,18,Outstanding,Very High,3,39,6,Good,29,9,24,1,Adulte,Nantes
48,Yes,Non-Travel,1132,Sales,35,College,Human Resources,Very High,Homme,52,Very High,1,Research Scientist,Medium,Divorced,6718,154514,5,0,29,Good,Medium,4,30,2,Bad,7,3,2,3,Senior,Lyon
32,Yes,Travel_Rarely,1144,Hardware,1,Doctor,Life Sciences,Medium,Homme,148,Very High,3,Sales Representative,Medium,Divorced,15401,246416,8,0,40,Bad,Medium,2,3,4,Best,1,1,1,1,Adulte,Lille
53,Yes,Travel_Frequently,1405,Sales,24,Bachelor,Medical,Low,Femme,158,Very High,2,Research Director,Low,Single,47688,429192,2,1,18,Good,Very High,1,3,6,Best,2,2,2,1,Senior,Lyon
48,Yes,Non-Travel,992,Software,3,Below College,Life Sciences,Medium,Femme,163,Medium,1,Laboratory Technician,Medium,Married,10273,184914,2,1,6,Outstanding,Very High,1,14,2,Best,8,6,8,2,Senior,Nantes
53,No,Travel_Rarely,792,Human Resources,4,Bachelor,Other,High,Homme,128,Medium,1,Research Scientist,Very High,Single,15076,90456,1,0,9,Excellent,Low,4,5,3,Better,5,5,3,2,Senior,Marseille
37,No,Non-Travel,309,Support,21,Master,Medical,Low,Femme,154,Low,5,Research Director,Very High,Single,19466,467184,3,1,3,Outstanding,Very High,3,26,2,Better,4,4,3,2,Adulte,Grenoble
59,Yes,Travel_Rarely,712,Sales,23,Bachelor,Life Sciences,Very High,Femme,135,Medium,5,Sales Executive,Low,Married,15555,264435,1,1,15,Excellent,Very High,1,14,3,Best,10,6,7,6,Senior,Lyon
23,No,Travel_Rarely,1172,Sales,8,College,Marketing,Low,Homme,82,High,1,Manufacturing Director,Low,Divorced,17593,52779,6,0,18,Outstanding,Very High,2,28,1,Bad,24,11,10,17,Jeune,Lyon
50,No,Non-Travel,1315,Software,49,Below College,Other,Medium,Homme,194,Medium,4,Research Scientist,Low,Married,45168,677520,5,0,1,Good,High,1,38,2,Best,15,10,12,4,Senior,Nantes
29,Yes,Travel_Frequently,660,Hardware,21,Below College,Medical,Medium,Femme,113,Medium,4,Healthcare Representative,High,Divorced,31642,949260,7,1,40,Outstanding,Low,4,32,2,Good,31,9,7,18,Jeune,Lille
43,No,Travel_Frequently,621,Software,49,Doctor,Technical Degree,Medium,Femme,47,Low,4,Research Scientist,Low,Divorced,49559,1338093,7,0,13,Good,Very High,1,8,3,Better,7,5,4,2,Adulte,Nantes
32,No,Non-Travel,1100,Hardware,6,Below College,Technical Degree,Very High,Homme,166,High,5,Manager,High,Divorced,38602,1080856,6,1,24,Good,Very High,2,9,2,Better,3,1,1,2,Adulte,Lille
40,Yes,Travel_Rarely,704,Research & Development,22,College,Technical Degree,Low,Femme,106,Low,5,Healthcare Representative,Medium,Divorced,13300,266000,2,1,12,Bad,Medium,3,16,4,Better,3,2,1,1,Adulte,Paris
27,Yes,Non-Travel,1376,Hardware,9,Master,Medical,Very High,Homme,185,Medium,2,Research Director,High,Divorced,11729,82103,5,0,32,Good,High,2,36,2,Good,22,12,1,10,Jeune,Lille
59,Yes,Travel_Frequently,1279,Human Resources,42,Below College,Other,Medium,Femme,67,Very High,2,Research Director,Low,Divorced,8020,56140,1,0,23,Excellent,Medium,3,8,4,Better,6,3,3,4,Senior,Marseille
21,Yes,Travel_Rarely,615,Sales,11,Bachelor,Technical Degree,Medium,Homme,109,High,2,Sales Representative,Very High,Married,38885,427735,7,1,24,Good,High,4,20,1,Better,20,6,9,7,Jeune,Lyon
28,Yes,Travel_Frequently,605,Sales,46,Master,Life Sciences,Low,Homme,106,High,4,Human Resources,Low,Single,41490,290430,4,1,13,Excellent,Very High,2,7,2,Bad,4,3,4,1,Jeune,Lyon
18,Yes,Non-Travel,1067,Hardware,4,College,Technical Degree,Very High,Femme,169,High,5,Sales Representative,Low,Single,48873,1319571,7,1,37,Outstanding,High,2,40,4,Better,1,1,1,1,Jeune,Lille
18,Yes,Non-Travel,160,Human Resources,35,Bachelor,Marketing,Medium,Femme,171,Low,4,Sales Executive,Very High,Single,12395,247900,3,1,23,Outstanding,High,2,16,1,Bad,9,9,3,6,Jeune,Marseille
42,No,Travel_Rarely,155,Sales,34,Master,Technical Degree,High,Femme,65,High,1,Developer,Low,Married,44232,44232,6,1,44,Good,Low,4,10,4,Best,5,4,4,2,Adulte,Lyon
49,No,Non-Travel,1476,Support,11,Bachelor,Medical,Very High,Homme,132,Medium,2,Human Resources,Medium,Single,37938,834636,8,1,7,Excellent,Medium,3,32,2,Good,1,1,1,1,Senior,Grenoble
37,No,Non-Travel,1247,Hardware,14,College,Technical Degree,High,Femme,125,Low,3,Healthcare Representative,Medium,Divorced,1406,4218,6,0,17,Outstanding,Medium,2,11,4,Good,3,2,3,1,Adulte,Lille
24,No,Travel_Rarely,718,Hardware,32,Doctor,Life Sciences,High,Femme,154,High,3,Human Resources,Very High,Single,33996,441948,6,1,25,Outstanding,Low,1,26,6,Good,13,5,9,5,Jeune,Lille
50,No,Non-Travel,204,Sales,50,College,Medical,Very High,Femme,181,Very High,1,Manager,Very High,Married,11733,234660,3,1,46,Bad,Low,4,10,6,Better,7,7,2,4,Senior,Lyon
29,Yes,Non-Travel,897,Hardware,35,College,Other,Very High,Femme,33,High,1,Manufacturing Director,High,Single,39995,959880,8,0,6,Good,Low,4,37,6,Better,10,3,7,2,Jeune,Lille
37,No,Travel_Rarely,363,Hardware,7,Bachelor,Other,High,Femme,195,High,3,Research Director,High,Single,49197,1229925,5,1,29,Good,High,4,17,5,Best,3,1,3,1,Adulte,Lille
25,No,Travel_Frequently,367,Software,44,Doctor,Human Resources,Medium,Homme,33,Medium,1,Sales Representative,Low,Divorced,43204,907284,2,1,17,Excellent,Low,1,2,1,Better,2,1,2,2,Jeune,Nantes
24,Yes,Travel_Frequently,1105,Human Resources,36,Bachelor,Other,High,Femme,184,Medium,4,Manufacturing Director,Very High,Married,13370,80220,6,0,48,Excellent,Very High,2,17,1,Better,7,2,3,3,Jeune,Marseille
51,No,Non-Travel,638,Sales,29,Below College,Life Sciences,High,Homme,159,Medium,5,Sales Representative,Low,Single,19630,39260,5,0,27,Excellent,Low,1,35,1,Good,15,14,2,2,Senior,Lyon
32,Yes,Travel_Rarely,775,Software,10,College,Technical Degree,Very High,Femme,120,Medium,2,Human Resources,High,Divorced,8490,178290,3,0,27,Outstanding,Medium,2,23,4,Bad,1,1,1,1,Adulte,Nantes
40,Yes,Travel_Rarely,1227,Human Resources,48,Below College,Medical,Very High,Homme,152,Very High,5,Manager,Medium,Married,21194,21194,7,1,13,Bad,Very High,4,31,5,Best,5,1,3,5,Adulte,Marseille
44,Yes,Travel_Frequently,403,Research & Development,23,Bachelor,Other,Medium,Homme,196,Low,3,Healthcare Representative,Very High,Single,32111,738553,5,1,9,Good,High,1,14,5,Best,3,3,1,3,Adulte,Paris
26,No,Non-Travel,1480,Research & Development,38,Doctor,Marketing,Very High,Femme,126,Low,4,Manufacturing Director,Low,Married,1400,1400,8,0,46,Bad,Very High,3,25,5,Bad,12,1,5,10,Jeune,Paris
36,No,Travel_Frequently,680,Human Resources,14,College,Marketing,Very High,Homme,161,Low,1,Manufacturing Director,High,Divorced,9251,185020,1,1,25,Good,Very High,1,9,6,Best,7,1,4,7,Adulte,Marseille
51,No,Travel_Frequently,211,Hardware,45,Master,Human Resources,High,Femme,131,Medium,2,Sales Representative,High,Married,34149,956172,8,0,11,Excellent,Very High,1,34,1,Best,30,5,7,7,Senior,Lille
44,No,Travel_Rarely,356,Support,5,Below College,Technical Degree,Low,Femme,62,Medium,4,Research Scientist,High,Divorced,20503,287042,2,0,21,Good,Low,2,37,3,Good,26,19,25,24,Adulte,Grenoble
18,No,Travel_Rarely,1169,Software,31,Below College,Other,High,Femme,174,Low,4,Research Scientist,High,Single,42920,171680,5,0,19,Outstanding,Medium,4,30,2,Better,29,2,1,3,Jeune,Nantes
49,Yes,Travel_Rarely,396,Human Resources,38,Doctor,Technical Degree,Low,Femme,193,Very High,4,Developer,High,Married,35009,420108,8,0,27,Bad,High,2,26,5,Better,22,2,8,3,Senior,Marseille
37,No,Travel_Frequently,471,Human Resources,41,Below College,Medical,Very High,Homme,84,Low,4,Healthcare Representative,Low,Married,19981,319696,5,1,18,Bad,High,3,25,4,Best,17,8,7,15,Adulte,Marseille
44,No,Travel_Frequently,384,Research & Development,15,Below College,Technical Degree,Very High,Femme,80,High,2,Human Resources,Very High,Single,21770,566020,4,0,24,Outstanding,Low,3,10,6,Better,5,3,1,3,Adulte,Paris
26,No,Travel_Frequently,1143,Sales,15,Bachelor,Life Sciences,Low,Femme,186,High,1,Manager,High,Divorced,27830,250470,0,1,7,Excellent,Low,4,38,2,Better,36,9,9,6,Jeune,Lyon
23,No,Travel_Rarely,585,Software,15,Bachelor,Medical,High,Homme,34,Very High,1,Sales Representative,Low,Divorced,25202,151212,5,1,15,Bad,Medium,2,16,2,Bad,3,2,1,2,Jeune,Nantes
53,No,Travel_Rarely,783,Support,36,Below College,Human Resources,Very High,Femme,166,Low,3,Developer,Very High,Single,37549,863627,7,1,41,Bad,High,1,5,3,Good,1,1,1,1,Senior,Grenoble
50,Yes,Non-Travel,1074,Research & Development,10,Bachelor,Human Resources,Very High,Femme,74,High,4,Developer,Very High,Single,3400,10200,1,1,22,Good,Medium,2,31,1,Better,19,1,9,13,Senior,Paris
31,No,Travel_Rarely,990,Support,1,College,Technical Degree,Very High,Homme,111,Very High,3,Manufacturing Director,Low,Divorced,21262,361454,2,1,23,Bad,Very High,2,23,5,Good,7,3,7,2,Adulte,Grenoble
42,Yes,Travel_Frequently,833,Software,30,Master,Medical,High,Homme,156,Very High,1,Research Scientist,Very High,Divorced,40020,200100,0,0,1,Outstanding,Low,2,3,2,Best,2,1,2,1,Adulte,Nantes
32,Yes,Non-Travel,690,Sales,29,Bachelor,Technical Degree,Medium,Homme,161,Very High,5,Research Scientist,Medium,Divorced,28379,454064,5,0,30,Good,High,3,30,1,Best,8,2,3,4,Adulte,Lyon
50,Yes,Travel_Rarely,130,Human Resources,21,Bachelor,Marketing,Very High,Homme,37,Low,2,Human Resources,High,Divorced,3245,6490,0,1,18,Excellent,Medium,1,34,1,Better,8,7,4,7,Senior,Marseille
53,No,Travel_Frequently,270,Software,41,Doctor,Technical Degree,Medium,Femme,91,Low,4,Developer,Low,Married,37814,37814,3,1,38,Excellent,Very High,3,19,6,Better,17,16,10,16,Senior,Nantes
45,No,Travel_Rarely,1379,Research & Development,28,Master,Medical,Very High,Femme,46,Medium,3,Sales Executive,Very High,Divorced,37748,528472,3,0,44,Bad,Medium,3,16,2,Best,5,1,5,2,Adulte,Paris
58,Yes,Travel_Frequently,393,Support,27,Bachelor,Life Sciences,Low,Homme,149,Medium,2,Sales Executive,Low,Married,40880,531440,7,0,44,Bad,Low,4,16,2,Better,13,12,3,10,Senior,Grenoble
22,No,Non-Travel,1283,Sales,16,Master,Human Resources,Medium,Femme,147,High,4,Manufacturing Director,High,Married,38110,1143300,8,0,10,Bad,High,2,9,5,Better,5,3,3,2,Jeune,Lyon
48,No,Non-Travel,674,Support,22,College,Marketing,Low,Femme,113,Very High,4,Research Scientist,High,Divorced,22014,594378,7,0,46,Outstanding,Low,2,6,4,Better,4,2,2,4,Senior,Grenoble
37,No,Non-Travel,990,Hardware,33,Below College,Marketing,Medium,Homme,35,Medium,4,Healthcare Representative,High,Divorced,14612,438360,0,0,27,Bad,High,2,21,3,Bad,9,4,8,9,Adulte,Lille
59,No,Travel_Frequently,993,Sales,28,Doctor,Marketing,High,Femme,177,High,4,Healthcare Representative,High,Divorced,17065,153585,5,1,23,Good,Medium,1,23,4,Best,20,20,13,17,Senior,Lyon
39,No,Travel_Rarely,1134,Sales,21,Doctor,Other,Very High,Homme,125,Low,4,Human Resources,High,Single,24851,24851,8,1,2,Good,High,4,4,6,Best,3,2,3,3,Adulte,Lyon
35,No,Travel_Rarely,144,Research & Development,27,College,Life Sciences,High,Homme,53,Very High,1,Manufacturing Director,High,Single,41290,123870,8,1,46,Bad,Low,4,3,1,Better,1,1,1,1,Adulte,Paris
38,No,Travel_Rarely,795,Human Resources,26,Below College,Other,Medium,Femme,86,Very High,3,Manufacturing Director,High,Married,7119,64071,2,1,42,Good,Low,1,22,3,Good,4,2,3,2,Adulte,Marseille
60,No,Travel_Frequently,877,Research & Development,7,Master,Technical Degree,High,Homme,151,Low,2,Manager,Very High,Divorced,41772,668352,3,0,27,Outstanding,Very High,3,37,6,Good,12,6,10,8,Senior,Paris
39,No,Non-Travel,167,Hardware,10,Below College,Other,Very High,Homme,191,Very High,5,Manufacturing Director,High,Married,13965,125685,7,0,21,Good,Low,3,11,1,Better,5,2,3,4,Adulte,Lille
52,No,Travel_Rarely,1338,Support,4,Bachelor,Medical,Medium,Homme,99,Low,1,Research Director,Low,Divorced,41441,994584,3,0,35,Excellent,High,3,13,6,Bad,5,5,4,2,Senior,Grenoble
23,No,Non-Travel,1458,Support,38,Bachelor,Other,Very High,Homme,161,Very High,1,Manufacturing Director,Low,Divorced,6905,110480,5,0,1,Good,Low,1,13,6,Best,5,2,1,3,Jeune,Grenoble
23,Yes,Non-Travel,864,Software,20,Bachelor,Medical,Medium,Homme,111,Very High,4,Research Scientist,Low,Married,4377,30639,7,1,33,Excellent,Very High,2,40,6,Best,25,22,20,4,Jeune,Nantes
35,No,Non-Travel,1498,Support,3,Master,Human Resources,High,Femme,168,Very High,1,Sales Executive,Very High,Married,35686,285488,0,0,4,Outstanding,Very High,1,20,3,Better,15,10,14,8,Adulte,Grenoble
45,Yes,Non-Travel,844,Software,49,College,Medical,Very High,Femme,191,Low,1,Manager,Low,Married,14600,175200,2,0,13,Outstanding,Very High,4,17,5,Better,6,3,6,6,Adulte,Nantes
18,Yes,Non-Travel,706,Human Resources,9,Doctor,Life Sciences,High,Femme,131,Medium,1,Manufacturing Director,Low,Married,38075,1104175,1,1,44,Outstanding,Very High,1,21,6,Best,7,3,1,2,Jeune,Marseille
41,Yes,Non-Travel,1291,Research & Development,21,Master,Life Sciences,Very High,Homme,38,High,3,Research Director,Very High,Married,23016,483336,4,0,47,Excellent,Medium,4,8,6,Better,3,2,3,1,Adulte,Paris
39,Yes,Travel_Rarely,173,Human Resources,28,College,Marketing,Medium,Homme,181,Very High,3,Research Scientist,Low,Divorced,8577,231579,7,0,43,Excellent,High,4,9,4,Better,6,3,5,4,Adulte,Marseille
27,Yes,Travel_Rarely,1147,Sales,5,College,Other,Low,Femme,194,High,2,Developer,Medium,Divorced,29712,683376,1,0,3,Outstanding,Medium,1,20,1,Best,11,1,6,8,Jeune,Lyon
59,No,Non-Travel,1010,Sales,50,Master,Marketing,Very High,Homme,54,Low,4,Research Scientist,High,Single,47050,705750,2,0,18,Excellent,Very High,1,37,5,Better,13,6,5,2,Senior,Lyon
20,No,Travel_Rarely,857,Hardware,35,Bachelor,Life Sciences,Medium,Homme,41,Low,3,Healthcare Representative,Low,Single,31304,313040,6,0,30,Excellent,Medium,1,38,5,Good,18,13,17,10,Jeune,Lille
38,No,Travel_Rarely,832,Sales,44,Doctor,Other,Medium,Femme,188,Low,4,Sales Representative,Medium,Divorced,10627,244421,8,0,40,Outstanding,High,3,21,5,Good,3,2,2,2,Adulte,Lyon
20,No,Travel_Frequently,543,Hardware,19,Doctor,Life Sciences,Low,Femme,104,Medium,5,Healthcare Representative,Very High,Divorced,25494,331422,5,0,28,Bad,Very High,4,23,4,Good,12,7,3,5,Jeune,Lille
60,Yes,Non-Travel,813,Hardware,31,Master,Life Sciences,Very High,Femme,164,Very High,1,Research Director,Medium,Single,4908,73620,4,1,18,Excellent,Low,3,38,5,Best,10,8,4,9,Senior,Lille
32,Yes,Non-Travel,1412,Sales,49,Below College,Other,Low,Homme,78,Very High,1,Research Scientist,Very High,Married,27554,633742,6,1,32,Outstanding,Medium,3,13,6,Best,7,1,3,2,Adulte,Lyon
60,Yes,Travel_Frequently,701,Support,29,Below College,Other,Very High,Homme,77,Low,5,Human Resources,High,Divorced,12839,308136,1,1,36,Outstanding,Medium,3,6,4,Better,1,1,1,1,Senior,Grenoble
26,Yes,Travel_Frequently,210,Sales,13,Doctor,Life Sciences,Low,Homme,132,Very High,2,Manufacturing Director,Medium,Divorced,15906,270402,3,0,6,Bad,Very High,3,8,5,Bad,2,1,2,2,Jeune,Lyon
40,Yes,Travel_Frequently,105,Hardware,17,Master,Human Resources,High,Homme,48,Low,2,Manager,Low,Divorced,22230,66690,5,0,38,Outstanding,Low,4,18,1,Better,15,9,3,7,Adulte,Lille
58,No,Non-Travel,498,Research & Development,19,Below College,Life Sciences,Very High,Femme,59,Very High,4,Healthcare Representative,High,Married,36494,948844,2,0,45,Outstanding,Very High,2,27,5,Better,14,7,4,12,Senior,Paris
50,Yes,Travel_Frequently,956,Research & Development,28,Master,Other,Very High,Femme,143,High,2,Sales Representative,Medium,Single,25332,430644,0,1,37,Outstanding,Low,1,5,3,Good,1,1,1,1,Senior,Paris
38,Yes,Travel_Frequently,416,Software,16,Master,Other,Medium,Femme,150,Very High,2,Sales Executive,High,Married,8125,146250,1,1,7,Bad,Low,2,14,3,Bad,4,3,3,1,Adulte,Nantes
21,No,Travel_Frequently,756,Research & Development,28,Master,Life Sciences,Medium,Homme,82,High,1,Research Scientist,Very High,Single,26441,211528,4,0,38,Good,Very High,3,31,2,Best,4,4,3,3,Jeune,Paris
55,No,Travel_Rarely,1040,Software,27,College,Marketing,Low,Homme,166,Medium,3,Human Resources,High,Single,33487,569279,2,0,9,Outstanding,Low,2,27,5,Good,4,2,2,4,Senior,Nantes
41,Yes,Travel_Rarely,215,Support,17,Master,Life Sciences,Low,Femme,72,High,3,Manufacturing Director,High,Single,5927,136321,0,1,15,Excellent,High,3,13,5,Good,9,6,5,6,Adulte,Grenoble
21,No,Travel_Frequently,1289,Sales,13,Bachelor,Human Resources,High,Femme,193,Low,5,Laboratory Technician,Medium,Single,33007,693147,8,0,16,Excellent,Very High,3,20,2,Better,1,1,1,1,Jeune,Lyon
59,Yes,Travel_Rarely,188,Software,3,Below College,Human Resources,Very High,Femme,182,High,5,Developer,Medium,Married,1658,34818,1,0,18,Outstanding,Low,1,5,4,Bad,4,4,2,4,Senior,Nantes
34,Yes,Travel_Rarely,385,Hardware,15,Master,Other,Low,Femme,184,Medium,2,Healthcare Representative,Very High,Divorced,31251,531267,4,0,42,Outstanding,Medium,4,20,4,Better,12,3,7,2,Adulte,Lille
52,No,Non-Travel,1002,Software,26,Master,Technical Degree,Low,Femme,187,Medium,1,Manufacturing Director,Very High,Single,31244,937320,7,1,13,Excellent,High,4,15,6,Better,12,2,6,8,Senior,Nantes
41,Yes,Non-Travel,1132,Human Resources,4,Bachelor,Medical,Very High,Femme,167,Very High,3,Research Scientist,Medium,Married,38057,1027539,5,0,20,Good,High,4,38,2,Better,4,3,1,4,Adulte,Marseille
32,Yes,Non-Travel,808,Research & Development,35,College,Technical Degree,Very High,Homme,128,High,1,Sales Representative,Very High,Divorced,41030,574420,1,1,11,Bad,Very High,2,37,3,Bad,4,3,1,2,Adulte,Paris
53,No,Travel_Rarely,696,Human Resources,21,Master,Marketing,Medium,Femme,81,Low,5,Human Resources,Very High,Single,29073,290730,0,1,25,Bad,High,4,13,3,Bad,5,2,2,4,Senior,Marseille
21,Yes,Non-Travel,1138,Sales,23,Doctor,Marketing,Low,Homme,173,Very High,3,Sales Executive,Very High,Married,30296,666512,3,1,19,Outstanding,Medium,2,35,2,Good,13,5,7,2,Jeune,Lyon
50,No,Travel_Rarely,687,Software,19,Doctor,Technical Degree,Very High,Homme,94,Low,5,Research Director,Very High,Divorced,42902,1244158,0,1,45,Excellent,High,1,22,5,Better,20,1,9,8,Senior,Nantes
42,No,Travel_Rarely,184,Hardware,12,Doctor,Marketing,Very High,Femme,111,Low,3,Sales Executive,Low,Single,11581,92648,4,0,33,Outstanding,Medium,3,33,3,Best,16,14,3,13,Adulte,Lille
60,No,Travel_Rarely,1489,Research & Development,35,Master,Marketing,High,Homme,107,High,5,Human Resources,Low,Divorced,24534,318942,8,1,48,Outstanding,High,3,5,4,Bad,5,5,5,5,Senior,Paris
26,No,Travel_Frequently,907,Research & Development,17,College,Life Sciences,High,Homme,70,Medium,4,Manager,Medium,Divorced,30582,458730,4,1,47,Excellent,Low,1,31,6,Better,21,4,10,11,Jeune,Paris
31,Yes,Travel_Frequently,755,Research & Development,11,Doctor,Technical Degree,Low,Homme,72,Medium,3,Sales Representative,Medium,Married,7256,65304,2,1,17,Bad,High,4,16,3,Better,13,13,11,7,Adulte,Paris
47,Yes,Non-Travel,1176,Software,21,Doctor,Medical,High,Femme,119,High,3,Healthcare Representative,Very High,Divorced,31559,599621,3,0,0,Excellent,Low,2,25,6,Better,23,6,11,18,Senior,Nantes
40,Yes,Travel_Rarely,924,Human Resources,8,College,Medical,High,Femme,88,Medium,4,Laboratory Technician,Medium,Single,37724,150896,1,0,27,Bad,Medium,1,22,5,Better,16,10,16,14,Adulte,Marseille
27,Yes,Travel_Rarely,749,Human Resources,20,Master,Medical,Low,Femme,109,Low,4,Sales Executive,High,Married,16683,200196,3,0,36,Bad,Very High,3,4,3,Good,1,1,1,1,Jeune,Marseille
25,Yes,Non-Travel,156,Support,43,Doctor,Life Sciences,High,Femme,99,Medium,3,Research Director,Low,Divorced,11389,318892,3,0,23,Bad,Medium,1,4,3,Good,1,1,1,1,Jeune,Grenoble
30,No,Travel_Frequently,1407,Human Resources,17,Bachelor,Technical Degree,Medium,Femme,52,Low,2,Manager,Medium,Divorced,10274,226028,3,1,4,Outstanding,Very High,4,23,5,Better,7,3,2,1,Jeune,Marseille
51,Yes,Travel_Frequently,250,Research & Development,35,Bachelor,Other,Low,Homme,129,Very High,4,Manager,Very High,Single,47961,95922,3,0,24,Good,Medium,1,10,2,Best,3,3,2,2,Senior,Paris
19,Yes,Travel_Rarely,720,Research & Development,18,Below College,Other,Medium,Homme,80,High,2,Healthcare Representative,Medium,Married,1351,33775,2,1,7,Excellent,Very High,4,35,4,Bad,3,3,1,2,Jeune,Paris
41,Yes,Non-Travel,1050,Support,4,Master,Other,Medium,Femme,114,High,1,Sales Representative,Very High,Married,49097,392776,3,0,1,Outstanding,Medium,2,1,4,Bad,1,1,1,1,Adulte,Grenoble
38,Yes,Travel_Frequently,1300,Research & Development,5,Master,Marketing,Medium,Femme,48,High,3,Healthcare Representative,Very High,Married,50446,151338,6,0,3,Excellent,Low,1,1,5,Bad,1,1,1,1,Adulte,Paris
43,No,Travel_Frequently,190,Hardware,42,Bachelor,Medical,Very High,Femme,163,Very High,1,Human Resources,Very High,Married,43010,602140,6,0,36,Excellent,Medium,3,12,3,Good,12,7,5,3,Adulte,Lille
55,Yes,Travel_Frequently,290,Support,10,Bachelor,Life Sciences,Low,Femme,106,High,1,Healthcare Representative,Medium,Married,9107,154819,2,0,33,Excellent,Very High,4,7,4,Best,2,1,2,2,Senior,Grenoble
57,No,Travel_Frequently,596,Support,24,Bachelor,Human Resources,Medium,Homme,79,Low,5,Developer,Medium,Single,33170,431210,0,0,22,Excellent,Low,1,38,3,Better,14,5,7,8,Senior,Grenoble
27,Yes,Travel_Rarely,1251,Hardware,31,Bachelor,Technical Degree,Low,Femme,177,High,3,Manufacturing Director,Medium,Single,13045,300035,2,1,22,Bad,Medium,3,3,1,Best,2,2,2,2,Jeune,Lille
50,No,Travel_Rarely,484,Sales,41,Below College,Technical Degree,High,Femme,55,Low,1,Developer,Very High,Divorced,30803,215621,8,0,41,Excellent,Medium,2,39,4,Good,24,23,15,18,Senior,Lyon
35,Yes,Travel_Rarely,1300,Research & Development,5,College,Human Resources,Very High,Femme,100,Low,1,Research Director,Very High,Single,22334,536016,1,0,26,Bad,Very High,1,28,2,Good,4,3,1,4,Adulte,Paris
36,Yes,Travel_Rarely,1176,Hardware,13,College,Other,Low,Homme,107,Medium,5,Developer,High,Divorced,13360,146960,7,0,4,Bad,Medium,2,39,5,Better,28,1,8,15,Adulte,Lille
57,No,Non-Travel,557,Software,38,Bachelor,Life Sciences,Medium,Homme,165,Low,4,Sales Representative,Very High,Divorced,44638,758846,3,0,20,Good,Low,4,29,5,Bad,14,12,11,3,Senior,Nantes
31,Yes,Travel_Frequently,1181,Support,39,Bachelor,Human Resources,Medium,Homme,86,Low,5,Healthcare Representative,High,Single,13656,286776,0,1,16,Excellent,Low,2,29,2,Better,7,3,5,7,Adulte,Grenoble
50,No,Travel_Frequently,1462,Research & Development,37,Doctor,Other,Very High,Homme,113,Very High,5,Research Director,Medium,Married,39869,996725,5,1,27,Outstanding,Medium,2,17,1,Better,13,13,3,4,Senior,Paris
42,No,Non-Travel,1352,Software,2,Below College,Other,Low,Femme,113,Medium,1,Sales Representative,High,Single,6853,205590,8,1,27,Outstanding,Medium,3,21,1,Better,14,7,4,14,Adulte,Nantes
22,Yes,Travel_Frequently,898,Sales,33,Master,Technical Degree,Medium,Homme,195,High,4,Laboratory Technician,Low,Married,17232,482496,7,1,19,Bad,Low,4,5,5,Good,4,1,1,2,Jeune,Lyon
33,Yes,Travel_Rarely,1476,Software,23,Bachelor,Life Sciences,Low,Homme,127,Medium,1,Laboratory Technician,Medium,Single,24989,224901,1,0,5,Bad,Low,3,16,6,Better,15,8,15,14,Adulte,Nantes
59,No,Non-Travel,813,Software,38,College,Human Resources,High,Femme,40,High,5,Manager,Medium,Married,48097,913843,0,1,22,Bad,Medium,4,16,6,Bad,6,1,5,3,Senior,Nantes
58,No,Travel_Frequently,1190,Support,6,College,Life Sciences,Very High,Homme,199,Medium,2,Sales Representative,Medium,Single,41232,700944,8,0,12,Good,Very High,1,31,5,Better,27,2,3,18,Senior,Grenoble
43,Yes,Travel_Frequently,358,Hardware,21,College,Technical Degree,Medium,Femme,39,Very High,2,Manufacturing Director,Very High,Single,30617,520489,4,1,39,Excellent,High,4,5,2,Good,5,4,3,3,Adulte,Lille
23,No,Travel_Frequently,304,Research & Development,44,College,Other,High,Homme,31,Medium,2,Sales Representative,Medium,Married,28544,542336,3,0,8,Excellent,High,3,30,1,Best,18,4,12,9,Jeune,Paris
50,Yes,Travel_Rarely,122,Sales,22,Master,Life Sciences,Medium,Femme,60,Very High,2,Manufacturing Director,Medium,Married,4548,131892,6,1,8,Bad,High,2,1,5,Good,1,1,1,1,Senior,Lyon
34,No,Travel_Rarely,917,Research & Development,43,Doctor,Human Resources,Very High,Femme,55,Very High,3,Sales Executive,Low,Married,9952,149280,8,1,18,Bad,Medium,2,11,2,Good,4,1,1,2,Adulte,Paris
51,Yes,Non-Travel,411,Research & Development,44,College,Technical Degree,High,Femme,114,Very High,2,Laboratory Technician,Very High,Married,27207,462519,8,0,1,Bad,Low,1,5,4,Good,1,1,1,1,Senior,Paris
18,No,Non-Travel,1482,Research & Development,22,Doctor,Life Sciences,Very High,Homme,90,Very High,1,Laboratory Technician,Medium,Married,30104,692392,8,0,32,Bad,Low,3,3,1,Good,1,1,1,1,Jeune,Paris
31,No,Non-Travel,1037,Human Resources,38,Master,Human Resources,Very High,Homme,87,Very High,4,Healthcare Representative,Very High,Single,33987,509805,8,0,29,Excellent,High,1,20,3,Bad,5,3,2,2,Adulte,Marseille
34,Yes,Travel_Rarely,1345,Hardware,16,Below College,Medical,Very High,Homme,104,Medium,2,Manager,High,Divorced,40305,1209150,1,1,42,Bad,Low,3,30,2,Bad,20,18,9,16,Adulte,Lille
20,Yes,Travel_Rarely,646,Human Resources,38,Master,Human Resources,Low,Femme,183,Very High,2,Laboratory Technician,Medium,Divorced,19391,523557,0,0,49,Outstanding,Medium,4,2,1,Good,2,2,2,2,Jeune,Marseille
28,Yes,Travel_Frequently,993,Software,9,College,Life Sciences,Very High,Femme,145,Medium,4,Sales Executive,Very High,Married,1713,44538,1,0,49,Excellent,Low,2,16,3,Good,11,9,10,3,Jeune,Nantes
43,Yes,Travel_Frequently,991,Human Resources,30,Below College,Technical Degree,Low,Homme,117,Very High,4,Sales Executive,High,Married,37008,444096,6,0,20,Bad,Very High,4,16,2,Better,12,2,8,5,Adulte,Marseille
44,No,Non-Travel,430,Research & Development,12,Master,Life Sciences,Medium,Homme,138,Low,2,Sales Executive,Very High,Divorced,23889,382224,5,1,40,Outstanding,Medium,3,10,4,Best,2,1,2,2,Adulte,Paris
51,No,Travel_Rarely,843,Sales,1,Master,Medical,Low,Homme,159,High,2,Manufacturing Director,Medium,Single,29370,792990,8,1,16,Excellent,Very High,2,28,4,Bad,4,2,4,3,Senior,Lyon
41,Yes,Non-Travel,1233,Software,21,Master,Other,Medium,Femme,128,High,4,Manufacturing Director,Low,Single,18390,459750,1,1,24,Outstanding,Very High,4,20,2,Bad,2,1,2,1,Adulte,Nantes
45,Yes,Travel_Frequently,1057,Software,11,Bachelor,Medical,Very High,Femme,113,Very High,5,Manager,High,Single,11131,333930,4,1,18,Good,Medium,1,25,4,Best,16,9,15,10,Adulte,Nantes
56,Yes,Travel_Rarely,1393,Software,11,College,Human Resources,Medium,Femme,39,Very High,3,Developer,High,Married,9578,38312,2,1,10,Excellent,Low,2,21,5,Good,6,4,2,4,Senior,Nantes
25,No,Travel_Frequently,602,Hardware,24,College,Marketing,Very High,Femme,86,High,4,Healthcare Representative,Very High,Single,41503,290521,5,1,25,Excellent,Low,2,10,4,Bad,2,1,2,1,Jeune,Lille
21,No,Travel_Frequently,398,Research & Development,20,Doctor,Other,High,Femme,117,High,5,Sales Executive,Medium,Married,7356,110340,8,1,49,Excellent,Very High,1,20,2,Bad,1,1,1,1,Jeune,Paris
30,No,Travel_Frequently,146,Hardware,2,College,Medical,Medium,Femme,92,Very High,3,Research Director,Very High,Single,34392,859800,0,1,31,Good,Very High,3,27,2,Bad,1,1,1,1,Jeune,Lille
24,No,Travel_Rarely,178,Software,2,Bachelor,Life Sciences,Medium,Homme,31,High,1,Healthcare Representative,Low,Divorced,8991,8991,7,0,30,Excellent,High,1,24,6,Bad,4,1,2,4,Jeune,Nantes
49,Yes,Non-Travel,724,Hardware,33,College,Technical Degree,Very High,Femme,174,Medium,2,Research Director,Medium,Single,17154,446004,7,0,32,Bad,High,3,4,3,Bad,3,3,1,1,Senior,Lille
50,No,Travel_Frequently,429,Human Resources,25,Bachelor,Life Sciences,Very High,Homme,99,High,4,Manager,High,Married,9743,233832,3,1,43,Good,Medium,3,24,5,Better,18,18,14,17,Senior,Marseille
21,No,Travel_Frequently,768,Human Resources,25,College,Human Resources,Low,Femme,96,Low,2,Manufacturing Director,Very High,Married,11438,274512,2,1,24,Outstanding,Very High,2,37,2,Bad,14,6,12,6,Jeune,Marseille
57,Yes,Non-Travel,1279,Sales,24,College,Other,Very High,Femme,128,Low,2,Manager,Very High,Divorced,14457,260226,1,0,16,Excellent,High,1,24,3,Best,1,1,1,1,Senior,Lyon
48,No,Travel_Frequently,737,Human Resources,44,Bachelor,Other,Very High,Homme,182,Medium,2,Laboratory Technician,Very High,Single,22027,374459,4,1,48,Bad,Very High,1,33,1,Good,15,11,10,6,Senior,Marseille
47,No,Non-Travel,1297,Research & Development,19,Doctor,Technical Degree,Very High,Femme,120,Low,1,Developer,Medium,Single,4823,62699,2,1,14,Outstanding,Low,2,40,2,Better,29,26,2,18,Senior,Paris
40,Yes,Travel_Frequently,1126,Research & Development,24,Bachelor,Technical Degree,Medium,Femme,200,High,1,Sales Representative,Very High,Married,32124,610356,1,1,11,Bad,High,2,14,1,Best,7,7,3,1,Adulte,Paris
56,Yes,Travel_Rarely,294,Sales,6,Below College,Technical Degree,Medium,Homme,122,Low,3,Manager,Medium,Single,29491,530838,2,0,40,Good,Very High,4,40,5,Good,37,33,18,28,Senior,Lyon
58,Yes,Non-Travel,974,Sales,35,College,Human Resources,Very High,Homme,48,High,3,Manager,Low,Single,16022,208286,0,1,11,Good,Very High,3,25,4,Bad,19,14,19,12,Senior,Lyon
56,Yes,Travel_Frequently,1246,Support,32,Bachelor,Medical,Medium,Homme,128,High,3,Sales Representative,Very High,Single,46718,840924,4,1,35,Good,Low,4,10,5,Bad,9,5,2,1,Senior,Grenoble
33,No,Travel_Rarely,175,Support,30,College,Life Sciences,Low,Homme,43,High,1,Research Director,Very High,Single,42600,1065000,7,0,20,Excellent,Low,2,20,6,Bad,14,11,1,11,Adulte,Grenoble
51,Yes,Travel_Frequently,449,Research & Development,28,Below College,Marketing,Medium,Homme,144,Very High,5,Sales Representative,Very High,Married,11754,164556,7,0,10,Excellent,High,2,31,1,Good,12,11,6,12,Senior,Paris
55,Yes,Travel_Rarely,801,Sales,18,Master,Other,Very High,Homme,48,High,1,Manufacturing Director,Medium,Married,5567,128041,7,1,31,Good,Very High,3,31,6,Better,24,18,4,20,Senior,Lyon
34,Yes,Travel_Rarely,183,Software,28,Master,Technical Degree,Low,Homme,40,High,1,Sales Executive,Medium,Divorced,13623,13623,5,1,26,Bad,Low,2,25,5,Good,21,21,2,3,Adulte,Nantes
32,Yes,Travel_Rarely,226,Software,6,Master,Other,High,Femme,127,Low,2,Research Scientist,Medium,Married,28911,346932,5,0,6,Bad,Low,1,24,3,Good,5,1,1,3,Adulte,Nantes
35,Yes,Non-Travel,1459,Sales,42,Master,Other,High,Homme,61,Very High,5,Research Director,Very High,Single,28528,114112,5,1,14,Good,Low,3,9,3,Good,1,1,1,1,Adulte,Lyon
54,No,Non-Travel,1395,Human Resources,43,Doctor,Technical Degree,Medium,Homme,142,Medium,5,Research Scientist,Very High,Single,8470,42350,5,1,36,Excellent,Low,2,14,3,Best,8,1,5,6,Senior,Marseille
27,No,Travel_Rarely,625,Human Resources,10,Below College,Marketing,Very High,Femme,184,Low,3,Developer,Very High,Single,19525,195250,4,1,7,Outstanding,High,4,34,3,Best,17,4,15,9,Jeune,Marseille
23,No,Travel_Frequently,1494,Sales,38,Bachelor,Technical Degree,High,Femme,66,Low,2,Laboratory Technician,Low,Divorced,13087,78522,4,0,42,Excellent,High,3,1,5,Good,1,1,1,1,Jeune,Lyon
21,No,Travel_Rarely,1345,Human Resources,6,Bachelor,Human Resources,Medium,Homme,112,Very High,2,Sales Executive,Low,Single,24685,641810,6,0,24,Outstanding,Medium,4,28,4,Bad,26,11,23,11,Jeune,Marseille
48,No,Travel_Frequently,474,Hardware,44,Bachelor,Other,Very High,Homme,39,Very High,4,Sales Representative,High,Divorced,31259,875252,5,1,44,Excellent,High,3,19,4,Bad,6,4,5,3,Senior,Lille
24,No,Non-Travel,577,Hardware,30,Bachelor,Marketing,Medium,Femme,78,Very High,4,Manufacturing Director,Medium,Married,38418,576270,7,1,11,Outstanding,Very High,4,9,4,Best,8,2,3,6,Jeune,Lille
39,Yes,Non-Travel,1204,Software,5,Doctor,Marketing,Medium,Homme,137,Very High,4,Developer,Very High,Divorced,11740,140880,3,1,10,Bad,Medium,1,37,4,Good,17,9,9,5,Adulte,Nantes
28,Yes,Travel_Rarely,1399,Research & Development,29,Below College,Other,High,Homme,51,Medium,5,Sales Executive,High,Single,3149,34639,2,0,15,Good,Low,3,28,1,Bad,28,18,7,10,Jeune,Paris
39,Yes,Non-Travel,1374,Software,11,College,Medical,Very High,Homme,179,Very High,1,Research Director,High,Divorced,9025,180500,8,0,34,Good,Medium,4,16,1,Bad,7,6,7,3,Adulte,Nantes
32,No,Non-Travel,786,Hardware,22,College,Marketing,Low,Homme,162,Very High,1,Manufacturing Director,Medium,Single,41029,861609,7,1,3,Outstanding,Low,3,27,4,Better,7,5,3,4,Adulte,Lille
45,No,Non-Travel,1447,Human Resources,47,Master,Medical,Low,Homme,132,High,2,Manager,High,Divorced,7153,57224,6,0,14,Bad,Very High,1,7,3,Bad,1,1,1,1,Adulte,Marseille
30,No,Travel_Frequently,302,Sales,32,College,Marketing,Medium,Femme,45,High,3,Research Scientist,High,Divorced,17875,214500,2,1,43,Good,Medium,4,13,3,Bad,4,4,3,4,Jeune,Lyon
46,Yes,Travel_Rarely,1475,Software,22,Bachelor,Marketing,Very High,Femme,167,Medium,3,Manager,High,Divorced,7769,23307,4,1,39,Good,Medium,3,8,3,Best,2,1,2,1,Senior,Nantes
27,Yes,Travel_Frequently,1119,Sales,37,College,Human Resources,Very High,Femme,147,Low,1,Developer,Low,Single,44028,572364,6,1,20,Excellent,Medium,3,16,3,Better,6,2,3,6,Jeune,Lyon
19,No,Travel_Rarely,575,Research & Development,2,Doctor,Human Resources,Low,Femme,135,High,2,Healthcare Representative,Very High,Single,30879,92637,1,1,46,Excellent,High,3,21,1,Best,5,5,2,3,Jeune,Paris
45,Yes,Travel_Rarely,1188,Software,14,Master,Human Resources,Very High,Homme,70,Very High,3,Sales Executive,Medium,Single,29306,175836,0,0,42,Excellent,Medium,3,32,6,Better,1,1,1,1,Adulte,Nantes
23,No,Travel_Rarely,582,Support,33,Bachelor,Life Sciences,Low,Femme,184,Medium,1,Developer,Low,Single,39243,196215,0,1,49,Outstanding,High,1,22,4,Best,5,5,4,2,Jeune,Grenoble
56,No,Non-Travel,115,Human Resources,50,Master,Medical,Low,Femme,145,High,5,Sales Representative,Very High,Divorced,21753,413307,2,1,23,Outstanding,Low,1,20,2,Bad,2,1,1,1,Senior,Marseille
23,Yes,Non-Travel,365,Hardware,12,Bachelor,Marketing,Very High,Homme,147,Medium,5,Research Scientist,Very High,Single,9832,127816,5,1,25,Outstanding,High,4,4,5,Good,1,1,1,1,Jeune,Lille
24,No,Non-Travel,857,Sales,42,Below College,Human Resources,Low,Femme,36,Low,2,Sales Representative,Very High,Single,22354,469434,1,0,28,Good,Medium,1,17,4,Best,4,1,4,2,Jeune,Lyon
21,No,Non-Travel,1253,Software,34,Doctor,Marketing,High,Homme,191,Very High,1,Research Director,Medium,Married,38296,574440,8,0,25,Bad,Low,1,27,2,Better,27,16,15,9,Jeune,Nantes
38,No,Non-Travel,470,Support,20,College,Life Sciences,Medium,Femme,132,Very High,3,Manager,Very High,Divorced,30427,334697,1,0,2,Good,High,4,39,3,Better,11,11,6,11,Adulte,Grenoble
49,Yes,Travel_Rarely,915,Sales,25,College,Medical,Medium,Femme,92,Low,4,Sales Executive,Medium,Single,24879,497580,1,1,37,Bad,Very High,4,38,2,Bad,26,11,1,3,Senior,Lyon
51,Yes,Travel_Rarely,347,Research & Development,41,College,Medical,Low,Homme,130,Low,2,Healthcare Representative,High,Married,36858,405438,2,0,16,Good,Low,4,24,3,Good,5,5,3,1,Senior,Paris
43,No,Travel_Rarely,1074,Sales,19,Below College,Marketing,High,Femme,56,Low,5,Research Scientist,High,Single,2714,75992,5,0,24,Good,High,1,30,5,Better,18,16,14,14,Adulte,Lyon
58,Yes,Non-Travel,876,Software,21,Doctor,Human Resources,Low,Femme,140,Very High,5,Sales Executive,Medium,Divorced,44876,762892,8,1,6,Excellent,Low,4,1,6,Best,1,1,1,1,Senior,Nantes
31,Yes,Travel_Frequently,1495,Research & Development,26,College,Medical,Medium,Homme,41,Very High,3,Sales Representative,High,Divorced,31939,574902,0,1,49,Good,Very High,3,2,5,Good,1,1,1,1,Adulte,Paris
30,Yes,Travel_Rarely,442,Research & Development,10,Master,Medical,Very High,Femme,168,Low,1,Sales Executive,High,Married,10559,295652,3,0,49,Good,Medium,1,7,4,Good,4,2,2,2,Jeune,Paris
49,No,Travel_Rarely,693,Sales,14,Bachelor,Human Resources,Low,Homme,44,Very High,4,Research Scientist,High,Divorced,45569,455690,2,1,43,Good,Very High,3,17,5,Bad,10,6,2,6,Senior,Lyon
19,Yes,Non-Travel,815,Support,30,Below College,Marketing,Medium,Femme,144,Medium,3,Research Scientist,High,Married,7748,30992,8,1,26,Outstanding,Very High,2,17,5,Better,11,8,4,11,Jeune,Grenoble
47,No,Non-Travel,356,Software,23,Doctor,Life Sciences,Medium,Femme,131,Medium,2,Sales Representative,Low,Divorced,45571,774707,6,0,30,Outstanding,High,3,18,4,Good,11,11,9,3,Senior,Nantes
40,Yes,Travel_Rarely,344,Software,33,College,Technical Degree,High,Homme,194,Low,2,Healthcare Representative,Medium,Married,34568,864200,4,0,45,Outstanding,Medium,4,6,6,Better,4,1,1,3,Adulte,Nantes
55,No,Non-Travel,991,Support,22,Doctor,Medical,Low,Femme,169,Low,1,Developer,Medium,Divorced,10058,251450,4,1,18,Outstanding,Low,2,23,3,Best,12,6,5,10,Senior,Grenoble
41,No,Travel_Frequently,1500,Sales,30,Master,Life Sciences,High,Femme,169,Very High,4,Healthcare Representative,Low,Divorced,41233,247398,3,0,48,Good,Medium,2,16,4,Best,2,2,2,2,Adulte,Lyon
60,No,Travel_Frequently,484,Research & Development,43,Bachelor,Technical Degree,Low,Homme,193,Medium,1,Manufacturing Director,High,Divorced,35071,596207,3,0,28,Excellent,Low,2,28,6,Bad,12,3,3,6,Senior,Paris
45,No,Travel_Frequently,885,Hardware,24,Bachelor,Human Resources,Very High,Homme,90,Medium,2,Sales Executive,High,Married,21332,149324,0,0,1,Good,Very High,2,18,4,Good,9,8,3,9,Adulte,Lille
27,No,Travel_Rarely,616,Research & Development,26,Below College,Marketing,High,Homme,89,High,4,Research Scientist,High,Single,46850,46850,2,1,41,Excellent,High,2,17,4,Best,3,3,2,3,Jeune,Paris
49,No,Non-Travel,160,Human Resources,26,College,Life Sciences,Medium,Femme,94,Low,3,Laboratory Technician,Low,Single,21279,383022,2,1,11,Outstanding,Very High,1,19,4,Good,18,10,5,10,Senior,Marseille
49,Yes,Non-Travel,295,Software,45,Below College,Medical,High,Femme,99,Low,1,Research Director,High,Married,33066,826650,7,1,25,Bad,Very High,4,22,5,Better,1,1,1,1,Senior,Nantes
52,Yes,Travel_Frequently,1093,Human Resources,12,Master,Technical Degree,Low,Homme,89,High,3,Research Scientist,Medium,Single,35107,315963,8,1,7,Outstanding,High,2,5,5,Best,1,1,1,1,Senior,Marseille
43,No,Travel_Rarely,857,Software,10,Doctor,Technical Degree,Very High,Homme,84,Medium,2,Sales Executive,High,Married,3926,94224,2,1,36,Bad,High,2,30,5,Best,20,20,7,3,Adulte,Nantes
23,No,Travel_Rarely,1490,Research & Development,19,Bachelor,Marketing,Low,Femme,183,High,2,Laboratory Technician,High,Married,14314,343536,0,0,34,Bad,Low,4,31,3,Bad,26,11,4,14,Jeune,Paris
35,No,Travel_Rarely,1496,Support,48,Below College,Human Resources,Very High,Homme,155,High,2,Human Resources,High,Divorced,6605,105680,0,0,38,Good,Very High,3,32,1,Good,20,5,17,2,Adulte,Grenoble
59,Yes,Non-Travel,711,Human Resources,10,College,Life Sciences,Medium,Homme,127,High,1,Research Scientist,High,Divorced,34923,384153,3,0,34,Excellent,Very High,1,24,5,Good,21,1,4,8,Senior,Marseille
41,No,Non-Travel,1075,Sales,36,Master,Technical Degree,Very High,Femme,179,Medium,2,Manufacturing Director,High,Divorced,28929,781083,7,0,49,Good,Medium,3,20,4,Better,2,1,2,1,Adulte,Lyon
40,Yes,Travel_Rarely,1433,Sales,49,College,Human Resources,Very High,Homme,121,Very High,5,Manager,Very High,Divorced,26464,688064,1,1,49,Good,High,2,20,2,Good,12,8,3,12,Adulte,Lyon
59,Yes,Travel_Rarely,483,Research & Development,11,Below College,Medical,High,Homme,168,High,1,Human Resources,Medium,Divorced,40758,937434,2,1,46,Outstanding,Low,3,23,5,Best,14,7,3,5,Senior,Paris
21,Yes,Non-Travel,256,Research & Development,27,Below College,Medical,Medium,Homme,102,High,5,Manufacturing Director,Medium,Divorced,30054,751350,2,1,20,Outstanding,Medium,4,13,1,Bad,5,2,3,3,Jeune,Paris
41,No,Non-Travel,1481,Research & Development,42,College,Marketing,Very High,Homme,179,Very High,5,Research Scientist,Low,Married,34001,340010,8,0,2,Outstanding,Very High,3,23,2,Better,3,3,3,2,Adulte,Paris
24,Yes,Travel_Frequently,724,Support,47,Master,Life Sciences,Very High,Homme,144,High,5,Developer,Low,Divorced,15269,366456,3,1,5,Bad,Medium,1,27,2,Best,22,5,7,3,Jeune,Grenoble
55,Yes,Non-Travel,1100,Hardware,39,Master,Human Resources,Very High,Femme,98,High,4,Healthcare Representative,Medium,Married,34702,798146,1,1,20,Excellent,Low,1,24,4,Good,20,20,15,6,Senior,Lille
33,No,Travel_Rarely,1443,Sales,8,College,Human Resources,Very High,Homme,168,Medium,4,Laboratory Technician,Very High,Married,47987,1391623,8,0,28,Outstanding,Medium,1,27,6,Bad,3,2,1,1,Adulte,Lyon
45,Yes,Travel_Rarely,659,Software,42,Bachelor,Human Resources,Very High,Femme,82,High,1,Research Director,Medium,Married,23131,393227,3,0,5,Bad,Medium,4,35,5,Good,7,2,6,2,Adulte,Nantes
25,No,Travel_Rarely,582,Support,48,Bachelor,Marketing,Medium,Homme,161,Medium,2,Laboratory Technician,Medium,Single,13904,13904,8,0,27,Excellent,Medium,3,5,3,Better,3,3,3,2,Jeune,Grenoble
27,No,Travel_Frequently,1135,Research & Development,40,Bachelor,Life Sciences,Very High,Femme,63,Low,5,Research Director,Low,Divorced,10323,123876,4,0,20,Bad,Very High,1,3,2,Better,1,1,1,1,Jeune,Paris
57,Yes,Non-Travel,942,Human Resources,26,Doctor,Medical,Low,Homme,45,Low,4,Manager,Medium,Single,14891,74455,4,1,16,Good,Medium,4,2,5,Best,2,2,2,2,Senior,Marseille
24,Yes,Travel_Frequently,454,Sales,47,Master,Medical,High,Femme,193,High,4,Research Scientist,Very High,Divorced,31997,95991,2,1,36,Outstanding,Very High,3,24,1,Best,16,1,4,12,Jeune,Lyon
38,No,Travel_Frequently,149,Human Resources,20,Doctor,Marketing,Medium,Femme,114,Low,5,Research Scientist,Low,Divorced,17899,161091,4,0,40,Good,Medium,1,27,6,Best,17,9,9,7,Adulte,Marseille
26,No,Travel_Rarely,176,Human Resources,50,Below College,Other,High,Femme,49,Medium,5,Manager,Very High,Married,33302,899154,0,0,3,Bad,Medium,2,15,4,Good,10,3,3,1,Jeune,Marseille
48,Yes,Travel_Frequently,1300,Software,44,College,Medical,High,Femme,93,Medium,4,Sales Representative,Low,Single,48585,388680,4,0,15,Outstanding,Medium,2,6,3,Good,3,1,1,2,Senior,Nantes
51,No,Non-Travel,1391,Hardware,44,Master,Life Sciences,Very High,Homme,86,High,2,Sales Representative,Low,Divorced,30310,424340,2,1,28,Good,High,2,29,1,Best,12,12,12,10,Senior,Lille
43,Yes,Non-Travel,1281,Hardware,2,Bachelor,Human Resources,Very High,Femme,39,Low,2,Sales Executive,Very High,Divorced,34355,584035,5,1,7,Bad,Very High,2,26,5,Bad,19,8,8,5,Adulte,Lille
46,Yes,Travel_Rarely,820,Research & Development,23,College,Life Sciences,High,Femme,174,High,5,Manager,Medium,Single,46715,1261305,3,1,47,Bad,Medium,3,15,4,Best,2,1,1,2,Senior,Paris
38,Yes,Travel_Rarely,1204,Hardware,34,Bachelor,Medical,Very High,Homme,190,Low,1,Manufacturing Director,Medium,Married,14008,140080,0,0,22,Bad,Medium,2,28,4,Good,9,6,8,3,Adulte,Lille
58,Yes,Non-Travel,1256,Research & Development,40,Master,Technical Degree,Very High,Femme,168,High,1,Human Resources,Very High,Divorced,36658,219948,2,0,25,Excellent,Low,4,37,2,Better,17,11,13,3,Senior,Paris
59,No,Non-Travel,1086,Software,11,Below College,Other,Low,Homme,170,Medium,1,Manufacturing Director,Medium,Married,43665,611310,2,1,28,Excellent,High,4,28,6,Best,5,2,3,4,Senior,Nantes
26,Yes,Non-Travel,414,Human Resources,24,Doctor,Human Resources,High,Femme,142,High,1,Laboratory Technician,Low,Married,17125,291125,4,0,30,Outstanding,Low,1,35,5,Bad,22,21,6,18,Jeune,Marseille
30,No,Non-Travel,1498,Hardware,11,Bachelor,Human Resources,Medium,Femme,33,High,5,Manufacturing Director,High,Divorced,41185,617775,8,0,7,Good,Medium,3,10,6,Bad,2,2,2,2,Jeune,Lille
26,Yes,Non-Travel,1027,Software,19,Below College,Medical,High,Homme,49,Medium,4,Sales Representative,Low,Married,45851,504361,4,1,44,Good,Low,2,21,4,Good,4,2,4,2,Jeune,Nantes
35,No,Travel_Rarely,221,Hardware,50,Master,Other,Very High,Homme,60,Medium,2,Human Resources,Low,Married,23732,545836,7,0,49,Bad,Low,2,25,1,Best,14,2,8,1,Adulte,Lille
25,Yes,Travel_Rarely,1371,Software,47,Master,Life Sciences,Very High,Homme,104,Very High,3,Healthcare Representative,Low,Divorced,43173,259038,7,0,30,Excellent,Medium,1,5,4,Best,2,2,2,2,Jeune,Nantes
60,Yes,Non-Travel,345,Hardware,28,Bachelor,Technical Degree,High,Femme,160,Medium,3,Sales Representative,Low,Single,5700,28500,1,1,30,Bad,Low,1,12,4,Good,10,7,2,6,Senior,Lille
23,No,Non-Travel,1348,Support,7,Doctor,Medical,Low,Femme,190,Medium,4,Laboratory Technician,Very High,Single,18762,525336,5,0,3,Excellent,Low,2,33,3,Best,14,7,11,6,Jeune,Grenoble
56,No,Non-Travel,327,Sales,40,College,Marketing,High,Homme,142,Very High,4,Sales Representative,Medium,Married,36684,220104,6,1,41,Bad,Medium,1,28,1,Bad,28,6,21,21,Senior,Lyon
28,No,Non-Travel,812,Human Resources,38,College,Human Resources,Low,Homme,196,High,4,Sales Executive,High,Married,26676,666900,5,0,32,Excellent,Very High,1,36,5,Best,24,15,5,7,Jeune,Marseille
24,Yes,Travel_Frequently,1350,Human Resources,37,Bachelor,Technical Degree,Very High,Homme,108,Medium,5,Human Resources,Very High,Single,21662,259944,4,0,20,Excellent,Very High,4,24,1,Best,1,1,1,1,Jeune,Marseille
36,No,Non-Travel,759,Research & Development,3,College,Human Resources,Very High,Femme,179,Low,5,Research Director,Medium,Divorced,34672,936144,7,0,11,Outstanding,Low,4,28,3,Good,2,1,2,2,Adulte,Paris
37,No,Non-Travel,420,Research & Development,9,Master,Life Sciences,Medium,Femme,75,Medium,1,Developer,High,Married,28102,337224,6,1,33,Bad,Medium,4,9,3,Better,4,1,4,3,Adulte,Paris
57,Yes,Non-Travel,177,Sales,26,College,Medical,High,Femme,120,Medium,2,Sales Representative,Very High,Married,6215,74580,7,0,48,Bad,Medium,2,25,4,Good,22,20,21,20,Senior,Lyon
27,Yes,Non-Travel,1015,Human Resources,8,Bachelor,Technical Degree,Very High,Femme,39,Low,5,Healthcare Representative,High,Single,47171,990591,8,1,23,Outstanding,Medium,3,35,4,Better,18,5,6,14,Jeune,Marseille
20,Yes,Non-Travel,1276,Sales,23,Below College,Other,Medium,Femme,133,Low,5,Manager,High,Married,6115,24460,2,0,21,Bad,Low,2,10,3,Bad,8,3,2,1,Jeune,Lyon
38,No,Non-Travel,635,Support,45,Below College,Medical,High,Homme,48,High,4,Developer,Low,Single,38728,503464,3,0,13,Good,Low,1,3,5,Bad,3,2,2,3,Adulte,Grenoble
45,No,Non-Travel,1178,Sales,30,College,Life Sciences,Low,Femme,136,High,4,Human Resources,Very High,Married,3237,71214,0,0,2,Bad,High,2,31,4,Bad,20,6,19,10,Adulte,Lyon
49,Yes,Travel_Frequently,365,Software,14,College,Marketing,Medium,Homme,177,Low,5,Sales Executive,Medium,Single,2294,52762,3,0,0,Excellent,Very High,4,23,3,Best,14,9,10,13,Senior,Nantes
58,Yes,Non-Travel,313,Human Resources,5,Doctor,Marketing,Medium,Homme,83,High,2,Sales Executive,Very High,Divorced,6221,180409,8,0,45,Bad,High,4,1,5,Best,1,1,1,1,Senior,Marseille
27,Yes,Travel_Rarely,713,Sales,7,Doctor,Medical,Low,Homme,73,Medium,2,Laboratory Technician,Medium,Married,28692,86076,8,1,39,Outstanding,Low,3,36,5,Better,6,1,1,1,Jeune,Lyon
53,Yes,Non-Travel,692,Sales,17,College,Medical,High,Homme,42,High,1,Developer,Very High,Single,30641,275769,5,0,28,Excellent,Very High,4,22,2,Better,12,2,3,11,Senior,Lyon
20,Yes,Travel_Rarely,108,Sales,27,Doctor,Life Sciences,Low,Femme,121,High,1,Manufacturing Director,Medium,Divorced,49528,1188672,3,0,1,Good,Medium,3,3,4,Good,2,1,1,1,Jeune,Lyon
47,Yes,Non-Travel,1170,Research & Development,29,College,Marketing,Very High,Homme,90,High,2,Research Director,High,Divorced,8557,171140,0,0,28,Excellent,Low,4,9,3,Good,5,3,1,1,Senior,Paris
37,No,Travel_Rarely,245,Software,8,Doctor,Human Resources,Very High,Homme,174,Low,5,Healthcare Representative,Low,Divorced,14225,369850,6,0,13,Outstanding,High,3,6,3,Best,4,3,3,1,Adulte,Nantes
31,Yes,Non-Travel,1428,Research & Development,25,Doctor,Technical Degree,Low,Homme,84,Medium,3,Developer,Medium,Single,13876,291396,6,1,23,Outstanding,Medium,2,33,3,Bad,29,13,5,28,Adulte,Paris
28,Yes,Travel_Rarely,352,Human Resources,24,Bachelor,Human Resources,Very High,Femme,86,High,2,Manufacturing Director,Medium,Divorced,36770,919250,1,0,43,Outstanding,Medium,2,38,6,Good,23,21,13,15,Jeune,Marseille
45,No,Non-Travel,1451,Hardware,43,Master,Medical,High,Homme,60,High,4,Healthcare Representative,Low,Married,39477,434247,1,0,42,Excellent,Low,3,9,6,Best,3,3,3,3,Adulte,Lille
39,No,Non-Travel,661,Support,1,Master,Medical,Very High,Femme,104,Medium,4,Research Director,High,Divorced,16883,438958,8,0,18,Outstanding,Very High,1,30,3,Better,21,4,3,5,Adulte,Grenoble
21,No,Travel_Frequently,521,Hardware,2,College,Life Sciences,Medium,Femme,188,Medium,3,Developer,High,Married,24532,662364,4,1,25,Bad,High,3,11,6,Better,5,2,1,1,Jeune,Lille
60,Yes,Non-Travel,669,Hardware,12,College,Medical,Medium,Homme,130,Medium,3,Human Resources,Very High,Divorced,2786,44576,8,0,5,Outstanding,Low,1,26,4,Best,15,4,1,13,Senior,Lille
24,Yes,Travel_Frequently,1447,Sales,10,Doctor,Technical Degree,Low,Femme,113,Low,5,Research Scientist,High,Married,42958,85916,8,0,38,Good,High,2,18,6,Bad,17,17,7,9,Jeune,Lyon
37,Yes,Travel_Frequently,567,Support,33,Below College,Life Sciences,Medium,Femme,136,Very High,2,Manufacturing Director,High,Married,25261,176827,8,1,19,Good,Medium,2,28,2,Good,22,1,9,4,Adulte,Grenoble
23,No,Travel_Frequently,890,Support,5,Master,Technical Degree,Very High,Homme,101,Low,2,Healthcare Representative,Very High,Divorced,26438,185066,8,1,41,Outstanding,Very High,3,35,3,Better,21,1,17,10,Jeune,Grenoble
27,Yes,Travel_Frequently,513,Human Resources,10,Below College,Marketing,Medium,Homme,106,High,5,Human Resources,Low,Single,45181,1265068,5,0,29,Good,Low,1,12,4,Better,12,9,6,9,Jeune,Marseille
27,No,Travel_Rarely,264,Support,11,Bachelor,Medical,High,Homme,149,Very High,2,Research Director,Very High,Divorced,7951,39755,4,0,8,Outstanding,Low,2,14,3,Better,6,1,3,6,Jeune,Grenoble
47,Yes,Non-Travel,1243,Sales,8,Bachelor,Human Resources,High,Homme,184,Medium,4,Research Scientist,Low,Married,19214,365066,4,0,21,Good,Low,1,5,6,Best,2,2,1,1,Senior,Lyon
46,Yes,Travel_Frequently,536,Research & Development,11,Doctor,Medical,High,Homme,83,Medium,5,Developer,Low,Married,34250,993250,7,0,45,Outstanding,High,3,19,1,Bad,16,12,13,15,Senior,Paris
40,No,Non-Travel,1386,Research & Development,44,Master,Life Sciences,Low,Femme,173,High,5,Developer,High,Single,50866,1220784,1,1,43,Outstanding,Medium,4,35,2,Best,18,13,3,6,Adulte,Paris
26,No,Non-Travel,703,Software,14,Bachelor,Medical,High,Homme,128,Very High,4,Human Resources,Medium,Married,8219,213694,7,0,14,Good,Very High,2,31,6,Best,7,4,1,7,Jeune,Nantes
42,Yes,Travel_Frequently,1278,Hardware,16,Below College,Human Resources,Medium,Homme,162,Low,5,Research Scientist,Medium,Divorced,6576,190704,3,1,47,Good,Low,2,20,3,Bad,19,10,11,1,Adulte,Lille
39,No,Travel_Rarely,400,Hardware,40,Below College,Technical Degree,Medium,Femme,101,Low,3,Manufacturing Director,Low,Single,34551,138204,4,0,38,Good,High,4,31,3,Good,12,8,7,3,Adulte,Lille
21,No,Non-Travel,950,Support,5,Bachelor,Medical,High,Femme,155,Medium,3,Developer,Very High,Married,39028,1014728,5,0,38,Outstanding,Very High,4,21,1,Bad,13,2,3,10,Jeune,Grenoble
55,Yes,Non-Travel,483,Software,7,Master,Medical,Very High,Femme,56,Very High,3,Laboratory Technician,High,Single,4685,37480,8,0,29,Bad,High,2,16,5,Best,2,1,2,1,Senior,Nantes
37,Yes,Non-Travel,1363,Research & Development,23,Doctor,Marketing,Very High,Femme,46,High,4,Laboratory Technician,High,Divorced,22379,425201,2,0,20,Outstanding,Medium,1,2,3,Better,1,1,1,1,Adulte,Paris
51,No,Travel_Rarely,1364,Support,45,Bachelor,Technical Degree,Very High,Homme,92,Low,5,Developer,Very High,Divorced,19439,233268,4,0,18,Excellent,High,3,22,1,Good,20,18,14,3,Senior,Grenoble
50,No,Non-Travel,1496,Research & Development,25,Below College,Life Sciences,Very High,Femme,131,Low,3,Human Resources,High,Single,16596,348516,4,1,13,Bad,High,2,6,1,Best,6,1,6,6,Senior,Paris
50,No,Travel_Rarely,624,Research & Development,34,College,Life Sciences,High,Homme,190,Low,4,Healthcare Representative,Low,Divorced,10273,71911,7,1,36,Excellent,Medium,2,26,3,Best,19,12,14,18,Senior,Paris
55,No,Non-Travel,1030,Research & Development,23,Doctor,Human Resources,High,Femme,151,Low,2,Manufacturing Director,Medium,Single,40569,770811,8,0,19,Outstanding,Very High,3,28,6,Good,24,8,24,18,Senior,Paris
53,No,Travel_Frequently,203,Research & Development,8,Doctor,Marketing,Very High,Homme,105,Low,3,Sales Representative,Medium,Married,32625,293625,3,0,13,Bad,Low,2,38,5,Bad,33,1,14,24,Senior,Paris
40,No,Non-Travel,558,Sales,4,Bachelor,Technical Degree,Very High,Homme,57,Medium,5,Human Resources,Very High,Single,46214,600782,3,0,30,Outstanding,Medium,2,14,4,Good,10,9,5,5,Adulte,Lyon
44,No,Travel_Rarely,172,Support,9,College,Life Sciences,Very High,Homme,83,Low,1,Healthcare Representative,High,Married,17253,500337,0,1,47,Bad,Very High,2,28,2,Good,18,12,2,2,Adulte,Grenoble
22,Yes,Travel_Rarely,1346,Human Resources,2,Bachelor,Life Sciences,Low,Homme,77,Very High,5,Manager,Very High,Divorced,48228,192912,1,1,35,Good,High,3,31,1,Best,25,3,24,7,Jeune,Marseille
35,No,Travel_Rarely,1293,Sales,4,Master,Other,High,Homme,132,Low,3,Manufacturing Director,High,Married,28023,672552,8,0,28,Outstanding,Very High,2,9,1,Best,7,5,5,5,Adulte,Lyon
57,Yes,Travel_Rarely,1481,Sales,11,Doctor,Life Sciences,Very High,Femme,93,Low,3,Sales Executive,Very High,Married,26707,106828,4,1,32,Excellent,Very High,2,17,4,Good,4,1,2,2,Senior,Lyon
31,No,Travel_Rarely,1079,Hardware,27,Below College,Life Sciences,High,Homme,63,Medium,2,Laboratory Technician,Very High,Single,37083,444996,5,0,28,Good,Medium,4,29,2,Bad,19,1,5,8,Adulte,Lille
55,No,Travel_Frequently,947,Support,16,Doctor,Life Sciences,High,Femme,100,High,2,Sales Representative,Very High,Single,32292,387504,2,1,46,Bad,Medium,1,18,5,Best,1,1,1,1,Senior,Grenoble
20,Yes,Travel_Frequently,655,Software,24,Bachelor,Life Sciences,Medium,Homme,162,Low,3,Healthcare Representative,Medium,Married,40849,1184621,3,0,1,Excellent,Medium,3,29,6,Better,28,23,9,25,Jeune,Nantes
21,No,Travel_Rarely,532,Software,41,Master,Marketing,Very High,Femme,142,Low,4,Developer,Medium,Single,36051,1081530,2,0,21,Good,Medium,3,33,5,Better,8,3,1,5,Jeune,Nantes
54,Yes,Non-Travel,828,Human Resources,48,Doctor,Medical,Low,Femme,196,Medium,2,Manufacturing Director,Very High,Married,2758,22064,2,0,39,Bad,Low,3,21,5,Best,6,3,6,4,Senior,Marseille
27,No,Travel_Frequently,837,Software,31,Below College,Human Resources,Very High,Homme,35,Very High,2,Healthcare Representative,High,Divorced,28769,575380,8,1,7,Bad,Low,3,8,2,Bad,2,2,1,1,Jeune,Nantes
52,No,Non-Travel,1169,Research & Development,11,Master,Technical Degree,Medium,Femme,102,Low,3,Human Resources,High,Married,21209,636270,3,0,30,Excellent,Medium,3,38,2,Better,12,11,9,12,Senior,Paris
50,Yes,Travel_Rarely,972,Support,35,Master,Technical Degree,Very High,Homme,95,Low,4,Laboratory Technician,Very High,Single,36841,294728,3,0,5,Bad,Medium,2,28,3,Good,23,15,12,9,Senior,Grenoble
43,Yes,Non-Travel,818,Software,41,Bachelor,Medical,High,Femme,148,High,5,Developer,Very High,Married,33645,134580,3,1,37,Bad,Low,2,11,6,Best,6,6,1,3,Adulte,Nantes
60,Yes,Travel_Rarely,1123,Support,25,Below College,Other,Low,Homme,192,Very High,4,Developer,Medium,Single,34457,620226,0,0,47,Bad,Medium,3,16,5,Better,3,1,2,3,Senior,Grenoble
23,Yes,Non-Travel,118,Sales,11,College,Marketing,Very High,Homme,86,High,1,Manufacturing Director,Very High,Divorced,30196,392548,8,0,1,Bad,Medium,3,2,5,Good,2,2,1,2,Jeune,Lyon
46,No,Non-Travel,865,Human Resources,13,Master,Medical,Very High,Femme,134,Very High,5,Laboratory Technician,Low,Divorced,44258,1239224,7,0,2,Outstanding,High,3,33,1,Better,26,18,18,2,Senior,Marseille
57,Yes,Non-Travel,1083,Support,36,Below College,Life Sciences,Medium,Homme,106,Low,1,Laboratory Technician,High,Single,12836,243884,6,0,38,Excellent,High,2,21,4,Good,19,18,12,16,Senior,Grenoble
19,Yes,Travel_Rarely,906,Hardware,4,Below College,Life Sciences,High,Femme,162,Very High,1,Healthcare Representative,Very High,Married,31164,685608,6,0,28,Outstanding,Very High,2,19,2,Best,19,13,15,2,Jeune,Lille
19,No,Travel_Rarely,898,Research & Development,34,Doctor,Technical Degree,Low,Homme,138,Very High,4,Manufacturing Director,Low,Single,48484,824228,5,0,35,Bad,Low,1,18,1,Better,12,12,2,6,Jeune,Paris
23,No,Non-Travel,847,Hardware,26,Below College,Life Sciences,Low,Homme,39,High,5,Healthcare Representative,Very High,Divorced,6543,6543,6,1,7,Bad,Low,2,25,5,Best,18,4,12,4,Jeune,Lille
57,Yes,Travel_Rarely,979,Software,43,Below College,Marketing,Very High,Homme,42,Very High,1,Human Resources,Very High,Divorced,26986,242874,8,1,49,Bad,High,1,26,5,Good,16,11,16,6,Senior,Nantes
25,Yes,Non-Travel,1325,Human Resources,26,College,Technical Degree,High,Femme,196,Medium,1,Laboratory Technician,High,Married,22428,179424,7,0,26,Good,Medium,4,3,4,Good,3,3,1,1,Jeune,Marseille
40,No,Travel_Frequently,1267,Sales,29,Doctor,Medical,Low,Femme,56,Very High,3,Healthcare Representative,Very High,Married,47419,521609,7,1,49,Good,Very High,4,33,5,Bad,4,2,2,2,Adulte,Lyon
57,No,Travel_Rarely,1042,Software,6,Master,Marketing,Medium,Femme,90,High,5,Healthcare Representative,Medium,Single,47958,95916,6,1,22,Good,Medium,3,24,5,Better,13,8,1,8,Senior,Nantes
39,Yes,Non-Travel,203,Human Resources,35,Below College,Marketing,Very High,Femme,39,Medium,1,Sales Representative,High,Single,18656,149248,3,0,7,Outstanding,Medium,1,8,1,Better,3,3,1,2,Adulte,Marseille
18,Yes,Travel_Rarely,542,Human Resources,45,Below College,Human Resources,Medium,Homme,73,Low,4,Sales Representative,Very High,Divorced,32733,163665,3,0,10,Excellent,Low,4,19,1,Bad,8,8,5,1,Jeune,Marseille
32,No,Travel_Rarely,148,Sales,18,Doctor,Life Sciences,Low,Femme,187,Very High,3,Sales Representative,Low,Divorced,22616,158312,7,1,25,Good,Very High,4,8,4,Better,4,1,3,1,Adulte,Lyon
36,No,Non-Travel,1128,Research & Development,44,Doctor,Other,Low,Femme,117,Medium,1,Human Resources,Low,Single,24264,461016,3,0,1,Excellent,Low,1,36,3,Bad,3,3,1,1,Adulte,Paris
49,Yes,Travel_Frequently,182,Research & Development,38,Below College,Life Sciences,Very High,Homme,153,Very High,2,Developer,High,Divorced,1161,13932,4,0,25,Bad,Medium,2,36,2,Best,18,3,4,14,Senior,Paris
30,No,Travel_Frequently,291,Research & Development,12,College,Marketing,Very High,Femme,62,Medium,2,Sales Representative,Low,Divorced,19229,269206,7,1,48,Good,Low,4,19,5,Better,10,6,5,9,Jeune,Paris
49,No,Travel_Frequently,585,Software,47,Doctor,Marketing,Very High,Homme,194,Very High,1,Manager,Low,Married,40051,480612,3,0,46,Good,High,4,19,2,Best,15,7,10,7,Senior,Nantes
57,No,Travel_Frequently,750,Software,19,Master,Human Resources,Medium,Femme,144,Low,3,Sales Representative,Very High,Divorced,40682,406820,0,0,5,Outstanding,Medium,4,7,6,Good,2,2,2,1,Senior,Nantes
27,Yes,Travel_Frequently,191,Research & Development,39,College,Human Resources,High,Femme,140,High,2,Healthcare Representative,Medium,Single,35914,790108,0,1,18,Excellent,Very High,4,21,4,Best,21,5,18,10,Jeune,Paris
30,No,Travel_Rarely,159,Support,38,Master,Marketing,Low,Homme,38,Medium,3,Laboratory Technician,Low,Married,45951,1010922,0,0,14,Bad,High,3,9,5,Bad,2,2,1,1,Jeune,Grenoble
51,Yes,Travel_Rarely,442,Research & Development,1,Doctor,Life Sciences,Medium,Homme,92,Medium,4,Research Scientist,Very High,Divorced,44656,535872,3,0,37,Outstanding,Low,3,39,6,Better,22,6,20,22,Senior,Paris
26,Yes,Travel_Frequently,287,Support,47,College,Technical Degree,Very High,Femme,43,Medium,2,Sales Executive,High,Married,32365,970950,2,1,19,Bad,Medium,2,30,1,Better,21,14,20,2,Jeune,Grenoble
23,Yes,Travel_Frequently,836,Human Resources,1,Bachelor,Human Resources,Very High,Homme,83,Very High,3,Human Resources,Medium,Single,22262,645598,7,1,18,Outstanding,Low,3,10,2,Bad,7,5,3,4,Jeune,Marseille
45,No,Travel_Frequently,633,Hardware,23,College,Technical Degree,High,Femme,186,High,4,Manufacturing Director,High,Divorced,20538,595602,0,0,14,Good,Very High,3,22,1,Good,19,13,7,18,Adulte,Lille
49,Yes,Non-Travel,263,Software,21,Bachelor,Marketing,Medium,Femme,128,Very High,2,Laboratory Technician,Medium,Married,31409,628180,7,1,30,Excellent,Very High,2,18,3,Good,4,2,1,1,Senior,Nantes
39,Yes,Non-Travel,570,Software,38,Bachelor,Life Sciences,High,Femme,83,High,3,Laboratory Technician,Low,Divorced,7366,22098,8,1,33,Outstanding,Medium,1,37,6,Bad,7,5,5,6,Adulte,Nantes
19,No,Travel_Rarely,880,Sales,45,Bachelor,Other,High,Homme,41,Low,5,Sales Executive,High,Divorced,49840,598080,8,1,25,Outstanding,Medium,1,10,3,Best,4,2,3,2,Jeune,Lyon
28,No,Travel_Rarely,890,Research & Development,47,Master,Medical,Medium,Homme,39,High,3,Laboratory Technician,Very High,Divorced,43450,738650,0,0,23,Bad,Very High,2,18,6,Good,18,16,3,11,Jeune,Paris
47,Yes,Non-Travel,266,Human Resources,47,Doctor,Technical Degree,Medium,Homme,189,Low,5,Laboratory Technician,Medium,Single,28933,607593,7,0,31,Outstanding,High,4,11,6,Good,7,2,3,4,Senior,Marseille
39,No,Travel_Rarely,142,Sales,18,Master,Technical Degree,Very High,Femme,164,High,5,Human Resources,Medium,Married,2109,23199,8,1,33,Excellent,Medium,1,23,6,Bad,10,7,9,10,Adulte,Lyon
34,No,Travel_Frequently,1427,Sales,45,Doctor,Marketing,High,Femme,75,Low,4,Healthcare Representative,Low,Single,13407,26814,2,1,0,Bad,Very High,4,19,6,Good,13,10,8,8,Adulte,Lyon
40,Yes,Travel_Rarely,1134,Hardware,18,College,Human Resources,High,Homme,119,High,4,Human Resources,Medium,Single,19690,393800,3,1,33,Outstanding,Medium,3,30,4,Better,13,9,12,9,Adulte,Lille
40,Yes,Travel_Frequently,504,Research & Development,14,College,Other,Very High,Femme,111,Medium,4,Healthcare Representative,Medium,Divorced,45588,273528,5,1,3,Bad,Very High,3,30,5,Better,29,6,12,14,Adulte,Paris
53,No,Travel_Frequently,1282,Software,13,Master,Life Sciences,Low,Femme,110,Medium,4,Manager,High,Married,49353,1184472,5,1,13,Good,Medium,3,2,6,Best,1,1,1,1,Senior,Nantes
54,No,Travel_Frequently,641,Support,30,Doctor,Marketing,Medium,Homme,149,Low,4,Human Resources,High,Divorced,40195,40195,5,0,38,Good,Low,2,25,2,Good,14,10,8,1,Senior,Grenoble
57,No,Non-Travel,1091,Research & Development,43,College,Medical,Low,Femme,31,High,2,Manager,Very High,Divorced,33019,693399,5,0,17,Outstanding,Very High,1,6,1,Better,1,1,1,1,Senior,Paris
23,Yes,Non-Travel,1364,Research & Development,16,Bachelor,Life Sciences,Very High,Homme,199,Medium,2,Manager,High,Single,28062,448992,4,0,18,Excellent,Very High,1,36,6,Better,14,1,10,4,Jeune,Paris
39,Yes,Travel_Frequently,958,Software,43,Bachelor,Technical Degree,Medium,Homme,179,Low,5,Manufacturing Director,Low,Single,8667,199341,0,0,33,Excellent,Very High,2,10,6,Better,8,7,3,2,Adulte,Nantes
32,No,Travel_Frequently,1431,Software,3,Below College,Life Sciences,High,Homme,77,Low,1,Sales Representative,Medium,Single,29748,832944,5,0,38,Excellent,High,3,22,5,Better,2,1,1,1,Adulte,Nantes
45,No,Travel_Frequently,247,Software,50,Master,Technical Degree,Very High,Femme,194,High,1,Sales Representative,Low,Divorced,32676,130704,7,1,1,Outstanding,Medium,3,17,5,Best,12,10,7,12,Adulte,Nantes
47,No,Travel_Frequently,219,Sales,27,Bachelor,Medical,Low,Femme,79,Very High,3,Research Director,Low,Married,32467,519472,5,1,6,Excellent,Very High,3,13,6,Good,2,1,1,1,Senior,Lyon
58,Yes,Travel_Frequently,358,Human Resources,33,Master,Human Resources,Low,Homme,79,Low,3,Research Scientist,Medium,Divorced,9392,112704,7,0,8,Bad,Very High,3,2,4,Bad,2,1,2,2,Senior,Marseille
57,Yes,Travel_Rarely,1277,Hardware,22,Doctor,Life Sciences,Medium,Homme,188,Low,1,Research Director,High,Married,6271,18813,6,0,0,Bad,Medium,3,29,4,Best,17,8,9,3,Senior,Lille
43,No,Travel_Frequently,1240,Hardware,30,Master,Other,Very High,Femme,193,Medium,2,Research Scientist,Low,Single,32601,554217,8,1,1,Outstanding,Medium,1,38,5,Best,34,16,23,10,Adulte,Lille
37,No,Non-Travel,1037,Sales,41,College,Other,Medium,Femme,164,Very High,3,Human Resources,Low,Divorced,7934,95208,4,0,36,Outstanding,Low,1,16,5,Best,4,2,2,2,Adulte,Lyon
58,Yes,Non-Travel,745,Hardware,33,Master,Medical,High,Femme,76,Medium,4,Research Director,Very High,Divorced,6116,67276,2,1,48,Excellent,Medium,4,33,4,Better,9,9,6,4,Senior,Lille
21,Yes,Non-Travel,607,Hardware,45,Below College,Life Sciences,Low,Femme,166,Very High,4,Healthcare Representative,Very High,Married,33468,334680,0,0,20,Excellent,Very High,3,3,4,Good,2,1,1,1,Jeune,Lille
47,No,Travel_Frequently,999,Human Resources,41,Bachelor,Life Sciences,Low,Homme,77,Low,2,Healthcare Representative,High,Divorced,23145,694350,6,0,23,Bad,Medium,1,15,4,Good,3,2,1,3,Senior,Marseille
48,No,Non-Travel,527,Human Resources,20,College,Life Sciences,Low,Femme,75,Medium,2,Research Director,High,Single,42705,85410,8,0,42,Outstanding,Low,4,27,6,Bad,18,13,4,18,Senior,Marseille
24,No,Non-Travel,1074,Research & Development,1,Doctor,Technical Degree,Medium,Homme,93,High,1,Research Scientist,Low,Single,46638,1119312,2,1,11,Bad,High,3,13,3,Bad,1,1,1,1,Jeune,Paris
34,No,Travel_Rarely,326,Hardware,32,Master,Other,Medium,Homme,142,High,1,Sales Executive,Low,Married,41891,670256,2,1,11,Outstanding,High,4,2,1,Bad,1,1,1,1,Adulte,Lille
28,Yes,Non-Travel,436,Hardware,19,Master,Technical Degree,Medium,Femme,166,Medium,3,Healthcare Representative,Medium,Single,45297,634158,6,0,25,Good,Very High,2,28,5,Bad,23,8,13,14,Jeune,Lille
52,Yes,Travel_Frequently,1249,Research & Development,4,Doctor,Marketing,Low,Homme,194,Medium,4,Laboratory Technician,High,Single,22726,386342,3,0,23,Excellent,Very High,2,24,2,Bad,18,10,15,1,Senior,Paris
45,No,Non-Travel,161,Software,50,Doctor,Life Sciences,Very High,Femme,50,High,4,Research Director,Very High,Married,2439,19512,0,0,24,Excellent,Medium,2,34,3,Bad,7,6,4,4,Adulte,Nantes
27,No,Non-Travel,1097,Human Resources,12,Below College,Technical Degree,Very High,Femme,126,Very High,2,Human Resources,Very High,Single,18781,56343,6,0,26,Excellent,High,1,33,3,Bad,32,1,9,31,Jeune,Marseille
52,Yes,Travel_Frequently,487,Sales,9,Below College,Life Sciences,Very High,Homme,43,Low,3,Research Scientist,Medium,Divorced,27399,547980,5,0,39,Excellent,Medium,4,16,2,Better,6,5,6,3,Senior,Lyon
47,No,Travel_Frequently,1260,Support,38,Bachelor,Other,Very High,Homme,168,High,3,Research Scientist,High,Single,2742,63066,3,0,1,Bad,High,3,13,4,Good,11,8,5,5,Senior,Grenoble
46,Yes,Travel_Rarely,598,Sales,6,Below College,Life Sciences,Medium,Femme,76,Very High,4,Research Scientist,High,Single,11652,163128,8,0,15,Good,Medium,4,21,6,Good,7,1,6,6,Senior,Lyon
52,No,Non-Travel,163,Hardware,20,Doctor,Technical Degree,Very High,Homme,167,Medium,5,Laboratory Technician,Low,Single,10411,312330,5,1,2,Bad,High,1,38,3,Better,24,15,2,9,Senior,Lille
18,Yes,Travel_Frequently,1302,Sales,2,College,Marketing,Low,Femme,155,Medium,5,Research Scientist,High,Married,34364,137456,3,1,13,Excellent,Medium,3,40,1,Better,26,23,9,13,Jeune,Lyon
40,Yes,Travel_Rarely,922,Hardware,8,Master,Human Resources,Low,Femme,38,Medium,2,Developer,Medium,Married,39893,558502,2,1,43,Good,High,3,3,3,Good,1,1,1,1,Adulte,Lille
59,Yes,Non-Travel,413,Sales,30,College,Medical,High,Femme,76,Very High,2,Research Scientist,Medium,Divorced,34527,725067,0,1,1,Bad,Very High,2,39,2,Best,32,2,27,19,Senior,Lyon
42,No,Travel_Frequently,1130,Hardware,33,Master,Medical,Low,Homme,39,Low,5,Sales Executive,High,Single,36931,738620,5,1,8,Outstanding,Low,1,6,5,Bad,6,6,5,4,Adulte,Lille
19,No,Travel_Frequently,383,Support,40,Below College,Marketing,Very High,Femme,38,High,5,Manager,Medium,Single,29398,440970,5,0,2,Excellent,High,4,29,5,Better,22,13,8,7,Jeune,Grenoble
47,No,Travel_Frequently,255,Support,38,Below College,Life Sciences,High,Homme,194,High,4,Laboratory Technician,Very High,Single,39801,597015,8,0,40,Good,Low,3,12,3,Bad,12,7,7,8,Senior,Grenoble
58,No,Travel_Frequently,495,Software,1,Master,Other,High,Femme,200,Low,1,Manager,Medium,Divorced,21403,599284,8,0,47,Good,Very High,4,7,1,Better,7,1,7,2,Senior,Nantes
45,No,Travel_Rarely,293,Support,30,Bachelor,Marketing,Low,Homme,167,Very High,4,Research Scientist,Medium,Single,19714,315424,2,1,13,Outstanding,Very High,3,9,5,Best,5,3,3,5,Adulte,Grenoble
52,No,Travel_Rarely,880,Sales,29,Doctor,Technical Degree,High,Femme,170,Low,1,Human Resources,Very High,Single,48215,144645,3,1,37,Bad,Very High,4,23,5,Bad,12,2,5,2,Senior,Lyon
52,Yes,Travel_Frequently,838,Software,4,Doctor,Other,Very High,Femme,196,Low,2,Healthcare Representative,Medium,Divorced,15172,121376,3,0,11,Bad,Low,2,26,1,Best,23,16,11,1,Senior,Nantes
35,Yes,Travel_Rarely,1152,Support,12,College,Life Sciences,Medium,Femme,160,Medium,1,Sales Executive,Low,Single,43176,993048,6,0,32,Bad,Low,2,19,4,Good,1,1,1,1,Adulte,Grenoble
43,Yes,Non-Travel,1317,Research & Development,5,Master,Technical Degree,Very High,Homme,34,Very High,4,Manufacturing Director,Medium,Single,21195,317925,6,0,11,Excellent,Very High,4,23,5,Good,4,3,4,2,Adulte,Paris
59,Yes,Travel_Rarely,628,Research & Development,17,Master,Human Resources,Medium,Homme,110,Medium,2,Human Resources,High,Married,35759,715180,8,1,45,Excellent,Medium,1,20,6,Bad,16,13,9,2,Senior,Paris
30,No,Travel_Frequently,1062,Research & Development,8,College,Technical Degree,Medium,Homme,184,High,2,Research Director,High,Divorced,6883,117011,8,0,2,Outstanding,Low,1,26,5,Best,19,15,14,4,Jeune,Paris
32,No,Non-Travel,430,Hardware,28,Doctor,Technical Degree,Very High,Femme,117,Very High,2,Research Director,High,Single,34265,137060,7,1,34,Excellent,Very High,2,4,6,Best,1,1,1,1,Adulte,Lille
47,Yes,Travel_Rarely,859,Sales,6,Bachelor,Other,Low,Femme,48,Low,2,Research Scientist,Low,Married,47219,1369351,0,0,13,Good,Medium,4,21,3,Good,1,1,1,1,Senior,Lyon
47,No,Travel_Frequently,1137,Hardware,33,Bachelor,Life Sciences,High,Femme,101,High,1,Research Director,Very High,Single,45420,590460,4,0,40,Bad,Low,2,37,1,Good,22,4,3,5,Senior,Lille
60,Yes,Non-Travel,136,Research & Development,15,Doctor,Human Resources,High,Homme,124,Medium,5,Manufacturing Director,Medium,Divorced,17581,193391,8,0,17,Excellent,High,1,40,6,Better,4,4,2,2,Senior,Paris
18,No,Travel_Rarely,1177,Human Resources,9,Bachelor,Human Resources,High,Homme,88,High,4,Developer,Low,Divorced,48086,1105978,3,1,14,Bad,Very High,3,26,1,Bad,25,8,23,17,Jeune,Marseille
56,Yes,Travel_Frequently,1153,Support,17,Bachelor,Other,Medium,Homme,31,Very High,1,Developer,Low,Single,11881,261382,4,0,49,Bad,Low,4,11,6,Bad,8,6,2,7,Senior,Grenoble
20,Yes,Non-Travel,134,Research & Development,39,Master,Marketing,High,Homme,146,Low,3,Manufacturing Director,Very High,Married,50755,609060,3,0,17,Bad,Medium,3,16,2,Better,16,2,9,14,Jeune,Paris
22,No,Travel_Rarely,1038,Sales,50,Bachelor,Medical,Low,Femme,108,Medium,5,Developer,Very High,Married,7774,54418,2,1,43,Good,Low,3,37,4,Better,30,28,17,26,Jeune,Lyon
37,Yes,Travel_Frequently,261,Hardware,42,Master,Technical Degree,Low,Femme,68,Very High,4,Laboratory Technician,High,Single,25017,100068,8,0,32,Excellent,Low,2,39,5,Better,5,2,4,3,Adulte,Lille
46,Yes,Non-Travel,535,Sales,23,Bachelor,Life Sciences,Very High,Femme,147,High,3,Sales Representative,Medium,Divorced,14874,237984,0,1,31,Outstanding,High,4,36,6,Good,34,21,31,33,Senior,Lyon
36,Yes,Non-Travel,1258,Research & Development,50,Master,Medical,Medium,Homme,155,Very High,4,Laboratory Technician,Very High,Divorced,19704,571416,4,1,15,Outstanding,Very High,3,28,3,Better,14,9,1,4,Adulte,Paris
32,No,Non-Travel,1218,Research & Development,13,Master,Technical Degree,Medium,Homme,197,Low,2,Manager,Very High,Single,4422,101706,4,1,2,Outstanding,High,2,38,5,Better,1,1,1,1,Adulte,Paris
57,Yes,Travel_Frequently,533,Software,38,Bachelor,Other,High,Femme,196,Very High,4,Healthcare Representative,Low,Married,22868,525964,3,1,8,Excellent,Low,3,15,5,Good,3,1,3,2,Senior,Nantes
46,No,Travel_Rarely,1120,Research & Development,22,Doctor,Human Resources,High,Femme,163,Medium,2,Laboratory Technician,Low,Divorced,31328,501248,7,0,33,Excellent,High,1,23,2,Bad,5,3,4,3,Senior,Paris
29,No,Non-Travel,290,Sales,3,Master,Medical,Medium,Homme,134,Medium,1,Healthcare Representative,Medium,Divorced,1313,22321,7,0,46,Bad,Very High,3,39,4,Better,24,2,4,17,Jeune,Lyon
29,No,Travel_Rarely,451,Research & Development,1,Below College,Marketing,Very High,Homme,129,Low,1,Manufacturing Director,Very High,Single,22038,154266,0,0,8,Outstanding,Low,1,28,3,Good,5,3,3,5,Jeune,Paris
53,Yes,Travel_Frequently,746,Research & Development,37,Below College,Human Resources,High,Homme,116,Low,4,Manager,Very High,Single,9847,137858,3,1,5,Excellent,Low,1,33,2,Best,20,19,4,20,Senior,Paris
49,Yes,Non-Travel,1433,Sales,8,Master,Life Sciences,Very High,Femme,118,Very High,2,Sales Representative,Medium,Single,14158,99106,4,1,27,Excellent,Low,2,11,6,Best,1,1,1,1,Senior,Lyon
19,Yes,Travel_Rarely,1154,Human Resources,3,College,Medical,Low,Homme,78,Very High,5,Manufacturing Director,Low,Married,24949,698572,0,1,26,Good,High,4,11,1,Bad,9,1,7,3,Jeune,Marseille
27,Yes,Travel_Frequently,642,Support,43,College,Human Resources,Very High,Homme,92,High,1,Sales Executive,High,Divorced,46274,1018028,4,0,34,Excellent,Low,1,7,1,Bad,5,5,1,5,Jeune,Grenoble
53,No,Travel_Frequently,1215,Research & Development,37,College,Marketing,Low,Homme,81,Very High,1,Manufacturing Director,High,Divorced,20035,60105,2,1,19,Bad,Very High,2,26,6,Good,11,8,11,4,Senior,Paris
30,No,Non-Travel,583,Support,16,Doctor,Human Resources,Low,Femme,183,Medium,2,Human Resources,High,Divorced,8905,151385,0,0,41,Good,Low,4,16,2,Better,14,14,4,4,Jeune,Grenoble
38,No,Non-Travel,1452,Hardware,23,Bachelor,Other,High,Femme,74,Very High,5,Sales Representative,Medium,Married,12019,84133,4,1,26,Good,Medium,3,11,3,Better,4,3,1,3,Adulte,Lille
57,Yes,Non-Travel,377,Sales,5,Master,Medical,Medium,Homme,180,High,1,Research Scientist,High,Divorced,30022,240176,8,1,4,Good,High,1,3,5,Bad,3,3,1,3,Senior,Lyon
27,Yes,Travel_Rarely,1438,Research & Development,19,College,Other,Low,Femme,58,Very High,4,Sales Executive,Very High,Married,21347,384246,7,1,40,Good,Medium,3,17,2,Better,3,3,2,1,Jeune,Paris
54,No,Travel_Rarely,1397,Sales,21,Below College,Marketing,Medium,Homme,47,Medium,4,Sales Executive,High,Divorced,31081,341891,1,0,17,Excellent,Low,3,39,6,Best,33,31,28,17,Senior,Lyon
25,No,Travel_Rarely,755,Support,19,Master,Life Sciences,High,Femme,104,Low,3,Laboratory Technician,Very High,Married,50192,853264,2,0,35,Outstanding,High,3,10,1,Good,7,6,1,1,Jeune,Grenoble
55,Yes,Travel_Rarely,1028,Support,46,Bachelor,Marketing,Very High,Homme,61,High,4,Research Scientist,Low,Married,2000,18000,5,1,31,Bad,High,3,23,6,Bad,22,10,11,19,Senior,Grenoble
40,No,Travel_Frequently,860,Human Resources,49,Below College,Medical,Medium,Femme,62,High,4,Sales Executive,Very High,Married,46008,1288224,1,1,16,Outstanding,Low,3,40,4,Bad,2,2,2,2,Adulte,Marseille
51,Yes,Non-Travel,1291,Software,12,Bachelor,Medical,Low,Homme,59,High,2,Research Scientist,Low,Single,6014,132308,2,1,46,Outstanding,Low,4,33,2,Good,14,5,3,7,Senior,Nantes
21,No,Travel_Frequently,847,Human Resources,8,Master,Human Resources,Low,Homme,66,Very High,1,Manager,Very High,Married,30114,903420,0,1,33,Outstanding,Very High,2,12,1,Better,3,2,1,2,Jeune,Marseille
48,Yes,Non-Travel,602,Human Resources,45,Below College,Technical Degree,Low,Femme,47,Low,5,Human Resources,Very High,Divorced,37854,529956,8,1,29,Good,High,3,7,4,Better,2,2,1,2,Senior,Marseille
31,Yes,Travel_Rarely,1388,Research & Development,32,Master,Life Sciences,Low,Homme,199,Medium,4,Manufacturing Director,High,Divorced,33516,703836,6,1,33,Outstanding,Very High,3,38,1,Better,17,2,10,7,Adulte,Paris
35,No,Travel_Frequently,305,Sales,21,College,Marketing,Medium,Femme,191,Medium,5,Research Director,Medium,Divorced,21187,84748,7,1,1,Good,Medium,2,9,5,Good,7,4,2,6,Adulte,Lyon
49,No,Non-Travel,714,Software,7,Below College,Medical,Very High,Homme,177,Low,1,Research Director,Low,Single,44629,490919,8,1,27,Outstanding,Very High,4,36,5,Best,5,1,5,1,Senior,Nantes
51,No,Travel_Frequently,552,Hardware,37,Doctor,Marketing,Medium,Homme,168,Very High,3,Laboratory Technician,High,Married,43744,743648,8,1,36,Bad,Medium,2,34,4,Good,28,24,15,15,Senior,Lille
33,Yes,Non-Travel,455,Support,40,College,Marketing,Medium,Homme,64,High,2,Research Director,High,Divorced,36114,686166,2,0,11,Excellent,Medium,4,3,2,Bad,2,2,2,1,Adulte,Grenoble
29,No,Travel_Rarely,1077,Support,13,Bachelor,Medical,Very High,Homme,63,Low,4,Human Resources,High,Married,41088,451968,5,0,43,Bad,High,1,24,2,Bad,3,2,1,1,Jeune,Grenoble
32,Yes,Non-Travel,280,Sales,37,College,Medical,Low,Homme,51,Medium,4,Sales Executive,Medium,Divorced,50496,1060416,5,0,3,Outstanding,High,4,20,6,Better,1,1,1,1,Adulte,Lyon
29,No,Travel_Rarely,322,Hardware,12,Below College,Human Resources,Low,Homme,136,Very High,5,Healthcare Representative,Low,Divorced,2444,63544,3,0,42,Bad,Medium,2,23,3,Good,11,4,4,4,Jeune,Lille
19,No,Travel_Rarely,1242,Sales,36,Doctor,Marketing,High,Femme,64,Low,4,Human Resources,Very High,Married,36759,808698,2,0,7,Good,Medium,2,15,1,Bad,7,7,4,2,Jeune,Lyon
48,Yes,Travel_Frequently,772,Software,48,Bachelor,Medical,Medium,Homme,44,Very High,5,Laboratory Technician,High,Married,34548,1036440,6,1,34,Outstanding,Very High,2,26,2,Bad,17,4,13,6,Senior,Nantes
31,No,Travel_Rarely,305,Support,36,Doctor,Medical,Medium,Homme,43,Medium,1,Research Director,Medium,Single,42610,980030,3,1,34,Bad,High,2,27,3,Best,22,14,21,13,Adulte,Grenoble
25,No,Non-Travel,655,Hardware,27,Master,Other,Low,Femme,33,Medium,2,Sales Executive,High,Divorced,31931,447034,2,0,43,Outstanding,Low,1,36,5,Bad,8,7,7,6,Jeune,Lille
52,Yes,Non-Travel,835,Sales,28,College,Medical,Low,Homme,46,High,5,Healthcare Representative,Very High,Married,29588,295880,7,0,32,Good,High,1,3,5,Best,3,3,1,1,Senior,Lyon
42,No,Travel_Rarely,160,Human Resources,40,Bachelor,Life Sciences,Very High,Homme,169,Very High,1,Healthcare Representative,Medium,Married,14590,423110,2,0,17,Bad,Very High,1,24,4,Bad,21,6,14,13,Adulte,Marseille
19,No,Travel_Frequently,1222,Software,35,College,Life Sciences,Low,Homme,70,Very High,1,Sales Executive,Low,Married,40718,1017950,2,0,8,Excellent,Very High,4,10,1,Best,9,4,4,5,Jeune,Nantes
54,Yes,Travel_Frequently,242,Hardware,31,Doctor,Marketing,Low,Homme,196,Very High,4,Healthcare Representative,Very High,Married,6481,12962,0,0,41,Bad,Low,2,37,1,Good,19,1,18,19,Senior,Lille
26,No,Travel_Rarely,1146,Research & Development,25,Below College,Medical,Medium,Femme,196,Medium,2,Laboratory Technician,Medium,Single,12888,154656,1,0,37,Excellent,Low,4,1,6,Best,1,1,1,1,Jeune,Paris
35,Yes,Non-Travel,445,Software,46,Master,Technical Degree,Medium,Homme,125,Very High,5,Developer,Very High,Divorced,40768,407680,0,1,4,Excellent,Medium,2,30,1,Better,22,12,19,11,Adulte,Nantes
49,Yes,Travel_Frequently,927,Sales,3,Bachelor,Marketing,Low,Femme,187,Medium,5,Developer,Very High,Married,38641,734179,3,0,12,Outstanding,Medium,2,32,5,Good,6,3,3,1,Senior,Lyon
42,Yes,Travel_Frequently,1132,Software,1,Master,Medical,Low,Femme,110,High,2,Healthcare Representative,Low,Married,40266,40266,8,1,22,Bad,Very High,2,18,4,Good,14,12,4,10,Adulte,Nantes
54,Yes,Travel_Frequently,578,Hardware,7,Doctor,Technical Degree,High,Homme,89,Low,4,Human Resources,Medium,Married,44568,579384,0,1,48,Good,Low,4,11,6,Good,7,2,7,2,Senior,Lille
44,Yes,Travel_Rarely,442,Hardware,4,Below College,Technical Degree,Very High,Femme,139,Low,1,Sales Executive,High,Married,34016,578272,6,1,27,Outstanding,Medium,2,12,6,Bad,12,3,12,1,Adulte,Lille
54,Yes,Non-Travel,1319,Research & Development,44,Master,Marketing,High,Homme,178,Low,4,Research Director,High,Married,15990,431730,6,0,31,Excellent,Low,1,16,4,Best,3,2,3,1,Senior,Paris
43,No,Travel_Frequently,476,Hardware,41,Bachelor,Marketing,Low,Femme,85,Medium,4,Research Director,High,Single,33438,501570,8,0,37,Bad,Very High,1,17,4,Best,16,9,2,5,Adulte,Lille
56,No,Non-Travel,1441,Research & Development,10,Bachelor,Human Resources,Low,Homme,191,Medium,2,Developer,High,Divorced,10121,70847,1,0,29,Outstanding,High,3,1,4,Best,1,1,1,1,Senior,Paris
21,Yes,Non-Travel,1107,Hardware,39,Below College,Human Resources,High,Homme,189,Medium,2,Laboratory Technician,High,Divorced,3984,91632,5,1,7,Outstanding,Medium,3,16,3,Better,8,1,7,8,Jeune,Lille
37,No,Non-Travel,1196,Software,15,College,Other,High,Femme,41,High,4,Human Resources,Medium,Single,12386,247720,4,0,12,Bad,Very High,1,26,3,Bad,8,6,5,3,Adulte,Nantes
27,No,Travel_Frequently,839,Sales,43,Doctor,Life Sciences,Very High,Femme,65,Very High,5,Healthcare Representative,Very High,Divorced,30736,30736,8,1,46,Excellent,High,3,20,1,Bad,6,1,5,4,Jeune,Lyon
43,No,Non-Travel,913,Human Resources,22,Below College,Marketing,Medium,Homme,137,Very High,4,Healthcare Representative,Medium,Divorced,3100,9300,7,1,45,Bad,High,2,23,4,Good,2,2,1,2,Adulte,Marseille
58,Yes,Travel_Rarely,611,Support,33,Bachelor,Medical,Low,Femme,125,Low,3,Laboratory Technician,Low,Divorced,38892,350028,7,1,25,Bad,High,2,16,6,Good,6,5,3,6,Senior,Grenoble
59,No,Travel_Frequently,687,Hardware,1,Master,Human Resources,Very High,Homme,184,High,5,Laboratory Technician,Medium,Single,14179,70895,7,0,37,Excellent,High,3,31,4,Bad,9,2,4,7,Senior,Lille
29,No,Non-Travel,1247,Hardware,12,College,Marketing,Medium,Femme,195,High,1,Manager,High,Divorced,42568,212840,7,0,29,Outstanding,Very High,1,7,6,Best,5,5,3,4,Jeune,Lille
22,Yes,Travel_Rarely,563,Support,39,Master,Life Sciences,Low,Homme,148,Medium,5,Manager,High,Single,18081,198891,3,0,44,Outstanding,Low,1,33,3,Best,27,7,9,13,Jeune,Grenoble
47,No,Travel_Rarely,973,Software,3,College,Technical Degree,Very High,Femme,163,Very High,1,Sales Executive,High,Married,7863,180849,4,1,18,Outstanding,Low,1,16,1,Good,10,7,3,2,Senior,Nantes
26,Yes,Travel_Frequently,452,Hardware,9,Bachelor,Other,High,Homme,115,Low,3,Research Scientist,Medium,Single,3664,106256,7,0,10,Bad,Medium,2,12,2,Best,3,1,2,1,Jeune,Lille
47,Yes,Travel_Frequently,1192,Support,5,Bachelor,Medical,Very High,Femme,58,Low,2,Healthcare Representative,Medium,Married,28611,457776,0,1,9,Outstanding,High,3,31,2,Bad,6,4,5,6,Senior,Grenoble
49,Yes,Non-Travel,812,Research & Development,42,Below College,Marketing,Low,Homme,82,Medium,3,Manager,High,Divorced,6137,153425,4,0,0,Bad,Very High,1,34,3,Better,15,2,14,9,Senior,Paris
31,Yes,Non-Travel,1036,Sales,46,Master,Marketing,Medium,Homme,65,Low,1,Laboratory Technician,Very High,Single,25775,695925,1,0,30,Excellent,Medium,2,5,2,Good,3,1,1,2,Adulte,Lyon
40,Yes,Travel_Frequently,1216,Human Resources,15,Bachelor,Life Sciences,High,Femme,85,Medium,2,Developer,Low,Divorced,20806,20806,8,0,6,Outstanding,Low,2,26,5,Bad,14,2,14,11,Adulte,Marseille
41,No,Travel_Frequently,787,Support,27,Master,Marketing,High,Homme,177,Medium,5,Human Resources,Low,Single,43904,1273216,3,0,31,Outstanding,Low,2,37,3,Best,37,34,33,36,Adulte,Grenoble
22,No,Travel_Frequently,1349,Support,23,Bachelor,Technical Degree,Medium,Homme,75,Medium,2,Research Director,High,Single,42800,1198400,8,0,19,Bad,Low,3,29,5,Best,22,2,8,5,Jeune,Grenoble
20,Yes,Travel_Frequently,995,Software,43,Master,Human Resources,Very High,Homme,62,Low,1,Manufacturing Director,Low,Single,30602,122408,5,0,23,Bad,Medium,4,37,2,Better,9,9,8,7,Jeune,Nantes
34,Yes,Travel_Rarely,860,Software,31,Master,Marketing,Medium,Homme,38,Medium,3,Developer,Low,Single,37451,599216,6,1,30,Outstanding,High,2,4,2,Good,2,2,1,2,Adulte,Nantes
27,Yes,Non-Travel,1267,Software,43,Bachelor,Marketing,Medium,Homme,145,Very High,3,Research Director,Low,Married,47440,189760,4,1,11,Good,Very High,3,11,4,Bad,2,1,1,1,Jeune,Nantes
60,No,Travel_Frequently,496,Sales,38,Below College,Marketing,Very High,Homme,195,Low,1,Sales Executive,High,Single,8536,204864,6,0,6,Excellent,High,2,27,3,Best,3,2,3,3,Senior,Lyon
19,Yes,Travel_Frequently,274,Human Resources,29,Below College,Medical,Medium,Femme,116,Medium,2,Sales Representative,Very High,Married,23255,69765,7,1,9,Good,Low,3,39,1,Best,20,20,13,3,Jeune,Marseille
20,Yes,Non-Travel,265,Software,35,Below College,Medical,Very High,Femme,145,Low,5,Manager,Medium,Married,44051,616714,6,1,48,Excellent,Medium,2,7,6,Bad,2,1,1,2,Jeune,Nantes
49,No,Non-Travel,240,Hardware,3,College,Marketing,Medium,Femme,45,Very High,1,Human Resources,Low,Single,23262,139572,2,1,44,Excellent,Very High,2,13,3,Best,2,2,1,1,Senior,Lille
60,Yes,Travel_Frequently,529,Hardware,11,Bachelor,Human Resources,High,Femme,141,Very High,3,Sales Executive,Low,Married,31713,602547,2,0,47,Good,High,1,15,3,Good,1,1,1,1,Senior,Lille
36,Yes,Travel_Frequently,1358,Human Resources,20,Doctor,Medical,Very High,Homme,76,Very High,1,Developer,High,Divorced,19931,318896,5,1,38,Bad,Medium,3,40,2,Better,24,2,15,23,Adulte,Marseille
43,No,Non-Travel,1102,Research & Development,7,Doctor,Life Sciences,High,Homme,178,Medium,2,Human Resources,Medium,Married,48879,1173096,6,0,17,Good,Low,3,40,4,Good,15,15,4,7,Adulte,Paris
37,No,Non-Travel,1298,Software,30,College,Other,High,Femme,195,High,4,Research Scientist,Very High,Married,14054,323242,2,0,24,Good,Medium,1,30,3,Good,15,13,8,10,Adulte,Nantes
48,Yes,Travel_Rarely,735,Hardware,7,Doctor,Technical Degree,Very High,Homme,181,Low,5,Developer,Medium,Single,44064,616896,6,1,49,Excellent,Low,3,25,2,Better,20,10,12,3,Senior,Lille
45,Yes,Travel_Rarely,1365,Research & Development,9,Master,Life Sciences,Medium,Femme,52,Very High,1,Developer,Very High,Divorced,16951,169510,1,0,48,Excellent,Medium,1,39,4,Bad,30,1,18,25,Adulte,Paris
21,Yes,Travel_Rarely,1168,Sales,34,Below College,Human Resources,Medium,Homme,130,Low,1,Healthcare Representative,Medium,Single,39749,755231,8,1,37,Bad,High,1,2,4,Good,2,1,2,2,Jeune,Lyon
20,Yes,Non-Travel,158,Sales,17,Below College,Medical,High,Femme,94,Medium,3,Manufacturing Director,Medium,Married,17239,86195,7,1,31,Outstanding,Very High,4,26,1,Bad,11,6,7,7,Jeune,Lyon
25,No,Travel_Frequently,633,Sales,16,College,Human Resources,Very High,Homme,79,Medium,3,Developer,Very High,Married,48663,145989,0,0,49,Excellent,Low,3,7,3,Bad,3,3,2,1,Jeune,Lyon
58,No,Non-Travel,781,Research & Development,21,Bachelor,Other,Medium,Homme,141,Very High,1,Manufacturing Director,Very High,Single,18111,507108,0,1,35,Outstanding,Very High,2,6,1,Better,3,3,2,2,Senior,Paris
24,Yes,Travel_Rarely,1284,Hardware,23,Bachelor,Life Sciences,Very High,Homme,189,Medium,4,Research Director,Very High,Married,8235,247050,2,0,14,Bad,Low,2,9,3,Good,1,1,1,1,Jeune,Lille
46,Yes,Travel_Frequently,578,Software,41,Master,Marketing,Very High,Femme,139,Low,2,Manager,Low,Divorced,43566,1306980,8,0,22,Outstanding,Low,1,11,6,Bad,8,2,4,1,Senior,Nantes
32,Yes,Non-Travel,741,Research & Development,48,Below College,Human Resources,Very High,Homme,123,Low,4,Sales Representative,High,Single,50390,201560,2,0,30,Bad,Very High,3,35,5,Bad,22,19,5,12,Adulte,Paris
27,No,Travel_Rarely,1333,Research & Development,30,College,Medical,Low,Femme,33,Medium,5,Sales Executive,High,Single,24516,710964,3,0,25,Bad,High,3,14,5,Best,8,2,2,5,Jeune,Paris
44,Yes,Travel_Frequently,1329,Human Resources,28,Below College,Other,Very High,Femme,75,Very High,2,Sales Representative,Low,Single,36390,363900,8,0,31,Outstanding,Low,4,36,3,Bad,35,25,6,29,Adulte,Marseille
31,Yes,Travel_Rarely,1201,Human Resources,32,Bachelor,Marketing,High,Femme,132,Very High,3,Manufacturing Director,High,Divorced,38212,802452,4,1,45,Excellent,Medium,2,2,6,Good,2,2,2,1,Adulte,Marseille
58,Yes,Non-Travel,887,Human Resources,40,College,Technical Degree,Very High,Femme,130,Very High,1,Manufacturing Director,Medium,Single,48899,733485,8,0,1,Good,Medium,1,38,1,Good,2,2,1,1,Senior,Marseille
22,No,Non-Travel,1419,Sales,39,College,Human Resources,Medium,Femme,193,High,4,Human Resources,High,Married,36933,110799,1,0,20,Excellent,High,1,26,3,Best,20,16,2,15,Jeune,Lyon
42,Yes,Non-Travel,834,Human Resources,43,Below College,Other,Very High,Homme,125,Medium,1,Developer,High,Single,45964,1103136,0,0,38,Outstanding,High,3,26,3,Better,12,6,7,1,Adulte,Marseille
39,Yes,Travel_Frequently,961,Research & Development,19,Bachelor,Technical Degree,Medium,Femme,64,High,4,Human Resources,High,Married,14369,287380,6,0,5,Good,Medium,3,25,3,Good,24,22,7,15,Adulte,Paris
52,Yes,Non-Travel,276,Support,32,Master,Life Sciences,Very High,Homme,53,Low,4,Sales Representative,Very High,Married,44091,264546,3,0,41,Excellent,Medium,4,27,5,Best,1,1,1,1,Senior,Grenoble
22,No,Travel_Rarely,285,Support,26,College,Marketing,Medium,Femme,181,High,1,Manufacturing Director,Very High,Married,20631,41262,0,0,41,Bad,High,4,39,4,Better,16,5,3,11,Jeune,Grenoble
42,Yes,Travel_Rarely,1324,Support,1,College,Technical Degree,Very High,Femme,200,Medium,3,Human Resources,Medium,Single,10122,141708,2,0,48,Outstanding,Medium,1,32,5,Good,21,18,17,10,Adulte,Grenoble
29,Yes,Travel_Rarely,639,Software,21,Doctor,Human Resources,Very High,Femme,74,High,5,Manager,High,Divorced,49341,641433,4,0,2,Outstanding,Medium,3,14,3,Bad,9,9,9,1,Jeune,Nantes
56,No,Travel_Rarely,711,Hardware,46,College,Life Sciences,Low,Homme,96,Medium,4,Research Director,Low,Divorced,4077,8154,1,1,5,Excellent,Very High,3,10,1,Good,1,1,1,1,Senior,Lille
31,No,Travel_Rarely,1159,Support,45,Bachelor,Life Sciences,High,Femme,90,Medium,1,Human Resources,Very High,Single,32722,163610,0,1,4,Bad,High,3,11,2,Bad,8,7,4,2,Adulte,Grenoble
21,No,Travel_Frequently,602,Human Resources,40,Doctor,Technical Degree,Medium,Homme,179,Low,2,Research Scientist,Medium,Married,27666,691650,6,0,1,Good,High,2,17,4,Better,17,5,6,8,Jeune,Marseille
30,Yes,Travel_Frequently,560,Support,10,Master,Marketing,Very High,Homme,122,Very High,1,Sales Representative,Medium,Single,43137,301959,5,0,25,Good,Medium,2,36,6,Bad,19,12,3,13,Jeune,Grenoble
26,Yes,Non-Travel,350,Support,34,Doctor,Technical Degree,Medium,Femme,37,Medium,4,Research Director,High,Divorced,45652,45652,5,1,42,Bad,Low,4,35,3,Best,32,25,1,10,Jeune,Grenoble
24,No,Travel_Rarely,718,Sales,49,Below College,Human Resources,High,Femme,149,High,4,Sales Executive,Low,Married,12010,252210,1,1,39,Outstanding,Medium,3,32,3,Bad,20,20,12,13,Jeune,Lyon
31,No,Travel_Frequently,1401,Hardware,33,College,Human Resources,Very High,Homme,140,Very High,5,Healthcare Representative,Very High,Married,9750,185250,7,0,40,Outstanding,High,4,29,6,Better,23,17,17,2,Adulte,Lille
29,No,Non-Travel,1453,Human Resources,40,College,Technical Degree,High,Homme,32,High,3,Sales Executive,Low,Divorced,39566,712188,8,0,8,Excellent,Medium,3,11,4,Better,3,1,1,3,Jeune,Marseille
36,Yes,Non-Travel,426,Sales,37,Bachelor,Medical,Low,Homme,116,Medium,4,Research Director,Very High,Married,27259,436144,7,0,22,Good,Medium,2,3,1,Best,1,1,1,1,Adulte,Lyon
34,No,Travel_Rarely,1326,Hardware,15,Below College,Marketing,Medium,Femme,30,Low,1,Laboratory Technician,High,Divorced,31332,62664,3,0,33,Good,Very High,2,26,3,Bad,20,10,9,4,Adulte,Lille
21,Yes,Travel_Frequently,760,Software,21,Doctor,Technical Degree,Low,Femme,88,Very High,5,Manufacturing Director,High,Married,29099,872970,0,1,41,Outstanding,Very High,2,14,2,Good,2,2,2,1,Jeune,Nantes
47,No,Non-Travel,1447,Support,29,Doctor,Life Sciences,High,Femme,105,Very High,2,Research Scientist,Low,Single,9828,127764,8,1,6,Excellent,Very High,1,36,5,Best,18,14,18,12,Senior,Grenoble
25,No,Non-Travel,1116,Human Resources,5,College,Technical Degree,Low,Homme,93,Medium,3,Research Scientist,High,Single,4461,17844,8,1,33,Good,High,4,15,3,Bad,6,2,2,2,Jeune,Marseille
37,No,Non-Travel,1206,Hardware,41,Master,Human Resources,Very High,Homme,65,Low,5,Research Director,Very High,Married,12399,223182,3,0,32,Outstanding,Medium,2,20,6,Bad,17,15,17,2,Adulte,Lille
25,Yes,Non-Travel,779,Software,23,Doctor,Medical,High,Homme,54,Low,4,Manufacturing Director,High,Single,31732,507712,8,1,20,Bad,High,3,8,2,Bad,6,6,2,5,Jeune,Nantes
45,No,Travel_Frequently,430,Software,8,Doctor,Marketing,Very High,Homme,55,High,1,Healthcare Representative,Low,Divorced,48609,340263,7,0,27,Good,Very High,4,4,1,Bad,3,3,1,1,Adulte,Nantes
29,Yes,Non-Travel,549,Hardware,30,Master,Marketing,Medium,Femme,61,Very High,2,Research Scientist,Low,Married,47911,814487,2,1,36,Outstanding,Low,1,5,2,Bad,1,1,1,1,Jeune,Lille
18,No,Travel_Rarely,374,Human Resources,2,College,Human Resources,Medium,Homme,130,Low,3,Sales Executive,Medium,Single,3147,9441,6,0,7,Excellent,Very High,2,31,3,Best,29,9,18,8,Jeune,Marseille
49,Yes,Travel_Frequently,100,Human Resources,47,Doctor,Other,Low,Homme,74,Low,1,Research Scientist,High,Single,11176,44704,8,1,41,Outstanding,High,1,17,5,Better,11,9,8,2,Senior,Marseille
21,Yes,Travel_Frequently,551,Sales,39,Bachelor,Medical,Low,Homme,43,High,1,Laboratory Technician,High,Divorced,32678,620882,1,1,27,Good,Medium,4,30,6,Good,30,11,12,10,Jeune,Lyon
36,No,Travel_Frequently,1177,Support,44,Below College,Other,Very High,Femme,99,High,3,Research Scientist,High,Married,23815,571560,8,1,31,Good,High,2,26,5,Better,1,1,1,1,Adulte,Grenoble
48,Yes,Travel_Frequently,1312,Hardware,13,Below College,Marketing,Low,Femme,99,Medium,1,Sales Representative,Very High,Single,17574,228462,7,0,28,Bad,High,2,33,3,Bad,17,2,4,2,Senior,Lille
60,Yes,Non-Travel,1153,Sales,16,Doctor,Other,Low,Femme,33,Very High,3,Research Scientist,High,Divorced,45186,722976,1,0,39,Outstanding,Medium,3,26,4,Better,13,6,13,6,Senior,Lyon
26,Yes,Travel_Rarely,1471,Software,29,Bachelor,Technical Degree,Low,Femme,45,Low,2,Sales Representative,Very High,Married,41973,1217217,1,0,18,Good,High,2,6,4,Good,2,1,2,1,Jeune,Nantes
19,No,Travel_Frequently,1091,Human Resources,27,Doctor,Other,High,Femme,140,Medium,2,Manager,Very High,Single,36907,516698,3,1,40,Bad,Very High,2,21,6,Better,2,1,1,1,Jeune,Marseille
28,No,Travel_Frequently,197,Human Resources,14,College,Marketing,Medium,Homme,170,High,1,Developer,Very High,Single,38086,418946,3,1,9,Good,Medium,1,23,6,Better,5,4,1,4,Jeune,Marseille
31,Yes,Non-Travel,940,Sales,12,Doctor,Life Sciences,Low,Femme,72,Very High,1,Manufacturing Director,Low,Divorced,44965,674475,0,1,8,Good,Very High,2,16,3,Bad,9,9,5,7,Adulte,Lyon
22,No,Non-Travel,165,Sales,27,Below College,Medical,Medium,Homme,117,High,1,Sales Representative,Low,Single,43205,604870,6,0,41,Excellent,Very High,2,11,3,Good,10,4,1,3,Jeune,Lyon
31,Yes,Travel_Rarely,1082,Support,28,College,Life Sciences,Medium,Femme,55,Medium,1,Manufacturing Director,High,Single,35916,646488,4,0,45,Excellent,High,1,11,1,Good,8,4,3,2,Adulte,Grenoble
49,Yes,Travel_Frequently,883,Sales,13,Bachelor,Marketing,Very High,Femme,42,High,2,Healthcare Representative,Medium,Divorced,30343,546174,0,0,6,Excellent,Medium,1,8,6,Bad,3,1,3,3,Senior,Lyon
37,Yes,Travel_Rarely,384,Software,25,Doctor,Human Resources,Medium,Femme,178,Very High,1,Laboratory Technician,High,Married,16883,50649,2,1,3,Bad,High,3,37,1,Good,19,1,18,19,Adulte,Nantes
52,No,Non-Travel,883,Support,15,College,Technical Degree,Low,Femme,187,Low,5,Sales Executive,Very High,Divorced,35942,323478,6,0,48,Excellent,Low,2,8,3,Good,5,4,5,1,Senior,Grenoble
44,Yes,Travel_Frequently,862,Software,47,Master,Technical Degree,High,Femme,123,Very High,5,Sales Representative,Low,Married,31529,472935,6,1,2,Excellent,Very High,4,7,4,Better,2,1,1,1,Adulte,Nantes
22,No,Travel_Rarely,1221,Software,39,Below College,Other,High,Femme,185,Very High,2,Manufacturing Director,Very High,Divorced,20597,164776,4,0,31,Excellent,High,1,13,3,Good,2,2,2,2,Jeune,Nantes
56,No,Travel_Frequently,1415,Sales,18,Below College,Human Resources,Very High,Femme,159,Very High,5,Laboratory Technician,Very High,Single,36693,256851,6,1,46,Outstanding,Medium,2,6,1,Bad,2,2,2,2,Senior,Lyon
27,No,Travel_Frequently,240,Hardware,27,Below College,Life Sciences,Low,Femme,64,Very High,2,Sales Representative,High,Married,11210,78470,2,0,1,Outstanding,High,1,26,2,Good,5,1,1,3,Jeune,Lille
24,No,Travel_Rarely,1227,Software,35,Doctor,Life Sciences,Very High,Homme,168,Very High,5,Human Resources,Very High,Single,26871,725517,8,0,0,Outstanding,Low,1,16,5,Bad,13,7,7,7,Jeune,Nantes
18,No,Travel_Rarely,747,Support,10,Doctor,Medical,Low,Femme,71,Low,3,Human Resources,Medium,Divorced,35543,497602,3,1,35,Good,Medium,1,8,3,Best,7,5,2,6,Jeune,Grenoble
50,No,Non-Travel,208,Hardware,7,Below College,Marketing,Very High,Homme,177,Medium,4,Manufacturing Director,Medium,Single,36252,435024,4,0,6,Outstanding,Very High,3,36,4,Better,29,26,18,11,Senior,Lille
53,No,Travel_Rarely,683,Hardware,15,Below College,Medical,Very High,Femme,174,Very High,4,Manager,High,Single,22582,158074,0,0,25,Excellent,Very High,4,3,1,Better,1,1,1,1,Senior,Lille
48,No,Travel_Frequently,970,Human Resources,46,Below College,Life Sciences,High,Homme,116,Medium,4,Manufacturing Director,High,Single,10463,125556,4,0,47,Good,High,2,14,2,Bad,12,4,1,9,Senior,Marseille
56,No,Travel_Rarely,304,Support,17,Below College,Medical,High,Femme,44,High,4,Research Director,High,Single,4659,18636,7,0,44,Outstanding,Very High,1,10,1,Bad,3,3,2,2,Senior,Grenoble
47,Yes,Non-Travel,383,Hardware,48,College,Other,Very High,Femme,125,Medium,5,Healthcare Representative,Medium,Married,2741,68525,6,1,32,Outstanding,Low,4,13,2,Best,13,12,10,7,Senior,Lille
23,No,Non-Travel,483,Software,45,Master,Marketing,High,Femme,114,Very High,4,Manufacturing Director,Very High,Divorced,19774,296610,7,0,36,Excellent,Medium,4,30,3,Best,18,3,13,13,Jeune,Nantes
57,No,Non-Travel,1153,Research & Development,16,Below College,Technical Degree,Medium,Homme,78,Very High,1,Manager,Low,Married,11697,81879,0,1,11,Excellent,Medium,2,10,3,Best,8,4,8,6,Senior,Paris
25,Yes,Travel_Rarely,622,Support,12,Master,Other,Medium,Homme,152,Medium,1,Manager,Very High,Single,25047,50094,2,1,9,Excellent,Medium,1,39,5,Better,28,2,25,15,Jeune,Grenoble
22,No,Travel_Rarely,1335,Hardware,41,College,Marketing,Medium,Homme,74,High,3,Sales Executive,High,Single,40379,847959,4,0,3,Good,Very High,1,33,5,Good,21,16,14,5,Jeune,Lille
47,No,Travel_Rarely,898,Sales,38,Doctor,Human Resources,Medium,Homme,153,High,3,Sales Representative,Very High,Married,44738,894760,8,0,20,Good,Medium,4,6,4,Good,6,1,5,1,Senior,Lyon
36,Yes,Travel_Rarely,1318,Hardware,42,Bachelor,Marketing,Low,Homme,131,Low,5,Research Scientist,Low,Divorced,18801,564030,8,1,26,Outstanding,Low,4,3,2,Better,1,1,1,1,Adulte,Lille
56,No,Travel_Rarely,1244,Sales,18,College,Other,Low,Femme,46,Very High,4,Laboratory Technician,Low,Single,38782,542948,0,0,27,Excellent,Low,4,36,4,Bad,29,3,3,11,Senior,Lyon
45,No,Travel_Frequently,928,Research & Development,42,College,Technical Degree,Very High,Homme,74,Low,1,Research Scientist,Very High,Single,44647,937587,4,0,41,Excellent,Medium,2,31,1,Best,20,17,1,2,Adulte,Paris
29,Yes,Travel_Rarely,1065,Hardware,36,Master,Marketing,Low,Homme,49,High,5,Healthcare Representative,Medium,Single,40258,483096,1,1,28,Excellent,Medium,2,29,4,Good,28,11,21,5,Jeune,Lille
46,No,Travel_Frequently,251,Support,27,Below College,Human Resources,High,Femme,147,Low,4,Research Scientist,Low,Married,9313,279390,2,0,11,Good,Very High,4,24,2,Best,18,6,8,9,Senior,Grenoble
38,Yes,Non-Travel,1206,Research & Development,43,College,Technical Degree,Low,Femme,125,Low,5,Research Scientist,Medium,Divorced,22754,295802,8,1,13,Excellent,High,3,36,3,Better,27,24,10,3,Adulte,Paris
19,No,Travel_Frequently,1341,Research & Development,47,Bachelor,Medical,Medium,Homme,181,Very High,3,Manager,Very High,Single,39004,1053108,0,0,33,Outstanding,Very High,2,39,2,Bad,2,2,1,1,Jeune,Paris
28,No,Travel_Frequently,263,Hardware,26,Bachelor,Marketing,High,Femme,122,High,1,Developer,High,Married,21040,631200,7,0,41,Bad,Medium,1,30,6,Bad,29,20,2,16,Jeune,Lille
43,Yes,Non-Travel,1306,Hardware,43,Below College,Marketing,High,Homme,172,Medium,2,Developer,Medium,Married,43043,774774,4,1,47,Bad,Low,3,32,5,Good,26,16,12,17,Adulte,Lille
49,Yes,Travel_Frequently,1467,Hardware,15,Doctor,Medical,Medium,Femme,151,Very High,1,Developer,Very High,Divorced,41009,943207,3,1,43,Excellent,High,1,30,6,Best,29,16,16,5,Senior,Lille
56,No,Travel_Rarely,1251,Hardware,23,College,Life Sciences,Low,Homme,166,Very High,1,Healthcare Representative,Very High,Divorced,24105,482100,8,0,20,Outstanding,Very High,3,40,2,Bad,5,5,2,3,Senior,Lille
32,Yes,Travel_Frequently,512,Software,26,Bachelor,Other,Low,Femme,149,Low,5,Manager,Medium,Divorced,7308,87696,4,1,33,Outstanding,Very High,1,21,6,Good,18,11,18,17,Adulte,Nantes
59,Yes,Travel_Frequently,1259,Human Resources,47,Doctor,Technical Degree,Very High,Femme,171,Low,5,Research Scientist,Medium,Married,17547,456222,2,0,24,Good,Very High,4,15,2,Better,15,15,15,6,Senior,Marseille
30,No,Travel_Frequently,682,Research & Development,20,Below College,Marketing,Very High,Homme,134,Very High,1,Human Resources,Medium,Married,9598,57588,1,0,3,Good,Medium,1,37,1,Best,28,25,20,14,Jeune,Paris
23,Yes,Non-Travel,979,Software,18,Doctor,Technical Degree,Very High,Homme,141,Low,2,Sales Representative,High,Single,39524,79048,5,1,44,Excellent,High,2,40,5,Better,12,3,10,2,Jeune,Nantes
37,Yes,Non-Travel,1126,Hardware,35,College,Technical Degree,Very High,Homme,189,Low,2,Human Resources,High,Divorced,20896,334336,0,0,10,Excellent,High,1,31,2,Better,8,1,3,3,Adulte,Lille
38,No,Travel_Frequently,532,Sales,19,Doctor,Technical Degree,High,Femme,149,High,4,Healthcare Representative,Very High,Divorced,36093,577488,5,1,45,Good,High,4,29,4,Bad,8,6,4,6,Adulte,Lyon
60,No,Travel_Frequently,1137,Sales,11,College,Life Sciences,Very High,Homme,64,Medium,4,Sales Representative,High,Divorced,23914,526108,2,1,9,Good,High,1,27,1,Bad,12,5,6,3,Senior,Lyon
30,Yes,Non-Travel,977,Software,20,College,Technical Degree,High,Homme,188,Very High,4,Manager,Medium,Single,37967,417637,6,1,13,Bad,High,1,29,2,Best,20,9,1,11,Jeune,Nantes
55,Yes,Travel_Frequently,614,Support,41,Doctor,Marketing,Medium,Femme,74,Very High,3,Sales Representative,High,Divorced,43846,833074,0,1,6,Outstanding,Very High,3,14,6,Bad,13,4,11,5,Senior,Grenoble
41,No,Travel_Frequently,1157,Support,6,Doctor,Technical Degree,High,Femme,152,Low,1,Sales Representative,Medium,Single,38132,190660,1,0,41,Excellent,Very High,1,39,2,Better,8,5,1,5,Adulte,Grenoble
48,Yes,Travel_Rarely,1020,Human Resources,25,Master,Human Resources,High,Homme,196,Medium,4,Laboratory Technician,Very High,Married,48542,194168,1,0,28,Excellent,Medium,2,8,5,Best,4,2,2,1,Senior,Marseille
34,No,Travel_Rarely,672,Human Resources,39,Master,Other,Low,Femme,38,Low,4,Human Resources,Medium,Single,21995,571870,2,0,21,Bad,Medium,4,25,5,Bad,10,1,2,4,Adulte,Marseille
49,Yes,Travel_Rarely,338,Research & Development,2,Bachelor,Marketing,High,Homme,146,Medium,1,Human Resources,Low,Divorced,39497,118491,7,0,39,Bad,Medium,1,4,3,Good,2,2,2,2,Senior,Paris
22,No,Travel_Frequently,890,Human Resources,30,College,Technical Degree,High,Homme,136,Medium,1,Manager,High,Single,42264,803016,4,0,8,Excellent,Very High,1,16,3,Best,4,2,2,2,Jeune,Marseille
40,No,Non-Travel,1053,Software,13,Master,Marketing,Low,Femme,178,Low,1,Developer,Medium,Married,19600,548800,2,0,25,Good,Low,3,16,2,Good,1,1,1,1,Adulte,Nantes
55,No,Travel_Frequently,453,Software,44,Doctor,Technical Degree,Medium,Femme,156,Medium,5,Manufacturing Director,Low,Divorced,43240,1167480,8,1,39,Bad,High,4,17,2,Better,11,3,3,9,Senior,Nantes
44,No,Travel_Rarely,115,Human Resources,27,Master,Medical,High,Homme,151,Medium,5,Research Director,Low,Married,36080,469040,2,0,32,Excellent,Medium,1,5,4,Bad,3,3,3,2,Adulte,Marseille
47,No,Travel_Rarely,277,Sales,10,College,Life Sciences,Medium,Femme,44,High,3,Research Director,Very High,Married,1708,30744,5,0,44,Excellent,Medium,1,39,2,Good,16,10,1,6,Senior,Lyon
55,No,Non-Travel,270,Sales,32,Doctor,Human Resources,Low,Homme,115,Very High,2,Sales Representative,Low,Married,9581,143715,4,1,9,Good,Low,1,19,4,Better,17,2,2,14,Senior,Lyon
52,Yes,Travel_Rarely,1215,Sales,16,College,Marketing,Medium,Homme,139,High,3,Research Scientist,Very High,Divorced,14125,84750,2,0,9,Excellent,Very High,4,35,2,Better,19,7,10,5,Senior,Lyon
41,No,Travel_Frequently,1168,Sales,28,College,Human Resources,High,Femme,63,Medium,2,Manufacturing Director,Medium,Divorced,22813,296569,3,0,0,Excellent,Medium,2,5,4,Bad,3,1,2,1,Adulte,Lyon
53,No,Travel_Frequently,271,Hardware,46,Below College,Marketing,Low,Femme,112,Low,3,Developer,Very High,Married,22273,490006,8,0,6,Outstanding,Very High,1,10,6,Bad,6,6,3,2,Senior,Lille
25,No,Travel_Rarely,545,Human Resources,5,College,Life Sciences,Medium,Homme,118,Low,2,Manager,Medium,Divorced,4703,42327,2,0,1,Excellent,Medium,2,4,4,Good,1,1,1,1,Jeune,Marseille
34,Yes,Travel_Frequently,1447,Support,14,College,Other,Low,Homme,56,Very High,4,Sales Representative,High,Single,32085,288765,2,0,12,Good,Very High,4,28,5,Bad,21,8,18,12,Adulte,Grenoble
21,Yes,Non-Travel,1025,Human Resources,30,Bachelor,Technical Degree,Low,Femme,88,Medium,1,Manufacturing Director,Very High,Divorced,8496,195408,5,1,43,Bad,Medium,3,4,3,Good,2,2,1,2,Jeune,Marseille
47,Yes,Travel_Frequently,196,Sales,16,Below College,Human Resources,High,Homme,174,Medium,2,Sales Executive,Low,Divorced,42821,770778,7,1,30,Bad,Medium,1,19,4,Bad,4,1,4,2,Senior,Lyon
44,No,Non-Travel,270,Support,32,College,Technical Degree,High,Homme,85,Medium,3,Sales Executive,Medium,Single,44743,894860,5,1,10,Excellent,Medium,2,26,5,Bad,21,21,8,4,Adulte,Grenoble
49,Yes,Travel_Frequently,274,Human Resources,49,Doctor,Human Resources,Medium,Homme,128,Very High,2,Manufacturing Director,Low,Divorced,16281,244215,5,1,37,Good,Very High,1,33,4,Better,24,17,11,7,Senior,Marseille
53,Yes,Travel_Rarely,1385,Hardware,46,Bachelor,Human Resources,Low,Homme,35,Medium,5,Research Director,Low,Single,42600,894600,5,1,5,Excellent,Low,4,11,6,Bad,10,1,1,3,Senior,Lille
54,No,Non-Travel,263,Software,30,College,Life Sciences,Medium,Homme,50,High,3,Healthcare Representative,High,Married,28243,197701,2,1,9,Outstanding,High,1,39,1,Good,4,4,3,2,Senior,Nantes
24,No,Travel_Frequently,982,Hardware,27,College,Technical Degree,Very High,Femme,197,Low,1,Sales Representative,Very High,Single,25390,406240,5,1,24,Good,Very High,2,31,4,Good,3,1,2,1,Jeune,Lille
51,Yes,Travel_Frequently,849,Software,30,Bachelor,Marketing,Low,Femme,101,Low,2,Manufacturing Director,Very High,Married,6822,170550,0,0,21,Outstanding,Very High,2,37,2,Better,31,1,24,18,Senior,Nantes
20,Yes,Non-Travel,907,Hardware,16,Master,Technical Degree,Low,Femme,89,High,2,Research Director,Low,Single,48864,1417056,6,0,48,Outstanding,High,4,10,2,Bad,5,2,2,3,Jeune,Lille
39,No,Travel_Rarely,238,Support,6,Below College,Life Sciences,Very High,Femme,136,High,3,Laboratory Technician,Medium,Married,24923,623075,1,0,39,Good,Very High,2,27,6,Good,3,2,2,3,Adulte,Grenoble
56,No,Travel_Frequently,342,Sales,6,Below College,Medical,High,Femme,90,High,1,Manager,Medium,Single,13084,248596,0,1,13,Excellent,Low,1,10,4,Better,3,1,3,1,Senior,Lyon
42,Yes,Non-Travel,1490,Support,8,Below College,Human Resources,Low,Homme,41,High,4,Human Resources,Very High,Married,26485,291335,8,0,45,Excellent,Low,2,1,1,Bad,1,1,1,1,Adulte,Grenoble
43,No,Travel_Rarely,974,Sales,2,Doctor,Technical Degree,Medium,Homme,96,Very High,2,Laboratory Technician,Medium,Divorced,21389,42778,6,0,31,Excellent,Low,4,19,2,Good,16,8,14,5,Adulte,Lyon
49,No,Non-Travel,1253,Hardware,4,Doctor,Medical,High,Femme,169,High,3,Developer,Very High,Single,28706,459296,8,1,19,Bad,High,3,3,1,Best,3,3,2,2,Senior,Lille
42,Yes,Travel_Frequently,863,Sales,47,Doctor,Human Resources,Medium,Femme,130,Very High,3,Manufacturing Director,Medium,Divorced,22360,491920,5,1,42,Bad,Very High,4,35,2,Bad,28,26,12,1,Adulte,Lyon
49,Yes,Travel_Frequently,1172,Research & Development,49,Below College,Life Sciences,Very High,Homme,132,Very High,3,Human Resources,High,Divorced,4928,118272,0,1,0,Good,Low,3,25,5,Bad,2,2,1,2,Senior,Paris
21,Yes,Travel_Rarely,587,Human Resources,2,College,Life Sciences,Medium,Homme,82,Low,1,Human Resources,Very High,Married,33232,864032,4,1,9,Bad,Very High,4,34,3,Better,14,10,8,3,Jeune,Marseille
24,No,Non-Travel,973,Hardware,15,Master,Technical Degree,Medium,Homme,72,Very High,2,Healthcare Representative,High,Single,15372,353556,7,1,27,Bad,Very High,1,13,4,Bad,7,5,1,4,Jeune,Lille
32,No,Non-Travel,790,Sales,3,Doctor,Medical,High,Homme,155,Very High,3,Manager,Medium,Single,5693,62623,3,1,48,Bad,Medium,1,39,1,Bad,10,8,7,7,Adulte,Lyon
24,Yes,Travel_Rarely,1171,Research & Development,7,Bachelor,Technical Degree,Low,Femme,187,Very High,2,Manager,Very High,Single,15416,61664,8,0,8,Good,Medium,1,35,3,Better,25,21,22,20,Jeune,Paris
32,No,Travel_Rarely,1427,Support,24,Doctor,Marketing,Very High,Femme,133,High,1,Manufacturing Director,Medium,Divorced,7498,37490,2,1,40,Excellent,Very High,2,28,2,Better,22,10,3,10,Adulte,Grenoble
51,Yes,Travel_Frequently,318,Software,30,Master,Human Resources,Low,Femme,170,High,5,Manufacturing Director,Medium,Married,33598,503970,6,1,42,Outstanding,High,4,19,5,Bad,3,3,3,3,Senior,Nantes
55,No,Travel_Frequently,725,Research & Development,38,Master,Medical,High,Homme,149,Very High,2,Research Director,Very High,Divorced,5842,128524,0,1,33,Excellent,Low,1,29,2,Bad,8,4,4,2,Senior,Paris
21,No,Travel_Rarely,1450,Sales,12,College,Technical Degree,Medium,Homme,48,Very High,1,Developer,High,Married,24034,600850,8,1,9,Excellent,Low,4,2,5,Better,2,2,2,2,Jeune,Lyon
18,No,Non-Travel,650,Hardware,24,Below College,Marketing,High,Femme,148,Very High,4,Healthcare Representative,Low,Married,50933,1069593,8,1,9,Bad,High,3,36,6,Good,6,1,6,3,Jeune,Lille
25,No,Travel_Frequently,720,Hardware,2,Master,Marketing,Very High,Homme,72,Very High,3,Human Resources,Low,Single,10433,31299,0,0,42,Bad,Very High,1,11,4,Bad,8,6,3,3,Jeune,Lille
45,Yes,Travel_Frequently,805,Hardware,13,Doctor,Human Resources,Very High,Femme,98,Medium,1,Manufacturing Director,Low,Divorced,20691,351747,0,1,12,Bad,Very High,3,5,3,Bad,5,2,2,3,Adulte,Lille
28,No,Travel_Frequently,201,Software,29,College,Human Resources,Very High,Homme,33,Very High,5,Laboratory Technician,Medium,Divorced,1409,5636,8,1,12,Bad,Very High,1,13,5,Better,8,3,2,5,Jeune,Nantes
41,No,Travel_Frequently,845,Software,3,Doctor,Marketing,High,Femme,142,Medium,4,Developer,Medium,Married,50022,750330,1,0,9,Bad,Low,2,15,6,Good,12,2,10,9,Adulte,Nantes
48,No,Non-Travel,341,Hardware,34,Doctor,Life Sciences,Very High,Femme,170,Low,4,Laboratory Technician,Medium,Single,19262,57786,2,1,10,Excellent,Medium,3,35,3,Better,3,2,2,3,Senior,Lille
37,Yes,Non-Travel,1036,Human Resources,49,Below College,Marketing,High,Femme,63,Very High,5,Sales Representative,High,Married,30596,703708,7,1,32,Excellent,High,2,39,6,Best,39,23,21,12,Adulte,Marseille
35,No,Travel_Frequently,738,Hardware,15,Doctor,Human Resources,Very High,Homme,58,Low,4,Human Resources,Medium,Single,46928,656992,4,0,3,Outstanding,Low,2,27,4,Better,17,7,17,13,Adulte,Lille
34,Yes,Travel_Frequently,738,Sales,19,Master,Marketing,High,Homme,91,Very High,4,Research Director,Very High,Single,29578,207046,0,1,37,Bad,Medium,1,28,5,Best,27,11,19,9,Adulte,Lyon
29,No,Non-Travel,442,Support,26,Below College,Other,High,Homme,91,High,4,Research Scientist,Very High,Divorced,10277,123324,8,0,48,Good,High,2,39,1,Better,27,10,21,24,Jeune,Grenoble
28,No,Travel_Rarely,561,Research & Development,40,College,Human Resources,Medium,Femme,123,High,4,Laboratory Technician,Medium,Single,38228,993928,5,1,47,Good,Low,3,7,5,Good,2,2,1,1,Jeune,Paris
20,No,Non-Travel,534,Support,3,Master,Other,High,Homme,168,Medium,3,Research Scientist,High,Divorced,25455,330915,3,1,25,Bad,Low,4,9,4,Best,7,2,7,1,Jeune,Grenoble
30,Yes,Non-Travel,240,Software,14,Doctor,Medical,Very High,Femme,143,Very High,2,Healthcare Representative,Low,Single,23839,47678,6,1,4,Excellent,High,1,1,3,Good,1,1,1,1,Jeune,Nantes
18,No,Travel_Frequently,895,Hardware,29,Doctor,Medical,High,Femme,110,Very High,5,Developer,Medium,Single,3446,75812,7,0,11,Excellent,Low,4,10,3,Bad,9,5,8,9,Jeune,Lille
22,Yes,Non-Travel,1500,Support,36,Doctor,Life Sciences,Very High,Homme,194,High,1,Sales Representative,Low,Married,20916,564732,2,0,8,Bad,Low,3,11,1,Best,7,1,5,3,Jeune,Grenoble
37,Yes,Travel_Frequently,214,Software,36,Master,Technical Degree,Very High,Femme,86,High,4,Sales Executive,Low,Single,16554,314526,4,0,10,Bad,Very High,1,26,2,Good,9,6,9,4,Adulte,Nantes
21,Yes,Travel_Frequently,256,Software,45,Doctor,Technical Degree,High,Homme,39,Low,5,Sales Executive,High,Divorced,10061,171037,0,0,5,Outstanding,Low,1,11,5,Bad,8,3,7,6,Jeune,Nantes
45,No,Travel_Frequently,251,Research & Development,23,College,Medical,Medium,Homme,33,High,5,Sales Executive,High,Single,43981,439810,5,1,49,Excellent,Very High,3,36,1,Good,21,17,8,9,Adulte,Paris
44,No,Travel_Rarely,517,Support,34,Master,Life Sciences,Very High,Femme,52,High,5,Developer,Very High,Married,45488,727808,6,1,16,Excellent,Low,1,10,3,Better,4,3,4,4,Adulte,Grenoble
51,No,Travel_Rarely,297,Research & Development,26,Below College,Medical,Medium,Femme,172,Low,5,Laboratory Technician,Medium,Divorced,26202,157212,1,0,30,Outstanding,Very High,1,36,5,Bad,8,6,2,4,Senior,Paris
42,No,Travel_Rarely,1434,Hardware,41,College,Life Sciences,Very High,Femme,96,Medium,4,Developer,Very High,Divorced,4609,124443,7,0,3,Excellent,Medium,4,25,1,Better,17,16,15,7,Adulte,Lille
41,No,Travel_Frequently,354,Software,43,Master,Marketing,Very High,Homme,178,Very High,3,Developer,Medium,Single,20306,507650,5,0,12,Good,Medium,1,20,6,Good,5,5,2,2,Adulte,Nantes
36,No,Non-Travel,356,Support,33,Doctor,Other,Very High,Femme,97,Medium,3,Manufacturing Director,Very High,Single,45623,638722,7,0,35,Good,Medium,4,23,2,Best,4,1,1,3,Adulte,Grenoble
47,No,Travel_Rarely,1080,Software,12,Doctor,Human Resources,Low,Homme,200,High,3,Manager,Medium,Married,11013,44052,8,0,7,Outstanding,High,3,12,1,Best,1,1,1,1,Senior,Nantes
47,Yes,Non-Travel,466,Human Resources,7,Below College,Life Sciences,Low,Femme,190,Low,3,Developer,Medium,Divorced,21556,280228,3,0,25,Bad,Very High,1,40,3,Bad,22,2,6,20,Senior,Marseille
44,No,Travel_Frequently,106,Support,30,Bachelor,Other,Low,Homme,177,High,4,Sales Representative,Low,Married,44528,623392,2,1,18,Good,Medium,4,6,5,Good,1,1,1,1,Adulte,Grenoble
59,Yes,Travel_Rarely,716,Support,7,Doctor,Human Resources,Very High,Homme,94,Very High,5,Human Resources,High,Divorced,11685,327180,7,1,23,Outstanding,Low,2,22,1,Bad,14,13,1,10,Senior,Grenoble
19,Yes,Travel_Frequently,1488,Software,41,Bachelor,Human Resources,Low,Femme,64,Very High,1,Sales Executive,Medium,Single,14953,119624,2,0,41,Bad,Very High,3,26,6,Better,24,15,24,12,Jeune,Nantes
59,Yes,Non-Travel,753,Software,5,Below College,Marketing,Medium,Femme,153,Very High,1,Healthcare Representative,High,Divorced,43773,481503,4,1,22,Excellent,High,2,7,4,Best,7,1,7,7,Senior,Nantes
60,Yes,Non-Travel,786,Sales,39,Doctor,Medical,High,Femme,41,High,4,Manufacturing Director,Low,Single,45404,590252,0,0,34,Outstanding,Low,4,32,4,Bad,18,9,4,17,Senior,Lyon
41,Yes,Travel_Frequently,677,Research & Development,28,College,Marketing,Very High,Homme,187,High,4,Human Resources,High,Single,43073,904533,4,0,20,Good,Medium,1,31,2,Good,26,17,1,6,Adulte,Paris
52,No,Non-Travel,1055,Hardware,9,College,Other,Very High,Femme,179,Medium,2,Manager,High,Single,18561,92805,7,0,42,Outstanding,Medium,4,29,3,Better,2,1,1,1,Senior,Lille
23,No,Non-Travel,991,Human Resources,35,Doctor,Marketing,Very High,Homme,34,High,1,Research Scientist,Low,Married,6521,149983,4,1,37,Outstanding,Low,1,36,5,Better,7,7,5,7,Jeune,Marseille
23,No,Non-Travel,512,Hardware,10,Bachelor,Medical,High,Femme,71,High,3,Manufacturing Director,Low,Married,23809,428562,6,1,17,Good,Very High,1,35,2,Good,34,14,12,17,Jeune,Lille
43,Yes,Travel_Frequently,1485,Support,14,Doctor,Other,Very High,Femme,76,Medium,1,Research Director,Very High,Married,13063,391890,6,0,47,Good,Very High,3,40,5,Better,11,3,7,7,Adulte,Grenoble
35,Yes,Non-Travel,875,Sales,9,Master,Human Resources,High,Femme,47,Low,1,Human Resources,High,Married,50668,912024,2,0,34,Outstanding,High,2,6,2,Bad,6,1,1,6,Adulte,Lyon
20,Yes,Non-Travel,938,Software,37,College,Other,Low,Homme,66,Low,2,Developer,Medium,Married,43551,1088775,2,0,41,Excellent,Medium,2,10,5,Bad,8,3,5,1,Jeune,Nantes
30,Yes,Travel_Frequently,257,Sales,48,College,Human Resources,Low,Homme,129,Low,1,Sales Executive,High,Divorced,20707,269191,8,1,25,Bad,Medium,1,6,2,Bad,4,3,2,4,Jeune,Lyon
32,No,Travel_Frequently,1271,Research & Development,36,Bachelor,Other,Low,Femme,110,Very High,3,Manufacturing Director,Medium,Married,46151,138453,8,1,26,Outstanding,High,2,5,5,Best,2,1,1,1,Adulte,Paris
25,Yes,Travel_Frequently,683,Support,2,Bachelor,Medical,Medium,Femme,116,Very High,2,Developer,Low,Divorced,12613,327938,2,1,12,Outstanding,Low,3,7,1,Best,7,7,3,7,Jeune,Grenoble
18,Yes,Travel_Frequently,510,Support,3,College,Human Resources,Very High,Femme,158,High,1,Sales Representative,High,Married,45691,319837,0,0,30,Excellent,Low,4,14,2,Better,8,6,3,4,Jeune,Grenoble
21,Yes,Travel_Rarely,420,Software,25,Below College,Other,Low,Homme,149,Very High,5,Human Resources,Low,Married,47618,333326,0,1,27,Outstanding,Low,2,32,5,Bad,23,19,18,18,Jeune,Nantes
36,Yes,Non-Travel,1336,Software,29,Doctor,Human Resources,Medium,Femme,41,Low,2,Laboratory Technician,Medium,Married,7898,173756,7,1,6,Bad,Very High,2,23,4,Better,11,8,2,5,Adulte,Nantes
59,Yes,Non-Travel,502,Human Resources,38,Master,Marketing,Very High,Femme,83,Low,3,Manager,Medium,Divorced,14964,344172,0,0,20,Excellent,Medium,1,4,3,Better,1,1,1,1,Senior,Marseille
58,No,Non-Travel,638,Support,1,College,Human Resources,Medium,Femme,121,Very High,3,Sales Representative,Very High,Single,31946,95838,1,1,29,Outstanding,Medium,4,14,2,Best,7,3,4,5,Senior,Grenoble
31,No,Non-Travel,532,Software,34,College,Other,Low,Homme,177,Medium,1,Sales Executive,Low,Single,29589,355068,0,1,39,Bad,High,1,35,1,Bad,4,3,1,4,Adulte,Nantes
24,No,Travel_Frequently,176,Human Resources,29,Master,Human Resources,High,Femme,30,Very High,1,Human Resources,Low,Single,7274,7274,7,1,0,Excellent,Medium,3,32,5,Best,16,11,1,5,Jeune,Marseille
32,No,Non-Travel,1230,Hardware,48,Doctor,Medical,Medium,Femme,159,Low,1,Research Director,Low,Single,26737,534740,4,0,36,Bad,Medium,4,25,4,Better,8,4,7,2,Adulte,Lille
28,No,Travel_Rarely,266,Support,11,Below College,Life Sciences,High,Femme,101,Low,4,Healthcare Representative,Low,Single,33087,727914,8,0,20,Good,Very High,4,19,2,Best,5,5,4,4,Jeune,Grenoble
21,No,Travel_Frequently,730,Support,14,College,Medical,Medium,Femme,111,Very High,2,Human Resources,Low,Married,10659,74613,2,0,17,Outstanding,High,4,31,3,Best,25,16,12,11,Jeune,Grenoble
42,Yes,Travel_Rarely,464,Hardware,13,Master,Marketing,Low,Homme,166,Medium,2,Laboratory Technician,Very High,Divorced,11499,241479,8,0,40,Good,High,4,40,2,Bad,27,4,24,4,Adulte,Lille
46,No,Travel_Rarely,1383,Software,1,Master,Marketing,Medium,Homme,144,Very High,1,Manager,High,Married,37113,630921,7,0,21,Bad,High,1,26,2,Good,18,3,12,4,Senior,Nantes
48,No,Travel_Rarely,711,Support,25,College,Other,Very High,Homme,32,Low,2,Laboratory Technician,High,Married,37744,1094576,3,0,17,Bad,Very High,3,22,5,Good,1,1,1,1,Senior,Grenoble
26,No,Travel_Rarely,769,Human Resources,29,Doctor,Marketing,Medium,Homme,171,Very High,5,Laboratory Technician,Medium,Single,21831,545775,4,1,9,Good,Medium,2,7,1,Better,1,1,1,1,Jeune,Marseille
26,Yes,Travel_Frequently,972,Human Resources,5,Doctor,Medical,High,Homme,196,Very High,5,Research Scientist,High,Divorced,23390,140340,4,1,43,Outstanding,Low,3,13,2,Good,8,8,5,1,Jeune,Marseille
45,Yes,Travel_Rarely,1183,Support,12,Doctor,Human Resources,Very High,Homme,87,Low,2,Manager,Medium,Divorced,29658,860082,5,0,31,Good,High,4,10,6,Good,4,4,4,1,Adulte,Grenoble
41,Yes,Travel_Rarely,558,Research & Development,6,Bachelor,Other,Very High,Femme,156,High,1,Research Scientist,Very High,Married,1006,23138,0,1,22,Good,Low,1,25,1,Good,2,2,2,1,Adulte,Paris
49,No,Travel_Frequently,787,Research & Development,18,College,Medical,Medium,Homme,36,Very High,4,Sales Representative,High,Divorced,11539,57695,8,1,25,Bad,Medium,3,7,4,Better,3,3,3,1,Senior,Paris
49,Yes,Travel_Frequently,1453,Sales,46,Doctor,Other,High,Homme,155,Very High,1,Healthcare Representative,Medium,Divorced,21204,360468,4,0,35,Excellent,Very High,4,2,5,Best,1,1,1,1,Senior,Lyon
60,Yes,Travel_Rarely,1402,Human Resources,21,Doctor,Marketing,Medium,Homme,133,High,4,Developer,High,Single,19043,209473,7,1,42,Bad,Medium,3,35,2,Better,7,1,1,2,Senior,Marseille
60,No,Travel_Frequently,723,Human Resources,18,Master,Life Sciences,Low,Homme,50,Medium,2,Research Director,Very High,Single,15509,325689,5,1,26,Excellent,High,4,37,3,Bad,2,2,2,1,Senior,Marseille
57,No,Travel_Frequently,1025,Sales,50,Below College,Medical,Low,Femme,88,Low,1,Sales Representative,Very High,Single,38618,810978,5,1,20,Good,Medium,4,22,3,Better,7,7,2,6,Senior,Lyon
23,No,Travel_Rarely,867,Sales,19,Doctor,Medical,Low,Femme,179,Medium,1,Human Resources,Very High,Married,10980,21960,8,1,42,Good,Medium,1,7,3,Best,6,2,6,5,Jeune,Lyon
39,No,Non-Travel,1150,Human Resources,38,Master,Life Sciences,Very High,Femme,74,High,4,Sales Executive,Very High,Single,50259,804144,8,0,36,Excellent,Low,1,36,6,Bad,4,3,4,1,Adulte,Marseille
53,No,Travel_Frequently,1447,Sales,7,College,Life Sciences,Very High,Femme,83,Very High,3,Sales Executive,Very High,Divorced,45031,180124,4,1,31,Outstanding,Medium,2,39,4,Better,17,16,11,3,Senior,Lyon
28,No,Non-Travel,484,Human Resources,1,Bachelor,Human Resources,Low,Homme,121,Very High,3,Manager,High,Married,27773,749871,2,1,30,Good,Very High,4,19,2,Good,14,8,13,1,Jeune,Marseille
52,Yes,Travel_Rarely,163,Support,48,Below College,Technical Degree,Low,Femme,191,Low,5,Research Scientist,Medium,Single,41384,703528,3,1,43,Outstanding,High,3,7,3,Best,4,1,2,2,Senior,Grenoble
30,No,Non-Travel,217,Hardware,37,College,Human Resources,Very High,Homme,135,Medium,4,Research Director,Medium,Single,10340,206800,0,0,0,Bad,Very High,4,12,2,Better,10,3,7,2,Jeune,Lille
35,Yes,Non-Travel,1052,Support,2,Below College,Other,Low,Femme,191,Very High,1,Developer,Very High,Divorced,20588,247056,8,1,37,Excellent,High,2,3,6,Best,3,3,1,2,Adulte,Grenoble
51,No,Travel_Rarely,153,Support,29,Doctor,Medical,High,Femme,154,Low,4,Research Scientist,Medium,Divorced,37545,150180,7,0,37,Outstanding,Medium,4,12,4,Better,2,2,2,1,Senior,Grenoble
34,Yes,Travel_Rarely,1206,Support,2,College,Technical Degree,Low,Femme,148,High,5,Manufacturing Director,High,Married,31053,496848,1,0,37,Good,Low,4,5,1,Better,2,2,1,2,Adulte,Grenoble
24,No,Travel_Rarely,363,Research & Development,29,Below College,Medical,Low,Homme,97,Medium,2,Human Resources,Medium,Divorced,2578,2578,0,1,38,Outstanding,Very High,4,27,6,Best,8,8,7,4,Jeune,Paris
52,Yes,Travel_Frequently,648,Sales,29,Doctor,Medical,Very High,Homme,49,High,5,Sales Executive,Low,Married,49024,392192,3,1,37,Good,Medium,1,37,2,Better,35,15,19,30,Senior,Lyon
56,No,Travel_Frequently,962,Human Resources,30,Master,Technical Degree,Low,Femme,85,Medium,1,Manufacturing Director,Very High,Married,40782,1223460,7,0,27,Excellent,Low,3,28,4,Bad,19,5,10,2,Senior,Marseille
30,Yes,Non-Travel,448,Research & Development,8,Below College,Human Resources,Low,Femme,155,Medium,3,Sales Executive,Low,Divorced,8439,253170,1,1,15,Bad,Medium,3,38,5,Bad,6,1,3,6,Jeune,Paris
36,Yes,Travel_Frequently,1359,Sales,33,College,Medical,Low,Femme,166,Medium,5,Sales Executive,Low,Single,33245,664900,4,0,46,Outstanding,Medium,4,18,1,Better,5,1,2,3,Adulte,Lyon
24,Yes,Travel_Frequently,783,Software,33,Bachelor,Human Resources,Low,Homme,155,Low,1,Sales Representative,Medium,Divorced,34109,750398,0,0,23,Excellent,Very High,3,23,5,Best,18,12,18,4,Jeune,Nantes
58,Yes,Non-Travel,705,Sales,36,College,Human Resources,Medium,Femme,73,Very High,5,Developer,Low,Single,17609,334571,8,1,29,Outstanding,High,3,3,1,Good,2,2,2,1,Senior,Lyon
56,Yes,Non-Travel,1168,Sales,40,Doctor,Technical Degree,High,Femme,106,Medium,1,Human Resources,Low,Divorced,14152,84912,5,1,3,Outstanding,Low,4,38,5,Better,34,21,30,16,Senior,Lyon
59,Yes,Travel_Frequently,175,Support,20,Master,Other,Medium,Femme,185,Medium,4,Healthcare Representative,Low,Divorced,10809,162135,2,1,47,Excellent,Medium,2,14,6,Good,6,5,1,2,Senior,Grenoble
36,No,Travel_Frequently,1244,Sales,14,College,Other,Low,Femme,34,Medium,2,Sales Executive,High,Divorced,10129,273483,1,1,10,Outstanding,High,3,26,6,Bad,24,4,4,7,Adulte,Lyon
41,Yes,Non-Travel,1105,Sales,47,Doctor,Marketing,High,Femme,110,High,5,Developer,High,Married,10894,119834,3,0,3,Bad,Very High,4,1,1,Bad,1,1,1,1,Adulte,Lyon
53,No,Travel_Frequently,840,Hardware,4,Below College,Technical Degree,Medium,Homme,62,Very High,5,Manager,Low,Single,15803,379272,4,1,17,Good,Very High,2,26,4,Best,16,8,5,7,Senior,Lille
28,Yes,Non-Travel,327,Research & Development,14,Bachelor,Life Sciences,Low,Homme,80,High,5,Laboratory Technician,Very High,Single,7655,145445,6,0,42,Excellent,Low,3,9,4,Best,6,5,3,5,Jeune,Paris
33,Yes,Travel_Frequently,1212,Support,27,College,Life Sciences,Very High,Femme,93,Low,1,Sales Representative,Medium,Divorced,37981,341829,4,1,17,Outstanding,Low,3,24,3,Good,4,3,3,3,Adulte,Grenoble
54,No,Travel_Frequently,1228,Sales,4,Below College,Other,High,Femme,141,High,4,Research Director,Very High,Single,44217,1061208,6,0,45,Good,Very High,4,14,1,Best,4,4,3,4,Senior,Lyon
37,Yes,Travel_Rarely,1267,Sales,49,Master,Other,Low,Femme,144,Low,5,Sales Representative,Very High,Single,35350,141400,7,1,21,Excellent,Very High,2,30,4,Best,1,1,1,1,Adulte,Lyon
19,Yes,Non-Travel,561,Support,4,Master,Life Sciences,High,Femme,171,Low,5,Developer,Low,Divorced,34302,926154,2,1,21,Good,Very High,2,37,5,Better,17,10,5,2,Jeune,Grenoble
38,No,Non-Travel,1169,Sales,47,Master,Marketing,Low,Femme,84,Low,5,Laboratory Technician,Very High,Married,13769,137690,2,0,18,Outstanding,Medium,4,23,6,Better,18,4,11,12,Adulte,Lyon
25,No,Non-Travel,1048,Software,45,Master,Life Sciences,Very High,Homme,70,Low,2,Sales Representative,Low,Married,2341,49161,4,1,9,Good,High,2,5,6,Best,5,5,4,1,Jeune,Nantes
48,No,Non-Travel,856,Human Resources,31,Bachelor,Marketing,Low,Femme,143,High,5,Sales Representative,Very High,Married,38939,1090292,1,0,12,Excellent,Very High,4,23,4,Better,10,6,2,3,Senior,Marseille
59,No,Non-Travel,696,Software,27,Below College,Marketing,Low,Homme,175,Medium,1,Human Resources,High,Married,26124,444108,4,0,35,Excellent,Low,3,22,4,Good,14,10,6,12,Senior,Nantes
49,No,Non-Travel,944,Software,36,Below College,Human Resources,High,Femme,182,Low,2,Sales Representative,Medium,Divorced,39894,119682,6,0,44,Outstanding,Very High,1,10,5,Better,4,1,1,4,Senior,Nantes
52,No,Non-Travel,1165,Hardware,5,Below College,Human Resources,Very High,Femme,132,High,5,Developer,High,Divorced,24179,507759,2,1,35,Good,Medium,2,39,4,Better,13,3,1,9,Senior,Lille
26,No,Non-Travel,1250,Software,47,Bachelor,Marketing,Very High,Femme,184,Medium,4,Manager,Medium,Married,39251,117753,7,1,3,Outstanding,High,2,20,1,Bad,7,3,4,1,Jeune,Nantes
46,Yes,Travel_Rarely,816,Human Resources,3,Doctor,Life Sciences,Medium,Femme,113,Medium,1,Research Director,Low,Divorced,42565,638475,4,0,39,Bad,Low,4,2,4,Bad,2,1,2,1,Senior,Marseille
58,Yes,Travel_Rarely,921,Research & Development,38,Bachelor,Human Resources,Low,Homme,54,High,2,Developer,High,Married,8652,51912,4,1,8,Bad,Very High,1,38,6,Bad,25,17,2,22,Senior,Paris
28,Yes,Travel_Frequently,1470,Human Resources,42,Doctor,Technical Degree,Low,Femme,131,Very High,1,Research Director,Low,Married,8263,206575,0,1,42,Outstanding,Low,4,32,2,Good,10,9,6,10,Jeune,Marseille
34,No,Travel_Frequently,299,Sales,25,Doctor,Technical Degree,Low,Femme,75,Low,5,Sales Representative,Medium,Single,10343,279261,7,1,32,Good,Low,1,31,6,Good,9,6,6,5,Adulte,Lyon
53,No,Travel_Rarely,810,Hardware,41,Master,Life Sciences,Medium,Homme,78,High,1,Laboratory Technician,Low,Married,28862,432930,7,1,32,Excellent,Very High,1,32,3,Bad,8,3,2,1,Senior,Lille
58,Yes,Travel_Frequently,792,Sales,22,Master,Marketing,Low,Femme,191,Very High,5,Laboratory Technician,High,Single,48321,241605,2,1,39,Good,High,4,8,3,Good,5,3,1,4,Senior,Lyon
36,No,Travel_Frequently,158,Support,22,Below College,Other,Low,Femme,69,Medium,4,Manufacturing Director,Low,Single,30713,429982,0,0,31,Outstanding,Very High,4,22,1,Best,12,10,3,11,Adulte,Grenoble
27,No,Travel_Rarely,799,Hardware,32,Master,Other,High,Femme,64,High,2,Laboratory Technician,Low,Single,14991,119928,5,1,20,Bad,Low,2,24,3,Better,21,4,5,18,Jeune,Lille
53,Yes,Non-Travel,260,Research & Development,50,Below College,Life Sciences,Medium,Homme,38,High,4,Human Resources,High,Married,40260,724680,7,1,29,Good,High,3,26,3,Better,10,6,5,6,Senior,Paris
43,Yes,Travel_Rarely,1458,Research & Development,46,Below College,Marketing,High,Homme,38,Low,2,Developer,High,Married,31764,730572,3,1,26,Good,High,1,9,2,Best,8,2,2,3,Adulte,Paris
34,Yes,Non-Travel,1499,Human Resources,8,Bachelor,Human Resources,Medium,Femme,151,Very High,4,Laboratory Technician,Low,Married,25706,385590,4,1,10,Excellent,High,1,15,3,Good,14,7,10,13,Adulte,Marseille
57,No,Travel_Frequently,1357,Support,40,Bachelor,Technical Degree,Medium,Femme,95,Very High,1,Sales Executive,Very High,Single,44540,534480,2,0,4,Good,Very High,1,16,6,Bad,13,6,10,2,Senior,Grenoble
37,Yes,Travel_Frequently,1486,Software,19,Doctor,Life Sciences,Low,Homme,198,High,1,Healthcare Representative,High,Divorced,28735,143675,2,1,26,Outstanding,Very High,1,9,5,Best,2,1,1,2,Adulte,Nantes
28,No,Non-Travel,281,Human Resources,32,Master,Medical,Low,Homme,90,Medium,5,Sales Executive,Low,Single,47514,1330392,3,0,27,Outstanding,High,1,4,5,Best,2,2,1,2,Jeune,Marseille
24,No,Travel_Frequently,145,Research & Development,28,Below College,Medical,Medium,Femme,136,Very High,1,Research Scientist,Low,Divorced,28444,625768,3,0,18,Good,Low,1,1,2,Good,1,1,1,1,Jeune,Paris
59,No,Non-Travel,230,Research & Development,7,Master,Human Resources,Very High,Homme,140,Very High,3,Healthcare Representative,High,Divorced,21238,403522,7,1,24,Bad,High,3,14,3,Bad,11,10,7,11,Senior,Paris
50,No,Non-Travel,332,Support,6,Below College,Other,Medium,Homme,32,Low,2,Laboratory Technician,Very High,Married,42207,970761,0,1,42,Bad,Very High,3,12,6,Best,3,2,3,3,Senior,Grenoble
38,Yes,Non-Travel,693,Support,50,Master,Other,Very High,Homme,111,Medium,5,Sales Representative,Low,Married,33374,533984,0,0,42,Outstanding,Medium,2,26,3,Better,11,5,10,4,Adulte,Grenoble
51,Yes,Non-Travel,807,Support,39,College,Technical Degree,Very High,Homme,108,High,1,Human Resources,Low,Divorced,30623,551214,4,0,18,Bad,Low,1,14,5,Good,1,1,1,1,Senior,Grenoble
39,No,Travel_Rarely,900,Human Resources,19,College,Technical Degree,Medium,Femme,56,Low,5,Research Scientist,Medium,Divorced,13088,222496,3,1,24,Excellent,Low,3,9,3,Best,7,7,1,4,Adulte,Marseille
38,No,Non-Travel,1113,Support,42,Bachelor,Life Sciences,High,Homme,102,Very High,4,Sales Executive,Low,Married,36265,507710,5,1,17,Good,High,1,24,5,Good,8,8,8,6,Adulte,Grenoble
55,Yes,Non-Travel,1144,Human Resources,21,College,Human Resources,Very High,Femme,123,High,3,Sales Representative,Medium,Divorced,22507,517661,2,1,45,Good,Very High,4,5,5,Better,2,1,2,1,Senior,Marseille
50,Yes,Travel_Frequently,461,Software,11,Bachelor,Human Resources,High,Homme,85,Very High,3,Manufacturing Director,High,Single,48402,145206,0,0,7,Bad,High,2,9,2,Better,8,5,2,8,Senior,Nantes
51,Yes,Non-Travel,1197,Hardware,50,Bachelor,Technical Degree,Medium,Homme,171,Low,3,Manager,Medium,Divorced,11189,156646,0,0,23,Bad,High,1,17,3,Best,11,11,8,5,Senior,Lille
33,Yes,Travel_Rarely,1096,Software,43,Doctor,Life Sciences,Very High,Homme,150,Medium,3,Developer,High,Divorced,48382,725730,0,1,25,Excellent,Medium,4,32,2,Better,5,2,1,2,Adulte,Nantes
33,No,Travel_Rarely,1204,Human Resources,27,Doctor,Marketing,High,Femme,73,High,4,Manufacturing Director,Medium,Married,2032,38608,4,0,30,Excellent,Low,1,29,4,Better,12,4,4,6,Adulte,Marseille
46,Yes,Travel_Rarely,318,Hardware,29,Below College,Marketing,Medium,Femme,188,Medium,1,Research Scientist,High,Married,2872,74672,2,0,32,Good,Medium,3,28,4,Best,22,19,18,21,Senior,Lille
60,No,Travel_Frequently,984,Hardware,24,Doctor,Technical Degree,Very High,Femme,200,Low,5,Healthcare Representative,High,Married,19577,450271,5,0,33,Bad,Medium,1,8,2,Better,7,7,3,1,Senior,Lille
59,Yes,Non-Travel,551,Support,38,Below College,Human Resources,Low,Femme,142,Medium,2,Manufacturing Director,Very High,Married,34633,935091,7,1,45,Excellent,Very High,4,26,5,Bad,12,11,6,1,Senior,Grenoble
40,Yes,Non-Travel,1022,Software,34,Below College,Medical,Medium,Homme,52,High,1,Sales Representative,Very High,Divorced,34116,579972,8,0,20,Outstanding,Very High,3,21,3,Bad,5,5,5,2,Adulte,Nantes
55,No,Travel_Frequently,1338,Research & Development,44,College,Other,Low,Homme,170,High,5,Research Scientist,Very High,Divorced,13023,286506,0,1,17,Outstanding,Very High,4,11,1,Best,6,5,6,1,Senior,Paris
34,Yes,Travel_Rarely,381,Human Resources,48,Doctor,Other,Medium,Femme,89,Low,3,Sales Representative,Very High,Divorced,7573,219617,2,1,9,Good,High,3,14,3,Better,5,3,1,2,Adulte,Marseille
48,No,Travel_Frequently,534,Hardware,11,Below College,Other,Low,Femme,161,Low,3,Manager,Low,Married,18916,397236,5,1,49,Bad,Very High,2,25,3,Best,6,6,1,1,Senior,Lille
32,Yes,Travel_Rarely,1123,Sales,29,College,Technical Degree,High,Femme,48,Medium,5,Sales Executive,High,Divorced,39569,633104,0,1,37,Excellent,Medium,1,28,2,Better,19,17,17,1,Adulte,Lyon
54,No,Travel_Rarely,1498,Software,1,College,Other,Medium,Femme,181,High,2,Healthcare Representative,High,Married,1216,10944,5,0,13,Outstanding,High,3,22,1,Better,4,1,4,2,Senior,Nantes
35,No,Travel_Frequently,1148,Support,6,Master,Technical Degree,Medium,Homme,44,Very High,5,Sales Representative,Medium,Single,24626,591024,0,1,42,Excellent,Low,3,36,2,Good,35,28,2,33,Adulte,Grenoble
59,Yes,Non-Travel,1034,Hardware,2,Doctor,Life Sciences,Low,Homme,168,Medium,4,Laboratory Technician,Low,Single,4671,14013,4,1,5,Bad,Medium,2,22,6,Good,10,9,2,5,Senior,Lille
18,No,Travel_Rarely,1167,Research & Development,21,Doctor,Marketing,Medium,Homme,84,Low,2,Manufacturing Director,Very High,Single,43938,175752,3,1,40,Good,Very High,4,39,1,Best,38,5,36,36,Jeune,Paris
35,Yes,Travel_Frequently,404,Human Resources,16,Bachelor,Life Sciences,Low,Femme,39,Very High,2,Manager,Low,Married,11150,278750,3,1,45,Bad,Very High,2,4,5,Good,3,2,1,2,Adulte,Marseille
36,Yes,Travel_Rarely,1405,Human Resources,14,College,Marketing,High,Homme,88,Very High,1,Developer,Very High,Married,27653,442448,6,0,30,Bad,Medium,1,5,5,Bad,1,1,1,1,Adulte,Marseille
46,Yes,Non-Travel,854,Sales,20,Bachelor,Life Sciences,Low,Homme,148,Low,3,Human Resources,Low,Married,49097,196388,0,1,33,Good,High,3,21,4,Best,18,14,17,11,Senior,Lyon
28,Yes,Non-Travel,445,Human Resources,2,College,Marketing,Low,Homme,53,Medium,4,Research Scientist,Low,Married,36098,252686,7,0,14,Outstanding,Medium,1,6,4,Bad,1,1,1,1,Jeune,Marseille
30,Yes,Travel_Rarely,1461,Support,27,Doctor,Human Resources,High,Homme,84,Very High,5,Sales Representative,Very High,Married,38328,651576,6,0,37,Bad,Medium,3,22,6,Best,21,6,20,6,Jeune,Grenoble
34,Yes,Travel_Rarely,517,Software,35,Bachelor,Medical,Medium,Femme,177,Medium,4,Manufacturing Director,High,Married,20886,375948,2,1,3,Excellent,High,1,40,5,Bad,36,2,29,26,Adulte,Nantes
58,No,Travel_Rarely,664,Hardware,25,Bachelor,Technical Degree,Low,Homme,131,Low,4,Research Scientist,Low,Married,49872,548592,1,0,33,Good,High,2,15,3,Better,15,7,14,14,Senior,Lille
43,Yes,Travel_Frequently,139,Human Resources,21,Doctor,Human Resources,Low,Femme,113,Medium,5,Manufacturing Director,High,Single,39349,786980,3,0,34,Bad,High,4,8,1,Good,7,2,1,1,Adulte,Marseille
23,No,Travel_Frequently,384,Support,2,College,Life Sciences,Very High,Homme,189,Low,1,Research Director,High,Married,23032,23032,3,1,40,Outstanding,Very High,4,40,4,Bad,10,1,7,5,Jeune,Grenoble
57,Yes,Travel_Rarely,121,Software,14,Bachelor,Human Resources,High,Homme,189,Medium,2,Laboratory Technician,High,Divorced,8218,123270,8,1,16,Good,Medium,3,23,5,Bad,2,1,1,2,Senior,Nantes
26,Yes,Non-Travel,782,Hardware,12,College,Life Sciences,High,Femme,78,High,5,Manufacturing Director,Low,Married,44370,44370,1,1,18,Bad,Very High,2,36,2,Best,17,15,15,4,Jeune,Lille
25,Yes,Non-Travel,323,Hardware,19,Bachelor,Medical,Very High,Homme,91,Medium,1,Laboratory Technician,High,Divorced,45011,180044,4,1,34,Excellent,Medium,2,14,1,Better,9,4,1,8,Jeune,Lille
37,No,Travel_Rarely,669,Software,6,College,Other,Very High,Femme,187,Medium,1,Human Resources,Very High,Divorced,5785,127270,0,0,22,Excellent,Low,2,19,1,Good,18,3,4,13,Adulte,Nantes
46,Yes,Non-Travel,1301,Software,19,Master,Marketing,High,Femme,121,Medium,2,Laboratory Technician,High,Married,8042,176924,2,1,43,Excellent,Low,3,35,2,Bad,22,1,20,2,Senior,Nantes
31,No,Non-Travel,720,Human Resources,17,Doctor,Technical Degree,Very High,Homme,163,Very High,1,Manager,High,Single,21383,106915,1,0,19,Excellent,High,2,29,5,Bad,25,10,14,2,Adulte,Marseille
42,No,Travel_Frequently,111,Sales,31,Bachelor,Life Sciences,Low,Femme,139,Very High,5,Research Director,High,Divorced,8511,110643,7,0,42,Outstanding,High,1,19,1,Bad,17,7,1,2,Adulte,Lyon
23,Yes,Travel_Frequently,1402,Support,41,Doctor,Medical,High,Femme,167,Low,2,Human Resources,High,Divorced,45324,135972,5,1,31,Good,Low,1,2,5,Good,2,1,1,1,Jeune,Grenoble
50,Yes,Travel_Rarely,718,Research & Development,46,Master,Technical Degree,Very High,Homme,164,Low,4,Healthcare Representative,Very High,Married,30594,428316,6,1,4,Bad,Very High,3,37,6,Bad,14,14,11,9,Senior,Paris
20,Yes,Non-Travel,469,Research & Development,33,Below College,Life Sciences,Very High,Femme,59,Low,1,Manager,High,Single,45335,498685,2,0,42,Good,High,1,13,1,Best,1,1,1,1,Jeune,Paris
18,No,Travel_Rarely,970,Hardware,46,Doctor,Human Resources,Very High,Femme,55,High,3,Laboratory Technician,Medium,Divorced,7983,31932,4,1,24,Outstanding,Low,2,35,3,Bad,27,25,4,21,Jeune,Lille
57,No,Non-Travel,830,Sales,37,College,Human Resources,High,Homme,128,Very High,5,Manufacturing Director,Very High,Divorced,49069,834173,7,1,3,Bad,Medium,4,26,3,Better,18,16,15,16,Senior,Lyon
47,No,Travel_Frequently,1091,Support,36,College,Marketing,High,Homme,129,Medium,4,Laboratory Technician,High,Single,17805,427320,6,0,30,Excellent,Very High,4,2,4,Best,1,1,1,1,Senior,Grenoble
59,No,Travel_Frequently,748,Software,34,Bachelor,Life Sciences,Very High,Homme,157,Very High,2,Developer,Very High,Married,43007,645105,6,0,43,Good,Medium,3,5,1,Good,4,2,3,3,Senior,Nantes
50,Yes,Non-Travel,562,Sales,34,College,Human Resources,High,Femme,189,High,2,Laboratory Technician,Very High,Single,15362,46086,2,1,44,Bad,Low,3,3,5,Better,3,1,1,1,Senior,Lyon
32,No,Travel_Rarely,276,Support,12,Doctor,Life Sciences,Low,Femme,195,Low,4,Sales Executive,Medium,Single,16088,80440,7,0,1,Bad,Low,2,28,5,Good,22,19,1,19,Adulte,Grenoble
28,No,Non-Travel,1019,Sales,9,College,Human Resources,Medium,Femme,126,Very High,5,Human Resources,Low,Married,45634,1186484,8,1,13,Bad,Very High,2,13,4,Better,11,1,11,5,Jeune,Lyon
25,No,Travel_Frequently,786,Software,15,Bachelor,Other,High,Femme,86,Medium,5,Research Director,High,Single,2750,55000,5,1,16,Good,Low,1,5,4,Bad,3,3,2,3,Jeune,Nantes
54,Yes,Travel_Frequently,957,Support,26,Doctor,Medical,Low,Femme,167,Very High,3,Sales Executive,High,Single,29972,449580,7,1,35,Bad,High,4,2,1,Better,1,1,1,1,Senior,Grenoble
52,No,Travel_Rarely,1401,Human Resources,45,Doctor,Marketing,Very High,Femme,180,High,2,Research Director,Low,Divorced,42571,127713,3,0,4,Bad,Medium,1,19,5,Best,13,4,12,1,Senior,Marseille
60,Yes,Travel_Rarely,565,Support,3,Below College,Life Sciences,Medium,Homme,71,Very High,3,Laboratory Technician,Very High,Married,38921,1089788,5,1,2,Good,Very High,3,24,1,Good,4,2,2,1,Senior,Grenoble
49,No,Travel_Frequently,669,Research & Development,49,Below College,Human Resources,Low,Homme,188,High,2,Research Scientist,Medium,Single,36205,687895,5,1,42,Outstanding,Very High,4,22,1,Bad,13,5,1,13,Senior,Paris
59,Yes,Travel_Rarely,380,Sales,22,College,Medical,Medium,Femme,55,Low,3,Research Director,Very High,Divorced,24625,172375,2,1,32,Good,Very High,3,29,2,Better,9,4,3,6,Senior,Lyon
59,No,Travel_Rarely,1022,Human Resources,5,Bachelor,Medical,High,Homme,60,Very High,1,Healthcare Representative,Very High,Divorced,39792,636672,8,0,13,Good,High,1,8,1,Best,5,4,4,2,Senior,Marseille
43,Yes,Travel_Rarely,180,Research & Development,32,Master,Human Resources,High,Femme,107,High,1,Sales Executive,Medium,Single,48724,779584,8,0,20,Excellent,Very High,4,12,4,Better,11,8,11,5,Adulte,Paris
23,No,Travel_Frequently,1227,Hardware,45,Doctor,Other,Low,Homme,123,Medium,4,Sales Executive,Medium,Married,2526,20208,6,1,0,Outstanding,Very High,1,33,5,Better,12,7,5,9,Jeune,Lille
43,Yes,Travel_Frequently,716,Research & Development,47,Bachelor,Technical Degree,High,Femme,198,High,2,Human Resources,High,Married,4213,16852,2,1,18,Good,High,2,20,6,Best,12,9,5,6,Adulte,Paris
32,No,Travel_Rarely,280,Sales,4,Below College,Human Resources,Low,Homme,137,Low,5,Sales Executive,Very High,Married,14586,43758,8,1,18,Excellent,Medium,3,38,6,Best,2,1,2,1,Adulte,Lyon
51,Yes,Travel_Frequently,1386,Sales,4,Below College,Human Resources,Low,Femme,32,Very High,5,Research Scientist,Low,Divorced,42167,506004,6,0,42,Good,Low,2,34,2,Best,1,1,1,1,Senior,Lyon
57,Yes,Non-Travel,1476,Research & Development,31,College,Human Resources,Very High,Femme,88,Low,1,Developer,Low,Married,45093,541116,8,1,41,Good,Low,1,36,2,Better,31,3,29,27,Senior,Paris
41,Yes,Travel_Rarely,1365,Software,25,College,Other,Low,Femme,69,High,5,Human Resources,High,Married,26802,750456,1,1,36,Outstanding,Low,1,11,5,Good,1,1,1,1,Adulte,Nantes
23,No,Travel_Rarely,153,Support,49,College,Marketing,Low,Femme,56,Low,4,Healthcare Representative,High,Single,12310,344680,0,0,32,Good,Very High,3,6,3,Bad,1,1,1,1,Jeune,Grenoble
33,Yes,Travel_Rarely,795,Support,49,Doctor,Medical,High,Homme,142,Very High,2,Sales Executive,Very High,Single,4782,4782,3,1,34,Good,Low,2,9,1,Bad,9,1,5,4,Adulte,Grenoble
51,No,Travel_Frequently,607,Support,41,Bachelor,Technical Degree,Very High,Homme,190,Low,2,Human Resources,High,Single,40735,1059110,5,0,25,Good,High,3,26,3,Good,21,14,3,16,Senior,Grenoble
36,Yes,Travel_Rarely,438,Hardware,19,Bachelor,Human Resources,High,Femme,75,High,5,Developer,High,Single,37226,148904,7,0,3,Outstanding,Very High,4,23,3,Better,5,5,4,4,Adulte,Lille
32,No,Travel_Rarely,120,Hardware,17,Below College,Human Resources,Low,Femme,85,High,1,Laboratory Technician,High,Single,22316,446320,5,1,28,Excellent,High,4,6,2,Bad,2,2,1,1,Adulte,Lille
35,Yes,Travel_Rarely,1299,Research & Development,14,Bachelor,Human Resources,Low,Femme,60,Low,3,Research Scientist,Very High,Married,5351,5351,0,0,3,Good,Very High,2,27,6,Best,21,1,13,16,Adulte,Paris
49,No,Travel_Frequently,330,Research & Development,19,Below College,Technical Degree,Low,Femme,44,Low,3,Laboratory Technician,High,Divorced,11444,274656,1,1,21,Bad,Medium,2,24,6,Better,10,6,8,5,Senior,Paris
53,Yes,Non-Travel,522,Sales,29,Bachelor,Marketing,High,Homme,156,Low,4,Healthcare Representative,Medium,Single,13179,92253,2,1,1,Outstanding,Low,4,40,6,Good,3,2,3,3,Senior,Lyon
26,No,Non-Travel,1381,Human Resources,37,Bachelor,Other,Very High,Femme,40,Low,3,Developer,Low,Married,45921,137763,3,0,2,Outstanding,Medium,1,40,2,Good,18,5,3,16,Jeune,Marseille
18,Yes,Travel_Rarely,1188,Research & Development,21,Bachelor,Marketing,Very High,Femme,182,Low,5,Research Scientist,Medium,Single,23254,209286,8,0,18,Good,Very High,1,36,3,Good,11,3,10,4,Jeune,Paris
45,Yes,Travel_Frequently,562,Hardware,30,College,Marketing,Medium,Femme,109,High,2,Human Resources,Medium,Divorced,48600,194400,1,0,20,Outstanding,Medium,1,40,5,Best,34,30,30,24,Adulte,Lille
29,Yes,Travel_Rarely,773,Support,3,Doctor,Marketing,Very High,Homme,132,Medium,4,Research Scientist,Very High,Divorced,23810,214290,6,1,18,Good,High,2,35,6,Best,23,18,2,12,Jeune,Grenoble
46,No,Travel_Frequently,616,Research & Development,37,College,Other,Medium,Femme,143,High,5,Research Director,Medium,Divorced,26870,510530,4,0,34,Bad,High,3,27,2,Bad,25,15,11,21,Senior,Paris
54,Yes,Travel_Rarely,434,Sales,27,College,Medical,Medium,Homme,75,Medium,5,Research Scientist,Medium,Divorced,38311,842842,3,1,31,Outstanding,High,1,7,3,Bad,4,2,1,1,Senior,Lyon
56,Yes,Non-Travel,1069,Hardware,45,Below College,Medical,Medium,Homme,172,High,5,Healthcare Representative,High,Single,49685,695590,6,0,4,Excellent,High,2,38,5,Best,30,18,13,10,Senior,Lille
49,Yes,Non-Travel,572,Hardware,9,Below College,Marketing,High,Homme,96,Low,5,Research Director,Low,Married,50819,914742,7,0,9,Good,Medium,4,9,2,Better,6,5,5,2,Senior,Lille
35,No,Non-Travel,909,Sales,50,Bachelor,Life Sciences,Low,Homme,31,Medium,5,Healthcare Representative,Medium,Divorced,44313,487443,6,0,23,Excellent,Very High,4,17,4,Best,1,1,1,1,Adulte,Lyon
35,No,Non-Travel,318,Software,14,Below College,Medical,Low,Homme,181,High,3,Human Resources,Medium,Married,33122,99366,8,1,21,Excellent,Medium,4,1,6,Bad,1,1,1,1,Adulte,Nantes
37,No,Travel_Rarely,653,Sales,21,College,Technical Degree,Low,Femme,96,Medium,2,Laboratory Technician,Low,Married,17504,35008,6,1,37,Good,Very High,2,40,6,Bad,13,3,4,11,Adulte,Lyon
31,No,Non-Travel,730,Sales,29,Bachelor,Medical,High,Homme,170,Very High,3,Sales Executive,Low,Divorced,22047,418893,3,0,17,Excellent,High,2,34,5,Bad,3,1,1,2,Adulte,Lyon
52,Yes,Travel_Rarely,609,Sales,40,Master,Technical Degree,Low,Homme,39,Low,3,Laboratory Technician,Very High,Single,18263,36526,7,1,27,Excellent,Medium,2,12,1,Best,3,3,3,1,Senior,Lyon
26,No,Non-Travel,608,Sales,25,Doctor,Marketing,Medium,Homme,129,High,1,Sales Representative,Very High,Married,7916,7916,5,0,44,Good,High,3,40,1,Bad,16,7,11,11,Jeune,Lyon
20,Yes,Non-Travel,899,Software,12,Master,Other,Low,Femme,88,Low,5,Manager,Medium,Married,21903,109515,0,1,16,Excellent,High,1,30,5,Best,25,9,4,13,Jeune,Nantes
23,No,Non-Travel,839,Human Resources,49,College,Other,Medium,Homme,122,High,2,Developer,High,Married,7570,98410,0,0,6,Excellent,Low,1,33,4,Better,30,18,16,2,Jeune,Marseille
32,Yes,Travel_Frequently,744,Software,31,Bachelor,Technical Degree,Low,Homme,126,Low,3,Sales Executive,Low,Married,27577,799733,5,0,22,Good,Very High,3,2,2,Bad,2,1,1,1,Adulte,Nantes
31,No,Non-Travel,1283,Human Resources,23,College,Technical Degree,Very High,Homme,181,Medium,3,Laboratory Technician,Very High,Divorced,7895,118425,4,0,47,Good,Low,4,28,5,Better,10,6,3,2,Adulte,Marseille
47,Yes,Travel_Rarely,460,Software,28,Below College,Marketing,Medium,Homme,170,Medium,2,Manager,Very High,Married,23986,407762,0,1,27,Outstanding,Very High,3,40,3,Bad,22,2,12,6,Senior,Nantes
39,Yes,Travel_Frequently,1178,Software,27,Master,Human Resources,High,Homme,61,Low,3,Human Resources,Medium,Single,28298,764046,1,1,6,Good,Low,4,5,5,Good,5,4,5,5,Adulte,Nantes
28,No,Travel_Frequently,189,Sales,6,Below College,Technical Degree,Low,Femme,48,Low,5,Research Director,Medium,Married,40416,1091232,4,0,15,Excellent,High,4,12,4,Good,9,7,3,7,Jeune,Lyon
28,No,Travel_Rarely,418,Hardware,7,Doctor,Other,High,Homme,147,Low,2,Research Director,High,Divorced,13070,169910,6,0,1,Good,Medium,4,1,6,Bad,1,1,1,1,Jeune,Lille
31,No,Non-Travel,901,Sales,16,Bachelor,Human Resources,Medium,Homme,191,Low,3,Research Scientist,High,Single,12837,128370,2,1,23,Outstanding,Medium,1,31,2,Bad,31,23,22,11,Adulte,Lyon
34,Yes,Travel_Frequently,761,Research & Development,16,Master,Human Resources,High,Homme,145,Low,4,Sales Executive,Medium,Single,27060,541200,5,0,25,Outstanding,Very High,4,25,6,Good,15,9,1,9,Adulte,Paris
32,Yes,Travel_Frequently,984,Software,13,Master,Medical,Medium,Femme,74,High,5,Research Scientist,Low,Single,7215,158730,0,1,30,Outstanding,High,4,31,2,Good,30,5,17,30,Adulte,Nantes
55,Yes,Non-Travel,809,Software,46,Doctor,Marketing,Medium,Femme,57,Low,5,Manager,Low,Single,40615,568610,2,0,33,Excellent,Low,1,35,5,Best,17,12,5,13,Senior,Nantes
57,No,Non-Travel,286,Software,49,College,Life Sciences,High,Homme,64,Low,5,Sales Representative,Medium,Single,4738,132664,7,0,10,Bad,Low,4,40,6,Better,36,35,19,22,Senior,Nantes
20,Yes,Travel_Rarely,1346,Support,49,Below College,Life Sciences,Medium,Homme,166,Low,4,Manager,High,Married,2207,66210,7,1,16,Outstanding,High,1,6,5,Better,1,1,1,1,Jeune,Grenoble
23,No,Travel_Frequently,1394,Support,39,College,Life Sciences,High,Femme,52,Very High,1,Manufacturing Director,Medium,Divorced,16155,80775,5,0,46,Bad,Very High,4,2,6,Bad,1,1,1,1,Jeune,Grenoble
55,Yes,Travel_Rarely,149,Hardware,16,College,Human Resources,High,Homme,188,High,1,Developer,High,Single,9704,38816,5,1,33,Bad,Very High,4,29,1,Better,21,8,21,4,Senior,Lille
48,No,Non-Travel,1125,Hardware,25,Below College,Other,Very High,Homme,38,High,3,Human Resources,Medium,Single,4886,73290,1,0,48,Good,High,1,6,2,Good,1,1,1,1,Senior,Lille
60,Yes,Travel_Frequently,582,Support,40,Below College,Human Resources,Low,Femme,190,High,5,Sales Executive,Medium,Single,3699,11097,6,0,14,Outstanding,High,1,1,5,Bad,1,1,1,1,Senior,Grenoble
24,No,Non-Travel,528,Sales,41,Doctor,Human Resources,High,Femme,41,Medium,5,Research Director,Very High,Married,11129,166935,2,0,7,Outstanding,Medium,3,12,5,Better,5,5,5,5,Jeune,Lyon
22,No,Travel_Frequently,1161,Human Resources,11,Master,Technical Degree,Medium,Homme,113,High,1,Manufacturing Director,Medium,Married,18856,113136,2,0,21,Excellent,Low,2,36,1,Bad,15,10,7,11,Jeune,Marseille
41,Yes,Travel_Frequently,456,Human Resources,38,Below College,Medical,High,Femme,163,Medium,3,Sales Executive,Low,Single,31613,347743,8,1,8,Outstanding,High,3,10,5,Bad,2,2,2,1,Adulte,Marseille
18,No,Non-Travel,920,Software,44,Below College,Life Sciences,High,Homme,62,Very High,5,Human Resources,Low,Divorced,41700,708900,8,1,29,Outstanding,High,1,24,3,Good,20,10,3,11,Jeune,Nantes
45,Yes,Non-Travel,505,Hardware,45,Below College,Marketing,Low,Femme,140,High,4,Manager,Medium,Married,22213,577538,8,1,36,Good,Low,1,20,6,Good,18,15,4,17,Adulte,Lille
44,No,Travel_Frequently,1070,Support,8,Below College,Life Sciences,Very High,Femme,182,Very High,1,Healthcare Representative,Medium,Married,35782,357820,2,1,17,Good,Low,2,28,1,Best,20,13,3,14,Adulte,Grenoble
50,No,Travel_Rarely,1294,Software,50,College,Life Sciences,Very High,Femme,139,High,3,Laboratory Technician,Very High,Married,3104,80704,6,1,0,Bad,Very High,3,4,4,Better,3,1,1,1,Senior,Nantes
52,No,Travel_Frequently,657,Research & Development,34,Below College,Marketing,High,Homme,132,Medium,5,Human Resources,Medium,Married,7675,15350,7,0,8,Outstanding,Very High,1,15,1,Good,11,1,11,10,Senior,Paris
31,No,Travel_Frequently,570,Hardware,50,Doctor,Marketing,Low,Homme,186,Very High,4,Manufacturing Director,Medium,Divorced,8633,164027,4,1,18,Outstanding,Low,2,28,1,Good,5,4,3,4,Adulte,Lille
37,No,Travel_Rarely,1036,Software,50,Below College,Technical Degree,Low,Homme,142,Medium,5,Manager,Very High,Divorced,49723,1193352,5,0,37,Bad,High,3,1,4,Better,1,1,1,1,Adulte,Nantes
21,Yes,Non-Travel,616,Human Resources,32,Doctor,Life Sciences,Low,Femme,57,Medium,4,Research Scientist,Medium,Divorced,36616,476008,0,0,12,Excellent,High,3,28,6,Better,4,1,1,2,Jeune,Marseille
42,No,Non-Travel,748,Sales,35,Below College,Technical Degree,High,Homme,160,Medium,3,Sales Executive,Very High,Married,7981,95772,3,0,3,Good,Very High,1,38,6,Good,3,2,2,1,Adulte,Lyon
41,Yes,Travel_Frequently,1355,Human Resources,4,Master,Human Resources,High,Homme,178,Very High,4,Sales Executive,Medium,Divorced,14232,42696,4,1,42,Excellent,Medium,2,28,5,Best,7,7,5,7,Adulte,Marseille
24,No,Non-Travel,531,Hardware,34,Doctor,Other,Very High,Femme,191,Medium,4,Research Scientist,Low,Divorced,36299,871176,7,0,45,Outstanding,High,4,8,6,Better,2,2,1,1,Jeune,Lille
57,Yes,Travel_Rarely,103,Software,20,Master,Other,Medium,Homme,164,Very High,2,Research Scientist,Low,Single,10200,244800,3,1,1,Bad,High,2,7,1,Best,2,1,2,2,Senior,Nantes
54,Yes,Non-Travel,751,Research & Development,24,Master,Medical,Very High,Homme,128,High,2,Manufacturing Director,Very High,Divorced,9962,219164,7,1,6,Excellent,High,1,24,1,Bad,2,2,1,2,Senior,Paris
47,No,Travel_Frequently,1100,Software,36,Doctor,Human Resources,High,Homme,61,Very High,4,Research Scientist,Very High,Single,35443,460759,3,0,7,Bad,High,4,35,6,Best,30,19,11,13,Senior,Nantes
26,No,Travel_Frequently,467,Support,22,Bachelor,Technical Degree,High,Homme,197,High,2,Manufacturing Director,Very High,Married,34850,697000,6,1,15,Outstanding,Medium,3,37,5,Bad,23,23,13,13,Jeune,Grenoble
52,Yes,Travel_Frequently,435,Software,24,Master,Technical Degree,Medium,Femme,157,Very High,1,Manufacturing Director,High,Married,36912,664416,4,0,12,Excellent,High,2,19,4,Good,3,1,2,2,Senior,Nantes
51,No,Travel_Frequently,736,Hardware,42,Below College,Technical Degree,High,Homme,84,Low,4,Research Scientist,Low,Single,50539,101078,3,0,45,Excellent,High,1,36,3,Best,31,9,1,2,Senior,Lille
48,No,Travel_Rarely,618,Human Resources,50,Master,Technical Degree,Low,Homme,66,Medium,1,Sales Executive,Low,Divorced,1756,42144,0,1,38,Bad,Low,4,11,3,Best,4,4,3,4,Senior,Marseille
53,Yes,Travel_Frequently,1071,Support,7,College,Medical,Medium,Femme,153,High,2,Manufacturing Director,Medium,Single,38282,535948,8,1,8,Outstanding,Low,4,27,4,Best,11,1,6,7,Senior,Grenoble
22,Yes,Non-Travel,121,Hardware,11,Bachelor,Life Sciences,Very High,Femme,52,Medium,5,Sales Representative,Very High,Married,1540,10780,7,0,3,Bad,Very High,2,37,5,Bad,20,19,12,4,Jeune,Lille
40,Yes,Non-Travel,737,Software,18,Doctor,Life Sciences,Very High,Homme,187,High,2,Manager,High,Single,7311,190086,0,1,44,Bad,Medium,3,25,3,Best,15,9,4,11,Adulte,Nantes
60,Yes,Travel_Rarely,207,Human Resources,35,Master,Other,Low,Femme,66,Very High,2,Sales Representative,Medium,Single,18684,448416,6,1,19,Bad,Low,3,1,3,Bad,1,1,1,1,Senior,Marseille
21,No,Non-Travel,119,Human Resources,42,Below College,Life Sciences,High,Femme,164,Medium,1,Healthcare Representative,High,Divorced,45406,1362180,1,0,17,Bad,Low,2,5,5,Good,3,1,3,3,Jeune,Marseille
23,Yes,Non-Travel,302,Sales,40,College,Human Resources,Low,Femme,78,Low,2,Sales Executive,High,Single,9819,225837,8,0,23,Excellent,Very High,2,17,3,Better,7,6,7,1,Jeune,Lyon
57,No,Non-Travel,551,Research & Development,6,College,Technical Degree,High,Homme,122,Medium,1,Research Scientist,Medium,Divorced,32142,257136,8,0,41,Good,Very High,1,38,6,Good,34,25,24,27,Senior,Paris
40,No,Non-Travel,1120,Hardware,38,College,Marketing,Very High,Homme,169,Very High,3,Manager,Low,Divorced,23238,116190,3,1,37,Good,High,1,36,6,Bad,13,8,11,1,Adulte,Lille
21,Yes,Non-Travel,1311,Sales,35,College,Marketing,Very High,Femme,135,High,4,Human Resources,Low,Divorced,25788,593124,7,1,14,Bad,Medium,4,4,4,Good,4,3,4,1,Jeune,Lyon
26,No,Travel_Rarely,1485,Research & Development,17,College,Marketing,Low,Femme,97,Medium,2,Research Director,Low,Single,50148,501480,0,0,21,Bad,Low,1,16,5,Better,2,1,1,2,Jeune,Paris
33,No,Non-Travel,1297,Hardware,36,Doctor,Life Sciences,Low,Femme,87,Medium,2,Research Scientist,Medium,Divorced,47258,94516,0,0,23,Good,Low,1,35,1,Bad,17,15,16,7,Adulte,Lille
27,No,Travel_Frequently,376,Human Resources,45,Master,Other,Low,Femme,164,Medium,1,Developer,High,Divorced,1887,35853,2,0,31,Excellent,Medium,2,8,5,Bad,2,2,1,2,Jeune,Marseille
46,Yes,Travel_Frequently,595,Sales,3,Doctor,Marketing,High,Femme,186,Very High,1,Research Director,Low,Married,47088,565056,8,0,17,Excellent,High,2,21,6,Best,17,1,10,16,Senior,Lyon
28,Yes,Travel_Frequently,632,Sales,12,Below College,Technical Degree,Low,Femme,91,Medium,3,Sales Executive,Medium,Single,17812,338428,6,0,3,Excellent,Medium,3,24,6,Better,16,4,9,5,Jeune,Lyon
19,Yes,Non-Travel,316,Hardware,19,Bachelor,Life Sciences,High,Femme,118,Low,1,Laboratory Technician,Medium,Married,3840,49920,4,0,25,Outstanding,Medium,4,35,5,Best,3,3,2,3,Jeune,Lille
40,No,Non-Travel,1331,Sales,29,Bachelor,Human Resources,Very High,Femme,200,Very High,2,Research Scientist,Medium,Divorced,21035,105175,3,0,20,Outstanding,Very High,4,33,2,Better,33,12,30,5,Adulte,Lyon
19,Yes,Non-Travel,854,Hardware,41,Below College,Other,Medium,Homme,80,Medium,4,Healthcare Representative,High,Single,14906,104342,4,0,16,Good,High,4,28,5,Bad,9,5,7,4,Jeune,Lille
39,No,Travel_Rarely,1205,Support,29,College,Technical Degree,Very High,Femme,180,Medium,3,Developer,Medium,Single,1701,40824,3,1,7,Bad,Medium,2,21,6,Best,9,4,1,5,Adulte,Grenoble
32,No,Non-Travel,424,Support,32,Below College,Other,Low,Homme,142,Medium,5,Developer,High,Married,3118,43652,1,0,32,Outstanding,High,1,33,3,Better,15,4,7,6,Adulte,Grenoble
29,Yes,Travel_Rarely,788,Sales,4,Below College,Marketing,Medium,Homme,141,Medium,2,Healthcare Representative,Low,Married,19987,179883,3,1,24,Outstanding,Very High,3,30,3,Good,4,1,1,1,Jeune,Lyon
59,Yes,Travel_Rarely,328,Support,2,Master,Technical Degree,High,Femme,68,Very High,5,Healthcare Representative,Very High,Married,25125,175875,4,0,16,Bad,Very High,1,38,5,Bad,30,14,16,28,Senior,Grenoble
39,Yes,Travel_Rarely,1156,Software,4,Below College,Marketing,Low,Homme,177,Low,5,Research Director,Medium,Married,33524,368764,8,1,37,Outstanding,Low,4,29,3,Best,20,15,17,14,Adulte,Nantes
38,No,Travel_Rarely,1318,Sales,44,Master,Human Resources,Medium,Homme,66,High,2,Developer,Low,Single,29963,209741,3,1,8,Good,Very High,4,7,5,Bad,7,2,2,3,Adulte,Lyon
51,Yes,Non-Travel,268,Sales,5,Bachelor,Human Resources,Medium,Femme,164,Very High,4,Research Director,Very High,Divorced,16414,492420,6,1,11,Bad,Medium,2,18,5,Bad,4,1,4,1,Senior,Lyon
58,Yes,Travel_Frequently,993,Research & Development,40,College,Human Resources,Medium,Femme,60,Very High,2,Human Resources,Very High,Divorced,28756,862680,8,0,37,Good,Medium,1,12,2,Bad,1,1,1,1,Senior,Paris
30,No,Non-Travel,865,Software,3,Bachelor,Other,Very High,Homme,195,High,5,Healthcare Representative,Low,Married,49534,891612,4,0,19,Outstanding,Medium,4,29,3,Good,4,4,4,3,Jeune,Nantes
37,Yes,Travel_Frequently,1121,Human Resources,21,Doctor,Other,Very High,Femme,90,High,3,Manager,Medium,Single,48986,146958,5,1,22,Excellent,High,2,16,6,Good,1,1,1,1,Adulte,Marseille
30,No,Travel_Rarely,822,Hardware,12,Bachelor,Medical,High,Femme,30,Medium,2,Sales Representative,Low,Married,24327,194616,2,0,4,Bad,Low,4,36,2,Best,6,5,5,6,Jeune,Lille
53,Yes,Travel_Rarely,489,Support,16,College,Other,Very High,Homme,44,Low,4,Sales Executive,Medium,Single,9279,55674,8,0,27,Outstanding,Medium,4,24,5,Better,15,14,2,14,Senior,Grenoble
58,No,Non-Travel,231,Research & Development,38,Bachelor,Marketing,Low,Femme,120,Low,1,Research Director,Medium,Divorced,14743,442290,0,0,5,Bad,Medium,3,32,3,Best,22,3,18,18,Senior,Paris
30,Yes,Non-Travel,1098,Software,40,Master,Life Sciences,Medium,Homme,199,High,2,Human Resources,High,Married,13125,13125,2,0,2,Outstanding,High,2,25,2,Good,8,3,7,8,Jeune,Nantes
37,No,Travel_Rarely,998,Support,3,Below College,Human Resources,High,Femme,102,High,3,Manufacturing Director,Medium,Single,34544,690880,7,1,48,Outstanding,High,2,26,2,Best,9,7,8,7,Adulte,Grenoble
45,No,Travel_Rarely,1201,Hardware,13,Bachelor,Life Sciences,Low,Homme,194,High,4,Research Scientist,Very High,Divorced,22490,157430,2,1,44,Excellent,High,4,33,5,Best,24,1,14,12,Adulte,Lille
30,No,Non-Travel,318,Research & Development,44,College,Technical Degree,Very High,Homme,134,Low,2,Human Resources,Low,Married,9640,67480,3,1,4,Bad,High,4,14,4,Bad,10,2,1,2,Jeune,Paris
29,Yes,Travel_Frequently,897,Sales,4,Below College,Life Sciences,Medium,Femme,40,High,2,Research Director,Medium,Single,34742,486388,3,1,34,Excellent,Low,2,24,1,Good,9,9,9,9,Jeune,Lyon
31,Yes,Travel_Rarely,754,Human Resources,7,Doctor,Marketing,Low,Homme,197,High,2,Human Resources,Very High,Married,7657,107198,6,1,36,Outstanding,Low,4,6,2,Bad,1,1,1,1,Adulte,Marseille
41,No,Non-Travel,1483,Software,23,Bachelor,Other,Very High,Homme,180,Medium,1,Manager,High,Divorced,48842,1318734,2,0,42,Good,Very High,3,23,3,Good,6,5,6,3,Adulte,Nantes
55,No,Travel_Frequently,1137,Support,19,Below College,Life Sciences,High,Homme,100,Very High,3,Developer,Medium,Single,29413,852977,0,0,11,Outstanding,Low,3,17,3,Best,15,6,5,9,Senior,Grenoble
53,Yes,Travel_Frequently,1161,Software,40,Below College,Technical Degree,Medium,Femme,46,Medium,1,Sales Representative,Medium,Divorced,19218,172962,8,0,43,Excellent,Very High,3,33,1,Bad,18,7,18,18,Senior,Nantes
30,No,Non-Travel,129,Research & Development,32,Doctor,Technical Degree,High,Homme,174,Very High,4,Research Scientist,High,Single,29503,383539,5,1,11,Outstanding,Very High,4,17,2,Bad,2,1,1,1,Jeune,Paris
26,No,Non-Travel,1237,Hardware,32,Doctor,Human Resources,Medium,Femme,47,High,5,Laboratory Technician,High,Divorced,8290,174090,4,1,24,Excellent,High,3,36,6,Best,4,4,4,4,Jeune,Lille
25,Yes,Travel_Frequently,1192,Hardware,25,Master,Life Sciences,Low,Femme,174,Very High,3,Research Director,Very High,Single,45665,502315,4,0,16,Outstanding,High,4,11,4,Bad,7,6,5,2,Jeune,Lille
31,Yes,Travel_Frequently,873,Sales,41,College,Medical,Very High,Femme,33,Very High,5,Research Scientist,Very High,Married,11045,22090,6,1,21,Excellent,Very High,1,38,1,Bad,10,5,5,1,Adulte,Lyon
45,Yes,Travel_Frequently,1056,Sales,42,Doctor,Marketing,Medium,Homme,63,Very High,1,Manufacturing Director,Low,Single,29131,699144,2,0,11,Excellent,Very High,4,35,5,Bad,34,10,12,22,Adulte,Lyon
29,No,Travel_Rarely,845,Research & Development,33,Below College,Technical Degree,High,Homme,119,Low,2,Research Scientist,Low,Married,37636,150544,3,0,10,Outstanding,Medium,2,15,4,Best,7,3,5,2,Jeune,Paris
27,No,Travel_Rarely,170,Research & Development,5,College,Other,Medium,Femme,98,Medium,1,Research Scientist,Very High,Divorced,30635,520795,7,0,6,Bad,Low,4,19,4,Best,19,15,10,18,Jeune,Paris
27,No,Non-Travel,669,Human Resources,27,College,Medical,Low,Femme,60,Very High,4,Manager,Medium,Divorced,2418,26598,1,0,22,Outstanding,Very High,3,21,1,Bad,4,1,4,1,Jeune,Marseille
21,Yes,Travel_Rarely,1123,Support,5,Bachelor,Marketing,Medium,Homme,61,High,5,Developer,Medium,Divorced,9274,92740,4,0,47,Bad,High,2,16,2,Better,11,11,1,7,Jeune,Grenoble
29,No,Travel_Rarely,443,Sales,36,Bachelor,Other,Very High,Homme,86,Low,4,Research Scientist,Very High,Married,30370,212590,6,1,9,Outstanding,High,4,12,6,Bad,9,5,6,1,Jeune,Lyon
22,No,Travel_Rarely,583,Hardware,11,College,Marketing,Very High,Homme,77,Very High,3,Laboratory Technician,Medium,Divorced,43913,483043,2,1,46,Good,Low,1,8,4,Better,3,3,3,2,Jeune,Lille
45,Yes,Travel_Frequently,880,Research & Development,26,Bachelor,Technical Degree,High,Homme,140,Low,5,Manufacturing Director,Low,Single,4334,99682,1,0,24,Good,Low,3,37,6,Better,4,2,4,2,Adulte,Paris
39,No,Travel_Frequently,296,Hardware,5,Master,Medical,High,Femme,63,High,4,Research Director,High,Married,39312,904176,0,0,25,Bad,Low,3,31,2,Best,24,24,14,14,Adulte,Lille
41,No,Travel_Frequently,951,Hardware,8,Below College,Marketing,Medium,Femme,188,Low,3,Manufacturing Director,Medium,Married,39016,702288,6,0,13,Bad,High,1,14,4,Best,10,7,1,9,Adulte,Lille
25,Yes,Travel_Frequently,1355,Sales,41,Master,Marketing,Very High,Femme,152,Medium,5,Human Resources,Medium,Divorced,31665,474975,4,0,13,Good,Low,4,22,4,Best,13,12,7,2,Jeune,Lyon
54,No,Travel_Frequently,1344,Hardware,3,Master,Marketing,Medium,Femme,161,High,4,Research Director,Very High,Married,30180,573420,8,1,0,Bad,Medium,2,15,1,Best,8,4,6,3,Senior,Lille
27,No,Travel_Rarely,982,Research & Development,9,Bachelor,Life Sciences,Low,Femme,79,Low,2,Healthcare Representative,Medium,Single,10747,193446,8,0,44,Excellent,High,3,8,6,Bad,3,1,3,1,Jeune,Paris
45,Yes,Travel_Rarely,1249,Hardware,6,College,Technical Degree,Low,Homme,51,High,1,Research Scientist,Medium,Single,39975,399750,0,1,48,Outstanding,Low,3,14,1,Best,8,7,6,5,Adulte,Lille
23,Yes,Travel_Rarely,163,Support,42,College,Marketing,Medium,Homme,134,Medium,2,Sales Executive,Medium,Divorced,38344,805224,8,1,45,Good,Low,2,16,3,Bad,9,6,1,8,Jeune,Grenoble
32,No,Non-Travel,155,Hardware,15,Master,Technical Degree,Very High,Femme,196,Medium,4,Human Resources,Medium,Single,41832,585648,6,1,49,Excellent,Very High,2,22,5,Best,4,2,2,3,Adulte,Lille
32,No,Travel_Rarely,1442,Hardware,2,College,Human Resources,Very High,Femme,198,Very High,4,Laboratory Technician,Very High,Divorced,5167,134342,1,0,0,Outstanding,High,3,13,5,Best,10,8,4,6,Adulte,Lille
52,No,Travel_Frequently,1307,Hardware,40,Bachelor,Marketing,Medium,Femme,121,Very High,4,Sales Executive,Medium,Divorced,10869,130428,5,1,40,Outstanding,High,3,11,6,Better,4,1,1,2,Senior,Lille
43,No,Non-Travel,333,Research & Development,25,Below College,Life Sciences,High,Femme,96,Medium,2,Manager,High,Divorced,30917,340087,8,0,4,Excellent,High,3,15,4,Best,14,12,11,5,Adulte,Paris
55,No,Travel_Frequently,1168,Support,19,Master,Marketing,Very High,Homme,165,Low,3,Sales Representative,Medium,Married,8243,74187,5,0,43,Good,Medium,1,7,1,Bad,1,1,1,1,Senior,Grenoble
27,Yes,Non-Travel,760,Sales,32,Below College,Other,Very High,Homme,65,Medium,5,Developer,Very High,Single,24717,271887,4,1,6,Excellent,High,3,4,2,Better,1,1,1,1,Jeune,Lyon
51,No,Travel_Rarely,1464,Sales,37,Doctor,Marketing,Very High,Femme,72,Very High,1,Manufacturing Director,Low,Divorced,20382,244584,5,0,39,Good,Very High,1,24,3,Best,5,2,2,1,Senior,Lyon
52,No,Travel_Frequently,1273,Hardware,46,College,Life Sciences,Very High,Femme,48,Low,2,Manufacturing Director,Medium,Divorced,35575,426900,5,0,49,Excellent,Very High,1,1,6,Good,1,1,1,1,Senior,Lille
60,No,Non-Travel,849,Research & Development,49,Below College,Technical Degree,Medium,Femme,60,Very High,4,Research Scientist,High,Single,26541,371574,8,0,38,Bad,Low,3,37,1,Best,8,7,6,7,Senior,Paris
39,Yes,Travel_Frequently,1356,Human Resources,23,Doctor,Other,Very High,Femme,121,High,1,Manager,Very High,Single,35069,70138,1,0,17,Bad,Low,3,15,1,Good,3,2,1,3,Adulte,Marseille
55,Yes,Non-Travel,654,Research & Development,24,Master,Technical Degree,High,Homme,164,Low,5,Healthcare Representative,High,Married,30610,275490,0,0,12,Good,Low,2,33,6,Bad,21,19,9,20,Senior,Paris
43,Yes,Travel_Frequently,470,Research & Development,40,Doctor,Medical,Low,Femme,166,Medium,4,Sales Representative,Low,Single,36959,184795,5,1,24,Outstanding,Very High,4,17,5,Best,2,1,1,1,Adulte,Paris
46,No,Travel_Rarely,681,Support,49,Master,Technical Degree,Medium,Femme,39,Medium,3,Developer,Low,Married,5623,112460,2,1,42,Bad,High,1,23,5,Bad,17,2,16,2,Senior,Grenoble
21,No,Travel_Rarely,654,Software,38,Doctor,Marketing,High,Femme,147,Very High,3,Manager,Medium,Divorced,20888,543088,6,1,30,Bad,Very High,2,15,3,Best,13,4,2,12,Jeune,Nantes
29,No,Non-Travel,585,Human Resources,19,College,Technical Degree,Medium,Femme,68,Very High,3,Research Scientist,Medium,Married,11898,214164,4,1,44,Outstanding,Medium,4,10,6,Good,6,5,6,4,Jeune,Marseille
44,Yes,Travel_Frequently,1427,Support,27,Doctor,Life Sciences,Very High,Homme,49,Medium,4,Healthcare Representative,Low,Divorced,39877,917171,1,1,4,Bad,Very High,1,30,6,Bad,22,4,2,19,Adulte,Grenoble
26,No,Travel_Rarely,317,Sales,28,Below College,Life Sciences,Low,Femme,45,Medium,3,Manager,Low,Single,12246,24492,4,1,49,Excellent,High,3,22,6,Better,18,9,6,8,Jeune,Lyon
44,No,Travel_Rarely,1298,Sales,23,Bachelor,Marketing,Very High,Femme,73,High,3,Human Resources,Medium,Divorced,3800,45600,3,1,33,Bad,Low,4,24,6,Bad,11,6,6,5,Adulte,Lyon
39,Yes,Travel_Rarely,468,Support,35,College,Marketing,High,Femme,141,Very High,4,Research Scientist,High,Single,20188,343196,8,0,6,Bad,Very High,3,1,6,Best,1,1,1,1,Adulte,Grenoble
57,Yes,Travel_Rarely,954,Support,24,Below College,Marketing,Low,Homme,53,High,3,Manufacturing Director,Medium,Divorced,43518,957396,3,1,13,Outstanding,Low,1,15,4,Bad,12,7,5,6,Senior,Grenoble
35,Yes,Travel_Rarely,884,Support,15,College,Technical Degree,Very High,Femme,161,Low,2,Manager,Medium,Single,29622,740550,3,0,37,Outstanding,Medium,4,17,6,Bad,16,7,9,11,Adulte,Grenoble
60,No,Travel_Rarely,712,Hardware,42,College,Marketing,Very High,Femme,146,Very High,5,Laboratory Technician,Very High,Divorced,22866,160062,5,0,27,Good,Very High,3,37,4,Good,13,6,6,3,Senior,Lille
32,No,Travel_Rarely,493,Software,5,Doctor,Human Resources,Very High,Femme,172,Very High,1,Developer,Low,Married,36862,36862,7,0,25,Good,Low,4,22,2,Best,13,1,8,3,Adulte,Nantes
40,No,Non-Travel,610,Support,28,Master,Technical Degree,Medium,Homme,124,Low,4,Sales Representative,Low,Divorced,28179,563580,2,0,41,Excellent,High,2,4,6,Bad,3,2,3,2,Adulte,Grenoble
21,No,Non-Travel,229,Research & Development,39,Below College,Life Sciences,Low,Femme,144,High,4,Research Director,Very High,Married,28512,826848,6,0,26,Good,Very High,2,1,4,Best,1,1,1,1,Jeune,Paris
26,No,Travel_Rarely,625,Human Resources,45,College,Technical Degree,Medium,Femme,116,Very High,2,Human Resources,Medium,Married,27546,303006,6,0,7,Outstanding,High,2,39,4,Good,1,1,1,1,Jeune,Marseille
51,No,Travel_Rarely,1461,Software,2,Bachelor,Life Sciences,Low,Homme,50,Medium,1,Developer,High,Married,21084,84336,6,1,32,Good,Very High,3,34,4,Best,11,7,3,8,Senior,Nantes
42,No,Travel_Frequently,293,Human Resources,48,College,Medical,Medium,Homme,190,Very High,5,Human Resources,High,Married,4476,53712,0,1,37,Good,Low,3,24,3,Best,13,10,13,12,Adulte,Marseille
42,No,Travel_Rarely,1135,Software,11,Doctor,Technical Degree,High,Homme,34,Very High,5,Manufacturing Director,Low,Divorced,50820,101640,6,1,46,Bad,Very High,2,16,1,Good,9,1,8,3,Adulte,Nantes
43,No,Travel_Frequently,126,Support,34,Master,Marketing,Medium,Homme,174,High,4,Sales Representative,Very High,Single,33168,796032,7,0,2,Bad,Very High,4,30,1,Good,8,6,8,4,Adulte,Grenoble
33,Yes,Travel_Frequently,554,Research & Development,41,Bachelor,Marketing,Very High,Homme,137,Very High,2,Research Scientist,Very High,Single,24644,345016,7,1,9,Excellent,Medium,1,19,6,Bad,4,3,4,3,Adulte,Paris
35,No,Non-Travel,580,Sales,15,College,Technical Degree,Low,Homme,104,High,3,Manager,Very High,Single,25067,125335,4,1,2,Bad,High,3,7,3,Best,5,5,2,1,Adulte,Lyon
52,No,Travel_Rarely,260,Software,27,Master,Life Sciences,Medium,Homme,118,Medium,4,Research Director,Very High,Divorced,5686,142150,0,1,27,Excellent,Low,1,17,5,Best,12,11,11,8,Senior,Nantes
19,No,Travel_Frequently,290,Hardware,47,Below College,Technical Degree,Low,Femme,49,Very High,5,Developer,Very High,Divorced,38899,622384,1,1,31,Good,Very High,2,15,3,Bad,9,8,3,7,Jeune,Lille
48,No,Non-Travel,1475,Software,30,Doctor,Medical,Very High,Femme,145,High,3,Sales Executive,Medium,Married,19306,231672,8,0,7,Bad,Medium,4,23,3,Bad,22,19,4,22,Senior,Nantes
27,Yes,Travel_Rarely,1219,Support,40,College,Human Resources,Low,Femme,124,Very High,5,Sales Executive,Low,Single,8870,70960,4,1,7,Bad,Low,1,28,6,Bad,14,4,1,6,Jeune,Grenoble
33,Yes,Non-Travel,1254,Human Resources,28,College,Life Sciences,Low,Homme,83,High,4,Human Resources,High,Married,28079,280790,7,0,37,Outstanding,Low,4,16,1,Best,12,12,9,4,Adulte,Marseille
48,No,Travel_Frequently,735,Sales,5,Master,Life Sciences,Low,Femme,35,Medium,5,Research Scientist,High,Single,8213,164260,4,1,24,Good,High,4,14,6,Good,14,8,10,7,Senior,Lyon
31,Yes,Travel_Frequently,1116,Human Resources,40,Master,Technical Degree,Low,Femme,103,High,1,Laboratory Technician,High,Single,36646,806212,6,1,21,Outstanding,High,3,4,1,Bad,2,2,1,2,Adulte,Marseille
45,No,Travel_Rarely,1367,Support,47,Master,Technical Degree,Medium,Homme,87,Very High,2,Human Resources,Medium,Single,27781,722306,3,0,13,Good,Very High,2,37,1,Better,7,1,2,4,Adulte,Grenoble
60,No,Non-Travel,197,Software,24,Bachelor,Technical Degree,Low,Femme,94,Low,2,Research Scientist,Medium,Single,49895,1247375,5,1,48,Outstanding,High,2,36,3,Better,15,8,3,9,Senior,Nantes
51,No,Travel_Frequently,744,Human Resources,23,Doctor,Technical Degree,High,Homme,174,Medium,1,Sales Representative,Medium,Married,11859,343911,8,0,48,Excellent,High,2,36,1,Bad,29,6,24,2,Senior,Marseille
46,Yes,Non-Travel,390,Hardware,32,Below College,Human Resources,High,Femme,174,Very High,3,Developer,Very High,Married,20398,305970,6,1,31,Excellent,High,1,18,3,Best,13,10,9,13,Senior,Lille
51,No,Travel_Rarely,184,Support,9,Doctor,Technical Degree,Very High,Homme,143,High,3,Research Scientist,Very High,Married,5894,159138,6,0,9,Excellent,Low,2,36,6,Best,25,7,11,11,Senior,Grenoble
27,No,Non-Travel,818,Sales,32,Below College,Medical,High,Homme,31,High,1,Research Scientist,Medium,Divorced,33544,771512,5,0,3,Good,Low,2,3,3,Better,1,1,1,1,Jeune,Lyon
47,No,Non-Travel,726,Hardware,24,College,Life Sciences,High,Femme,169,Low,3,Research Scientist,High,Married,33329,266632,8,0,4,Bad,Medium,3,17,4,Better,1,1,1,1,Senior,Lille
35,Yes,Travel_Rarely,1412,Human Resources,5,Doctor,Life Sciences,Medium,Femme,170,Very High,4,Developer,Low,Single,41300,247800,5,1,4,Outstanding,Medium,3,7,3,Better,1,1,1,1,Adulte,Marseille
39,No,Non-Travel,571,Support,3,Master,Life Sciences,Very High,Homme,186,Medium,1,Laboratory Technician,Low,Single,31219,561942,7,0,10,Excellent,High,4,32,5,Good,21,21,2,11,Adulte,Grenoble
32,No,Non-Travel,636,Human Resources,22,Master,Medical,High,Femme,138,High,5,Developer,Low,Married,18049,18049,5,0,0,Good,Low,2,1,1,Bad,1,1,1,1,Adulte,Marseille
34,No,Travel_Rarely,1235,Support,30,Master,Life Sciences,High,Homme,190,High,1,Manufacturing Director,Very High,Divorced,36831,773451,3,0,31,Good,Low,4,22,4,Good,13,8,2,8,Adulte,Grenoble
59,No,Non-Travel,820,Human Resources,48,Below College,Marketing,Low,Femme,140,Low,2,Manager,Low,Married,24433,708557,7,0,8,Good,Low,1,4,2,Bad,3,2,2,1,Senior,Marseille
53,Yes,Travel_Rarely,663,Research & Development,23,Bachelor,Human Resources,Medium,Femme,164,Medium,4,Research Director,Medium,Single,29901,687723,7,1,24,Excellent,Medium,2,30,3,Bad,23,16,3,4,Senior,Paris
36,No,Travel_Frequently,1267,Research & Development,33,Doctor,Human Resources,Medium,Femme,179,Low,5,Manufacturing Director,High,Divorced,27638,248742,8,1,39,Bad,High,4,16,5,Bad,2,1,1,1,Adulte,Paris
59,Yes,Travel_Frequently,932,Research & Development,6,Master,Human Resources,High,Femme,192,Low,1,Manufacturing Director,Low,Single,47750,1002750,2,0,22,Bad,Very High,4,5,1,Good,2,1,2,1,Senior,Paris
34,Yes,Travel_Rarely,261,Human Resources,7,Bachelor,Other,Low,Femme,141,Very High,1,Developer,Very High,Married,39070,390700,5,1,44,Outstanding,High,4,23,4,Best,9,6,4,5,Adulte,Marseille
50,Yes,Travel_Frequently,1067,Software,7,Bachelor,Human Resources,High,Homme,101,Very High,5,Human Resources,Low,Married,2936,70464,1,0,17,Good,Very High,1,8,6,Better,3,2,1,3,Senior,Nantes
60,No,Travel_Rarely,880,Hardware,45,College,Human Resources,Medium,Femme,169,Low,1,Healthcare Representative,Low,Married,42839,1242331,8,0,30,Good,Medium,3,18,4,Best,6,2,6,5,Senior,Lille
44,Yes,Travel_Frequently,505,Human Resources,16,College,Life Sciences,Low,Homme,125,Low,2,Human Resources,Medium,Divorced,45626,547512,2,1,7,Outstanding,Very High,3,25,1,Better,20,19,13,13,Adulte,Marseille
29,Yes,Travel_Frequently,413,Human Resources,20,Doctor,Other,Low,Homme,52,Low,3,Sales Executive,Low,Divorced,1015,2030,7,0,28,Outstanding,High,2,1,4,Good,1,1,1,1,Jeune,Marseille
24,Yes,Travel_Rarely,1253,Hardware,30,Master,Medical,High,Femme,159,Very High,4,Sales Representative,High,Divorced,25395,507900,6,0,7,Outstanding,Medium,1,15,2,Good,3,1,1,1,Jeune,Lille
38,No,Travel_Rarely,996,Sales,17,Bachelor,Human Resources,Low,Femme,128,High,2,Human Resources,Medium,Single,34069,1022070,2,0,14,Outstanding,High,2,4,3,Good,4,3,3,4,Adulte,Lyon
43,Yes,Travel_Rarely,1333,Human Resources,47,Master,Other,Very High,Homme,185,High,2,Sales Representative,Low,Divorced,19615,235380,6,1,46,Excellent,Very High,2,30,1,Best,8,7,2,4,Adulte,Marseille
25,No,Travel_Rarely,966,Software,7,Below College,Medical,High,Homme,121,Low,3,Sales Executive,Very High,Single,37451,224706,2,1,49,Outstanding,Medium,3,31,3,Bad,17,4,10,3,Jeune,Nantes
22,Yes,Non-Travel,497,Hardware,2,Master,Human Resources,Very High,Femme,56,High,3,Sales Representative,Medium,Married,8139,24417,8,1,13,Outstanding,High,2,40,4,Best,26,9,19,10,Jeune,Lille
26,Yes,Travel_Frequently,1043,Software,33,College,Technical Degree,High,Femme,44,Very High,3,Human Resources,Medium,Divorced,7735,30940,6,1,49,Bad,High,4,14,6,Best,13,1,13,6,Jeune,Nantes
45,Yes,Travel_Frequently,297,Human Resources,40,College,Technical Degree,Low,Homme,88,Very High,4,Healthcare Representative,High,Single,36462,656316,1,0,31,Bad,Medium,1,11,5,Better,6,2,6,6,Adulte,Marseille
23,Yes,Travel_Rarely,950,Hardware,23,Bachelor,Other,Very High,Femme,176,High,1,Research Director,Medium,Single,14279,199906,4,1,34,Bad,Low,3,3,5,Better,2,2,1,1,Jeune,Lille
30,Yes,Travel_Rarely,571,Research & Development,36,Doctor,Life Sciences,Very High,Homme,70,Very High,3,Manufacturing Director,High,Married,22040,198360,8,1,13,Outstanding,High,1,9,6,Best,1,1,1,1,Jeune,Paris
44,Yes,Travel_Frequently,261,Research & Development,16,College,Life Sciences,High,Femme,56,Medium,2,Research Scientist,High,Married,14823,266814,4,0,0,Good,Very High,3,4,6,Best,2,1,2,2,Adulte,Paris
45,Yes,Travel_Frequently,355,Sales,40,Below College,Other,Medium,Homme,92,Very High,1,Healthcare Representative,High,Single,20969,314535,2,1,11,Bad,Very High,3,6,2,Bad,3,1,3,2,Adulte,Lyon
34,No,Travel_Rarely,813,Software,32,Bachelor,Medical,High,Femme,89,Medium,1,Developer,Low,Divorced,25969,727132,3,1,22,Excellent,Low,2,17,5,Best,11,9,9,10,Adulte,Nantes
49,Yes,Non-Travel,381,Support,25,Master,Life Sciences,High,Homme,32,Very High,1,Human Resources,Very High,Divorced,34697,693940,1,1,18,Outstanding,Very High,4,39,5,Better,35,25,24,20,Senior,Grenoble
45,No,Non-Travel,1351,Software,5,Doctor,Life Sciences,Low,Homme,158,Low,5,Laboratory Technician,Very High,Married,21991,329865,4,0,6,Outstanding,Low,3,35,6,Good,8,1,6,6,Adulte,Nantes
34,Yes,Travel_Frequently,449,Sales,50,Master,Medical,Medium,Homme,180,Medium,1,Human Resources,Medium,Married,48964,685496,1,1,14,Bad,Very High,4,38,6,Bad,35,4,10,35,Adulte,Lyon
39,No,Travel_Frequently,648,Research & Development,33,Doctor,Other,Medium,Homme,98,Low,1,Research Director,High,Divorced,47894,1005774,5,0,5,Excellent,High,2,3,3,Good,2,1,2,2,Adulte,Paris
56,Yes,Travel_Frequently,759,Sales,30,Below College,Human Resources,Low,Homme,69,Very High,2,Manager,Low,Divorced,9656,241400,5,0,14,Excellent,Very High,3,14,3,Best,5,4,1,2,Senior,Lyon
35,No,Travel_Frequently,479,Human Resources,36,College,Medical,Very High,Homme,124,Medium,4,Laboratory Technician,High,Married,45168,180672,3,1,44,Outstanding,Medium,2,7,4,Better,7,3,5,6,Adulte,Marseille
51,No,Travel_Frequently,1175,Support,5,College,Marketing,Medium,Homme,148,Medium,3,Research Scientist,Low,Married,2766,41490,0,1,46,Good,Medium,3,12,4,Good,12,3,9,2,Senior,Grenoble
47,No,Travel_Frequently,173,Sales,3,Below College,Human Resources,Very High,Femme,157,Low,3,Research Director,Low,Divorced,1182,7092,5,0,32,Outstanding,High,4,34,6,Best,31,28,4,24,Senior,Lyon
50,Yes,Travel_Rarely,1207,Sales,33,Master,Medical,High,Homme,197,Very High,2,Developer,High,Single,18131,507668,1,0,8,Bad,Medium,1,16,2,Good,8,6,1,8,Senior,Lyon
21,Yes,Travel_Frequently,1435,Support,44,Doctor,Medical,Medium,Homme,158,Medium,5,Manager,Medium,Single,45642,1277976,1,1,16,Good,Very High,3,29,1,Better,8,6,1,2,Jeune,Grenoble
23,No,Non-Travel,996,Human Resources,6,Below College,Other,Low,Femme,65,Low,2,Sales Representative,Medium,Single,39161,156644,4,0,43,Bad,High,2,38,1,Best,12,8,5,7,Jeune,Marseille
29,No,Travel_Rarely,458,Hardware,5,College,Other,Low,Femme,175,Low,2,Sales Executive,Medium,Married,30057,450855,3,1,23,Bad,Low,4,7,5,Best,2,1,1,2,Jeune,Lille
35,No,Travel_Rarely,1179,Sales,6,Below College,Human Resources,Very High,Femme,125,Very High,2,Manufacturing Director,Very High,Married,13219,79314,0,1,36,Good,Medium,2,2,4,Bad,2,1,2,1,Adulte,Lyon
23,Yes,Travel_Frequently,725,Support,28,Below College,Marketing,Very High,Homme,46,Very High,2,Research Director,Very High,Divorced,38656,270592,3,1,43,Good,Low,3,13,1,Best,6,1,5,2,Jeune,Grenoble
51,No,Non-Travel,1212,Support,14,Bachelor,Technical Degree,Very High,Homme,109,Very High,1,Manager,Medium,Single,19863,357534,8,1,42,Good,Medium,4,28,5,Better,5,1,2,1,Senior,Grenoble
38,No,Travel_Rarely,402,Human Resources,5,Bachelor,Other,High,Femme,137,High,5,Healthcare Representative,High,Single,41680,1083680,0,1,46,Excellent,High,2,18,3,Bad,11,6,9,8,Adulte,Marseille
49,No,Travel_Frequently,333,Research & Development,29,Doctor,Other,High,Femme,131,Very High,2,Manufacturing Director,Medium,Divorced,16620,415500,3,1,45,Bad,Medium,1,19,5,Better,12,3,7,1,Senior,Paris
49,No,Travel_Rarely,1037,Human Resources,18,Master,Life Sciences,Low,Femme,61,Medium,5,Sales Executive,Very High,Married,14502,348048,0,1,28,Bad,High,4,24,5,Good,10,2,9,1,Senior,Marseille
59,Yes,Travel_Frequently,1469,Human Resources,10,Below College,Other,Medium,Homme,84,High,1,Manufacturing Director,Medium,Married,4490,31430,5,0,11,Outstanding,Medium,3,36,5,Better,35,18,18,7,Senior,Marseille
43,Yes,Travel_Rarely,565,Support,49,Master,Life Sciences,Medium,Homme,84,Very High,1,Laboratory Technician,Low,Single,8497,144449,4,0,5,Outstanding,High,4,19,2,Better,13,2,9,5,Adulte,Grenoble
36,No,Travel_Rarely,514,Hardware,41,Master,Human Resources,High,Femme,94,Very High,1,Manufacturing Director,Very High,Married,17859,464334,7,0,23,Excellent,Very High,3,14,5,Good,3,2,3,2,Adulte,Lille
34,Yes,Travel_Frequently,1233,Software,19,Master,Technical Degree,Medium,Homme,32,High,1,Research Scientist,Medium,Married,22115,574990,1,0,21,Excellent,Low,3,12,3,Best,2,2,2,1,Adulte,Nantes
58,No,Travel_Frequently,1233,Support,14,Bachelor,Medical,High,Femme,194,Low,2,Research Director,Low,Single,6025,42175,1,1,37,Good,Low,2,38,5,Better,29,6,16,3,Senior,Grenoble
26,Yes,Travel_Rarely,340,Software,14,College,Other,Very High,Homme,146,Very High,3,Sales Executive,High,Divorced,33081,198486,8,0,48,Outstanding,Medium,1,13,3,Best,2,2,2,1,Jeune,Nantes
25,No,Non-Travel,1096,Software,33,Master,Marketing,Medium,Homme,113,Very High,3,Research Director,High,Single,36000,648000,8,0,2,Good,Low,4,34,6,Better,23,11,21,6,Jeune,Nantes
55,No,Travel_Frequently,709,Human Resources,4,Below College,Technical Degree,Very High,Homme,162,Low,5,Healthcare Representative,Medium,Married,15168,182016,8,0,7,Outstanding,Very High,4,27,1,Best,2,1,1,2,Senior,Marseille
32,Yes,Travel_Rarely,196,Software,23,Bachelor,Medical,Medium,Homme,141,Very High,3,Sales Representative,Medium,Married,8793,123102,0,0,38,Outstanding,Medium,1,9,2,Best,5,3,1,5,Adulte,Nantes
47,No,Travel_Frequently,1089,Human Resources,4,Below College,Medical,Low,Homme,102,High,3,Sales Executive,Medium,Married,25476,636900,3,0,25,Good,Low,2,15,5,Better,11,7,8,8,Senior,Marseille
28,Yes,Travel_Frequently,271,Support,19,Bachelor,Other,High,Homme,142,Low,2,Healthcare Representative,Very High,Single,43866,87732,3,0,19,Excellent,Very High,1,18,6,Better,4,3,3,2,Jeune,Grenoble
38,No,Travel_Rarely,1297,Sales,31,Doctor,Medical,Medium,Femme,184,High,3,Sales Representative,Medium,Married,10660,181220,4,0,0,Bad,High,2,6,6,Better,3,3,3,1,Adulte,Lyon
49,Yes,Travel_Frequently,452,Research & Development,2,Doctor,Life Sciences,Low,Femme,145,Very High,3,Sales Executive,High,Married,48923,978460,2,1,30,Bad,Low,3,8,2,Better,8,5,3,2,Senior,Paris
19,No,Travel_Frequently,1212,Software,25,Bachelor,Human Resources,High,Femme,174,High,5,Research Director,Medium,Married,43038,903798,6,1,20,Excellent,High,1,26,5,Good,17,12,5,7,Jeune,Nantes
21,Yes,Travel_Frequently,897,Support,11,Bachelor,Life Sciences,Medium,Homme,178,Medium,5,Sales Executive,Low,Single,4760,133280,8,1,38,Outstanding,Very High,1,7,2,Better,6,4,3,5,Jeune,Grenoble
30,Yes,Travel_Frequently,1113,Sales,14,Doctor,Human Resources,High,Femme,96,Medium,3,Human Resources,Low,Divorced,10018,140252,7,0,5,Excellent,High,1,9,4,Good,9,6,8,6,Jeune,Lyon
40,Yes,Travel_Rarely,604,Support,46,Bachelor,Other,High,Femme,134,High,5,Laboratory Technician,Medium,Single,7321,212309,6,1,1,Outstanding,High,2,30,5,Bad,12,8,8,1,Adulte,Grenoble
60,No,Non-Travel,1384,Support,12,Bachelor,Other,High,Homme,166,Medium,4,Sales Representative,High,Married,42785,128355,1,0,37,Good,High,2,11,6,Better,2,2,2,2,Senior,Grenoble
35,No,Travel_Rarely,1278,Hardware,7,Below College,Technical Degree,High,Femme,152,Very High,4,Human Resources,High,Single,21683,325245,3,0,40,Excellent,High,4,9,6,Bad,6,6,2,3,Adulte,Lille
18,Yes,Travel_Frequently,1370,Human Resources,10,Doctor,Technical Degree,Very High,Femme,77,Very High,2,Sales Executive,Very High,Married,32684,163420,4,0,33,Excellent,Very High,3,28,5,Good,15,2,9,2,Jeune,Marseille
21,Yes,Travel_Frequently,1434,Software,50,Master,Human Resources,Medium,Homme,164,Medium,2,Developer,Low,Married,15135,196755,3,1,14,Bad,High,2,30,1,Good,3,2,2,3,Jeune,Nantes
28,Yes,Travel_Frequently,325,Sales,23,College,Other,Low,Homme,172,Medium,1,Human Resources,Medium,Single,46234,508574,5,0,9,Good,Very High,3,12,3,Better,10,10,9,6,Jeune,Lyon
34,No,Travel_Rarely,313,Hardware,48,Master,Other,Very High,Femme,33,Very High,5,Developer,Medium,Single,49049,1275274,8,1,19,Excellent,Low,1,20,2,Best,9,8,5,9,Adulte,Lille
51,No,Travel_Rarely,919,Hardware,20,Below College,Medical,Low,Homme,121,High,2,Sales Executive,Medium,Married,12212,280876,2,1,39,Good,Low,1,40,3,Better,30,3,3,10,Senior,Lille
21,Yes,Non-Travel,715,Human Resources,44,Below College,Life Sciences,Medium,Femme,37,Medium,2,Manager,Medium,Divorced,21727,651810,4,1,4,Bad,Very High,1,1,5,Good,1,1,1,1,Jeune,Marseille
59,Yes,Non-Travel,737,Hardware,44,Below College,Life Sciences,Low,Homme,134,Very High,5,Healthcare Representative,High,Single,16748,234472,1,1,4,Bad,Medium,2,34,6,Better,8,5,5,3,Senior,Lille
23,No,Travel_Frequently,183,Human Resources,27,Bachelor,Medical,Very High,Femme,146,High,4,Healthcare Representative,Medium,Divorced,16911,355131,4,1,49,Good,Very High,1,32,5,Better,25,22,20,9,Jeune,Marseille
33,No,Travel_Frequently,964,Sales,49,Below College,Medical,Very High,Homme,34,Very High,2,Research Director,High,Single,4861,19444,1,1,18,Outstanding,High,2,39,2,Better,31,26,11,11,Adulte,Lyon
21,No,Travel_Rarely,983,Support,35,Below College,Other,Very High,Homme,147,Very High,1,Manufacturing Director,Low,Married,25143,553146,1,1,49,Excellent,High,1,16,3,Good,3,3,1,2,Jeune,Grenoble
48,No,Travel_Rarely,173,Human Resources,8,Bachelor,Technical Degree,Very High,Homme,134,High,2,Sales Representative,Medium,Married,49381,493810,7,0,10,Outstanding,Low,3,12,5,Better,10,2,7,3,Senior,Marseille
37,Yes,Travel_Frequently,993,Sales,24,College,Other,Low,Femme,167,Very High,3,Human Resources,Very High,Single,17671,477117,8,0,0,Excellent,Low,2,34,3,Bad,23,11,9,21,Adulte,Lyon
44,No,Travel_Rarely,306,Research & Development,31,Below College,Human Resources,Medium,Homme,177,Very High,1,Developer,Very High,Divorced,10689,128268,1,0,12,Outstanding,High,1,30,2,Bad,18,15,14,6,Adulte,Paris
37,Yes,Travel_Rarely,847,Sales,19,College,Marketing,Very High,Femme,158,Low,3,Healthcare Representative,High,Single,15074,105518,7,0,3,Outstanding,Low,4,1,2,Good,1,1,1,1,Adulte,Lyon
34,Yes,Travel_Rarely,472,Sales,25,Doctor,Marketing,Medium,Femme,32,Low,4,Manufacturing Director,Very High,Divorced,23218,626886,7,0,19,Bad,Medium,2,32,3,Better,17,10,8,10,Adulte,Lyon
52,Yes,Non-Travel,1360,Hardware,36,Master,Other,Very High,Homme,34,Very High,2,Sales Executive,Medium,Divorced,5306,100814,4,0,33,Bad,Low,2,39,4,Bad,6,3,1,1,Senior,Lille
24,No,Travel_Rarely,752,Human Resources,15,College,Other,Medium,Homme,188,Very High,4,Laboratory Technician,Medium,Single,7147,35735,8,0,33,Bad,Low,2,34,4,Best,7,5,1,4,Jeune,Marseille
34,Yes,Travel_Rarely,656,Software,4,Bachelor,Life Sciences,Low,Femme,110,Medium,5,Manufacturing Director,Low,Married,28337,141685,4,0,36,Bad,Low,3,2,5,Good,1,1,1,1,Adulte,Nantes
41,Yes,Travel_Frequently,734,Software,24,Master,Life Sciences,High,Femme,187,High,5,Healthcare Representative,High,Married,16225,97350,0,0,36,Outstanding,Very High,3,9,4,Good,4,4,2,1,Adulte,Nantes
44,No,Travel_Rarely,756,Human Resources,38,Bachelor,Human Resources,Low,Femme,57,High,5,Sales Representative,Low,Divorced,7085,155870,2,0,43,Outstanding,Medium,3,28,3,Better,24,20,4,14,Adulte,Marseille
25,Yes,Non-Travel,264,Human Resources,15,Doctor,Medical,Medium,Femme,144,Very High,4,Research Scientist,Medium,Married,45172,722752,5,1,43,Bad,Low,3,30,2,Better,14,3,2,5,Jeune,Marseille
33,Yes,Non-Travel,117,Human Resources,38,Doctor,Medical,Low,Femme,30,Low,2,Healthcare Representative,High,Single,16830,201960,7,1,37,Bad,High,1,19,2,Better,8,6,3,7,Adulte,Marseille
58,Yes,Travel_Frequently,447,Sales,10,College,Medical,Very High,Homme,151,Very High,1,Manufacturing Director,Low,Single,32583,651660,8,1,35,Outstanding,Very High,4,3,6,Better,3,2,3,1,Senior,Lyon
43,Yes,Travel_Rarely,800,Sales,44,Doctor,Marketing,Very High,Femme,36,Very High,2,Healthcare Representative,High,Married,47783,238915,1,1,25,Excellent,Medium,2,32,6,Better,21,12,11,18,Adulte,Lyon
51,No,Travel_Rarely,465,Research & Development,21,College,Human Resources,Medium,Homme,57,Very High,5,Laboratory Technician,Low,Single,7780,163380,0,0,4,Outstanding,High,3,16,4,Bad,15,10,8,2,Senior,Paris
48,Yes,Travel_Rarely,456,Support,9,College,Medical,Medium,Homme,104,Very High,3,Manufacturing Director,Low,Divorced,28013,28013,8,0,40,Outstanding,Medium,4,9,3,Best,8,4,6,7,Senior,Grenoble
34,Yes,Travel_Frequently,168,Research & Development,30,Below College,Technical Degree,Low,Homme,161,Very High,5,Human Resources,Low,Married,42542,1021008,2,1,45,Excellent,Medium,4,35,1,Good,33,18,16,10,Adulte,Paris
46,No,Travel_Frequently,1295,Human Resources,34,College,Medical,Very High,Homme,134,High,1,Developer,High,Married,36407,837361,2,1,46,Excellent,High,2,20,5,Good,2,1,2,1,Senior,Marseille
29,No,Travel_Frequently,492,Research & Development,24,Doctor,Marketing,Very High,Femme,95,Low,4,Manager,Medium,Divorced,31163,685586,5,1,36,Outstanding,Medium,3,12,2,Better,11,4,4,8,Jeune,Paris
35,No,Non-Travel,1339,Software,4,Doctor,Marketing,Medium,Homme,200,Very High,1,Healthcare Representative,Very High,Married,47868,1148832,4,1,46,Bad,Low,3,20,6,Better,4,1,4,4,Adulte,Nantes
48,No,Travel_Frequently,1152,Sales,6,College,Other,High,Homme,95,Low,3,Research Scientist,High,Divorced,34758,938466,6,1,34,Outstanding,High,3,25,1,Best,12,3,11,12,Senior,Lyon
52,No,Travel_Rarely,820,Human Resources,46,Master,Life Sciences,Very High,Homme,87,High,5,Laboratory Technician,Medium,Divorced,15410,231150,3,1,33,Excellent,Very High,2,39,6,Bad,8,8,7,7,Senior,Marseille
56,Yes,Travel_Frequently,995,Research & Development,3,College,Technical Degree,High,Femme,164,Low,3,Sales Representative,Very High,Divorced,38278,421058,2,1,35,Bad,Medium,3,20,3,Bad,17,10,4,17,Senior,Paris
32,No,Travel_Frequently,931,Hardware,26,Bachelor,Other,High,Homme,127,Medium,4,Developer,Low,Married,6373,159325,3,1,21,Bad,Medium,2,18,1,Better,16,11,11,2,Adulte,Lille
23,No,Non-Travel,1124,Software,25,Doctor,Life Sciences,High,Femme,188,High,2,Healthcare Representative,Medium,Single,31141,373692,1,0,14,Good,Very High,4,27,3,Better,5,2,4,4,Jeune,Nantes
32,Yes,Non-Travel,473,Research & Development,25,College,Human Resources,Medium,Homme,158,Very High,1,Sales Executive,Medium,Divorced,22411,336165,8,0,19,Good,Low,3,4,2,Good,3,1,3,1,Adulte,Paris
50,Yes,Non-Travel,1497,Sales,22,Below College,Technical Degree,Medium,Femme,42,High,1,Human Resources,Very High,Single,34946,489244,8,1,11,Good,Low,2,8,3,Bad,1,1,1,1,Senior,Lyon
38,No,Travel_Frequently,521,Research & Development,35,Doctor,Human Resources,Medium,Femme,99,Low,2,Developer,Low,Single,45468,863892,3,0,0,Good,High,3,40,1,Best,3,3,2,1,Adulte,Paris
47,Yes,Travel_Rarely,213,Hardware,50,Below College,Medical,Medium,Homme,75,Very High,1,Laboratory Technician,Medium,Single,14193,425790,2,1,6,Bad,Low,2,29,4,Bad,20,5,9,20,Senior,Lille
37,Yes,Travel_Rarely,957,Research & Development,43,Bachelor,Other,Low,Homme,93,Very High,4,Developer,High,Divorced,14413,345912,3,1,10,Excellent,High,1,16,4,Bad,2,1,2,1,Adulte,Paris
59,Yes,Travel_Frequently,890,Research & Development,45,Master,Life Sciences,High,Femme,73,Low,4,Healthcare Representative,High,Divorced,18441,221292,0,0,30,Bad,Medium,4,11,1,Good,10,1,3,1,Senior,Paris
46,Yes,Travel_Rarely,1077,Human Resources,33,Below College,Medical,Very High,Homme,46,Medium,2,Sales Executive,Medium,Single,49526,1485780,1,1,4,Excellent,Low,2,36,5,Best,26,11,24,9,Senior,Marseille
26,No,Non-Travel,230,Research & Development,29,Master,Human Resources,Medium,Homme,104,Low,4,Sales Representative,Very High,Married,16859,219167,8,1,16,Outstanding,Very High,1,7,2,Good,4,1,3,1,Jeune,Paris
55,Yes,Travel_Frequently,1426,Hardware,20,Master,Human Resources,Low,Homme,159,Low,5,Research Director,Medium,Married,4524,4524,4,1,5,Bad,Medium,1,14,6,Bad,10,8,10,1,Senior,Lille
19,Yes,Travel_Rarely,1096,Research & Development,7,Master,Marketing,Low,Homme,192,Medium,3,Manager,Low,Divorced,48587,1117501,1,1,25,Bad,Medium,4,11,4,Better,1,1,1,1,Jeune,Paris
30,Yes,Non-Travel,170,Sales,36,College,Technical Degree,Low,Femme,173,Low,2,Research Director,Very High,Divorced,38318,804678,6,0,22,Good,Low,2,9,5,Bad,2,1,2,1,Jeune,Lyon
26,Yes,Non-Travel,1492,Sales,33,Bachelor,Medical,High,Femme,128,Low,3,Sales Executive,Low,Single,24866,198928,3,1,24,Outstanding,Medium,3,23,3,Bad,4,2,1,1,Jeune,Lyon
52,Yes,Travel_Frequently,1470,Human Resources,19,Doctor,Life Sciences,Medium,Femme,187,Medium,2,Developer,Very High,Divorced,11174,178784,8,0,34,Good,Low,2,29,2,Bad,23,6,20,4,Senior,Marseille
44,Yes,Non-Travel,1261,Sales,4,Master,Human Resources,Low,Homme,187,Very High,3,Sales Executive,Medium,Divorced,31351,376212,3,0,18,Excellent,High,2,24,3,Bad,21,8,1,21,Adulte,Lyon
44,No,Travel_Rarely,436,Sales,33,Below College,Other,Low,Homme,184,Low,3,Research Director,High,Divorced,22486,44972,2,1,4,Outstanding,Low,3,32,2,Best,29,22,28,15,Adulte,Lyon
28,No,Non-Travel,1403,Human Resources,47,Bachelor,Technical Degree,High,Femme,45,Very High,5,Healthcare Representative,Very High,Single,41567,1163876,1,1,41,Bad,Low,1,23,5,Good,23,23,18,21,Jeune,Marseille
33,No,Travel_Rarely,661,Hardware,46,College,Medical,Very High,Femme,181,Low,3,Research Director,Very High,Married,19833,376827,4,1,8,Good,Medium,3,21,2,Good,8,8,8,2,Adulte,Lille
37,No,Travel_Frequently,716,Support,38,Below College,Technical Degree,Very High,Homme,179,Low,4,Manufacturing Director,Low,Single,14933,238928,0,0,49,Good,Low,4,36,3,Best,14,6,4,3,Adulte,Grenoble
58,No,Travel_Rarely,191,Software,27,Doctor,Other,Medium,Femme,92,High,4,Sales Representative,Low,Single,21510,516240,5,1,14,Bad,Medium,4,9,5,Best,2,1,1,2,Senior,Nantes
40,Yes,Travel_Frequently,381,Software,25,College,Technical Degree,Very High,Femme,41,Very High,4,Sales Representative,Low,Single,15288,107016,6,0,18,Bad,Medium,3,31,2,Best,3,2,3,1,Adulte,Nantes
51,No,Travel_Frequently,1240,Software,14,Doctor,Marketing,High,Femme,130,Low,1,Healthcare Representative,High,Married,7231,36155,3,0,29,Bad,Low,1,31,2,Good,3,2,2,3,Senior,Nantes
34,Yes,Travel_Frequently,876,Support,34,Bachelor,Life Sciences,Medium,Homme,117,Very High,3,Sales Executive,High,Married,48368,725520,0,0,29,Excellent,Very High,3,27,3,Good,16,9,3,2,Adulte,Grenoble
30,Yes,Travel_Frequently,1199,Sales,29,Below College,Marketing,Medium,Femme,47,Low,2,Research Director,Medium,Divorced,44175,530100,7,1,4,Outstanding,High,1,37,6,Best,17,15,14,4,Jeune,Lyon
40,Yes,Travel_Rarely,1140,Hardware,6,Bachelor,Other,Low,Homme,193,High,5,Healthcare Representative,Medium,Married,29167,787509,0,0,26,Bad,Low,3,8,3,Best,1,1,1,1,Adulte,Lille
35,Yes,Travel_Frequently,1358,Software,24,Below College,Other,Very High,Homme,194,Low,2,Research Scientist,Medium,Single,28077,224616,7,1,16,Outstanding,High,1,36,2,Bad,30,30,26,7,Adulte,Nantes
58,No,Travel_Rarely,493,Hardware,9,Master,Life Sciences,High,Homme,172,High,4,Human Resources,Medium,Divorced,2612,15672,8,1,42,Excellent,Low,3,15,2,Bad,4,2,2,2,Senior,Lille
29,Yes,Non-Travel,1385,Research & Development,15,College,Human Resources,Very High,Homme,32,High,3,Manufacturing Director,High,Divorced,31542,252336,5,0,34,Good,Low,1,18,5,Good,3,3,2,3,Jeune,Paris
29,No,Travel_Rarely,1311,Hardware,49,College,Technical Degree,Medium,Femme,115,High,4,Research Scientist,High,Single,3502,38522,5,0,48,Bad,High,4,30,2,Best,20,16,1,4,Jeune,Lille
40,Yes,Travel_Frequently,1269,Hardware,50,Bachelor,Human Resources,Low,Homme,82,Medium,5,Human Resources,High,Married,14277,199878,8,0,42,Bad,High,4,3,2,Good,3,3,3,3,Adulte,Lille
57,No,Travel_Rarely,1063,Hardware,12,Below College,Medical,Low,Femme,143,High,3,Human Resources,Low,Single,4138,24828,3,1,20,Outstanding,Very High,3,17,5,Best,10,4,6,4,Senior,Lille
28,No,Non-Travel,501,Human Resources,50,Master,Technical Degree,High,Homme,118,Medium,5,Manufacturing Director,High,Single,12418,235942,4,1,28,Bad,High,1,6,2,Best,4,3,2,1,Jeune,Marseille
37,Yes,Non-Travel,426,Sales,22,Doctor,Life Sciences,Very High,Femme,180,High,5,Sales Representative,Very High,Single,10591,317730,2,0,27,Bad,High,2,1,4,Good,1,1,1,1,Adulte,Lyon
44,No,Non-Travel,1468,Research & Development,46,Bachelor,Human Resources,High,Femme,183,Very High,4,Sales Representative,Very High,Single,36654,1026312,6,1,30,Excellent,Very High,3,5,1,Bad,2,2,1,2,Adulte,Paris
35,No,Non-Travel,1373,Human Resources,23,College,Medical,High,Femme,109,Medium,1,Manufacturing Director,Low,Single,31032,31032,2,0,25,Good,Very High,1,25,6,Good,17,7,17,4,Adulte,Marseille
40,Yes,Travel_Rarely,546,Support,21,Bachelor,Medical,Very High,Femme,74,High,3,Sales Representative,Very High,Divorced,21321,255852,1,1,17,Good,Very High,3,3,3,Good,3,3,2,3,Adulte,Grenoble
18,Yes,Travel_Frequently,244,Software,9,Below College,Human Resources,Very High,Femme,57,High,4,Healthcare Representative,Very High,Single,2080,22880,2,1,34,Outstanding,Very High,2,15,2,Good,9,3,8,5,Jeune,Nantes
55,No,Non-Travel,1182,Human Resources,7,Doctor,Medical,Low,Homme,173,Low,1,Sales Executive,High,Divorced,29165,87495,7,0,19,Good,Medium,2,15,4,Better,4,3,3,3,Senior,Marseille
50,Yes,Travel_Rarely,810,Hardware,13,College,Medical,Very High,Femme,95,Very High,3,Research Director,Low,Single,21585,366945,4,0,47,Good,High,2,40,4,Good,22,7,14,6,Senior,Lille
25,No,Travel_Rarely,926,Software,28,Bachelor,Other,Very High,Homme,55,Low,4,Developer,Medium,Single,28951,173706,6,0,16,Bad,High,4,39,5,Good,12,11,1,6,Jeune,Nantes
19,No,Non-Travel,1230,Sales,27,Bachelor,Medical,Very High,Femme,192,Low,5,Developer,Very High,Married,48803,1415287,1,0,43,Outstanding,Very High,3,8,4,Good,3,2,3,3,Jeune,Lyon
58,No,Non-Travel,1413,Human Resources,49,Bachelor,Human Resources,Very High,Femme,61,Low,1,Human Resources,Medium,Married,25619,281809,5,1,34,Excellent,Low,1,36,4,Better,26,14,18,14,Senior,Marseille
29,No,Travel_Frequently,210,Support,20,Bachelor,Medical,High,Femme,122,High,5,Healthcare Representative,High,Single,45385,1134625,2,0,9,Excellent,Medium,4,21,2,Best,4,2,2,2,Jeune,Grenoble
49,No,Travel_Frequently,971,Sales,2,Bachelor,Other,Low,Homme,121,Medium,1,Manufacturing Director,Very High,Married,35158,1054740,3,0,1,Excellent,High,3,28,4,Good,4,4,2,2,Senior,Lyon
45,No,Non-Travel,779,Sales,9,College,Life Sciences,High,Femme,86,Very High,4,Sales Executive,High,Single,43127,1121302,3,1,25,Good,Very High,3,17,3,Best,11,4,8,6,Adulte,Lyon
55,No,Travel_Rarely,1326,Support,46,Bachelor,Life Sciences,Very High,Femme,77,High,5,Sales Executive,High,Single,8900,53400,4,0,26,Excellent,Low,1,3,3,Bad,3,3,3,3,Senior,Grenoble
46,Yes,Non-Travel,264,Sales,34,Doctor,Medical,Medium,Homme,129,Low,4,Manager,Medium,Married,36914,1070506,7,1,43,Bad,Very High,2,16,2,Bad,15,11,11,15,Senior,Lyon
34,Yes,Travel_Frequently,1404,Sales,19,Doctor,Life Sciences,Low,Homme,153,Low,5,Manufacturing Director,Low,Divorced,24412,537064,8,1,1,Bad,Low,1,36,6,Best,12,7,4,4,Adulte,Lyon
37,No,Non-Travel,202,Human Resources,45,College,Medical,Medium,Homme,35,Very High,4,Manufacturing Director,Low,Married,13797,27594,1,0,44,Excellent,Medium,2,18,4,Bad,7,3,1,7,Adulte,Marseille
34,Yes,Travel_Rarely,590,Sales,37,College,Other,Medium,Homme,95,Very High,2,Human Resources,Low,Divorced,22681,272172,4,1,21,Bad,High,2,11,4,Best,5,2,3,4,Adulte,Lyon
19,Yes,Travel_Rarely,269,Hardware,49,College,Other,Medium,Femme,111,Medium,5,Manager,Low,Married,41641,499692,1,1,18,Bad,Low,1,19,4,Good,3,1,1,2,Jeune,Lille
29,Yes,Non-Travel,551,Support,33,Bachelor,Marketing,Medium,Femme,151,Low,2,Sales Executive,Very High,Married,33770,1013100,1,0,6,Good,Very High,3,28,3,Better,17,16,13,8,Jeune,Grenoble
60,No,Travel_Frequently,848,Hardware,36,Doctor,Human Resources,Very High,Femme,172,Low,4,Manager,Very High,Single,3279,72138,8,0,29,Outstanding,High,3,1,1,Bad,1,1,1,1,Senior,Lille
30,No,Travel_Rarely,670,Software,36,Doctor,Other,Low,Femme,121,High,2,Sales Representative,Medium,Single,45645,958545,3,1,29,Outstanding,High,4,34,4,Better,3,1,2,1,Jeune,Nantes
22,No,Travel_Frequently,1432,Hardware,20,Master,Technical Degree,Very High,Homme,125,Low,5,Human Resources,Low,Divorced,24614,295368,8,1,42,Bad,High,3,34,5,Good,6,3,5,1,Jeune,Lille
25,Yes,Travel_Rarely,711,Human Resources,28,Bachelor,Marketing,Medium,Homme,57,High,5,Healthcare Representative,Low,Divorced,33347,633593,2,1,31,Bad,Very High,3,1,2,Bad,1,1,1,1,Jeune,Marseille
42,No,Travel_Frequently,581,Hardware,17,Below College,Other,Low,Homme,74,Low,2,Human Resources,Very High,Divorced,7602,167244,7,1,45,Outstanding,High,3,28,3,Good,12,10,7,9,Adulte,Lille
31,Yes,Travel_Frequently,865,Software,11,Master,Life Sciences,Medium,Homme,139,Low,5,Laboratory Technician,High,Divorced,28206,423090,4,1,22,Good,High,2,14,5,Best,4,3,2,4,Adulte,Nantes
44,No,Travel_Frequently,723,Human Resources,43,Doctor,Life Sciences,High,Homme,171,High,5,Sales Executive,High,Single,41554,1080404,8,1,14,Outstanding,Medium,1,35,2,Best,13,13,10,12,Adulte,Marseille
32,Yes,Travel_Rarely,873,Research & Development,22,College,Life Sciences,Medium,Homme,138,Very High,5,Developer,Very High,Divorced,19282,424204,7,1,2,Outstanding,High,3,32,4,Bad,6,6,3,3,Adulte,Paris
29,No,Travel_Frequently,416,Hardware,30,Bachelor,Medical,Low,Homme,113,High,1,Manufacturing Director,Low,Divorced,28703,574060,1,0,36,Good,Low,3,9,4,Better,7,4,3,4,Jeune,Lille
20,Yes,Travel_Frequently,303,Sales,26,Bachelor,Human Resources,Very High,Femme,176,Very High,3,Research Director,Medium,Single,41721,1209909,0,0,16,Outstanding,High,1,1,2,Bad,1,1,1,1,Jeune,Lyon
57,Yes,Travel_Rarely,478,Human Resources,38,Below College,Other,Very High,Homme,115,High,4,Human Resources,Medium,Single,22452,89808,4,1,3,Outstanding,Very High,4,12,4,Bad,7,2,6,1,Senior,Marseille
39,Yes,Travel_Rarely,974,Hardware,40,College,Marketing,Medium,Homme,44,High,2,Sales Representative,Low,Single,19208,364952,2,0,45,Outstanding,Low,2,23,4,Best,20,19,7,20,Adulte,Lille
30,No,Travel_Rarely,288,Human Resources,24,Doctor,Technical Degree,High,Femme,120,Very High,1,Human Resources,High,Single,39273,1060371,6,0,28,Bad,Very High,2,19,5,Better,12,1,1,10,Jeune,Marseille
24,Yes,Travel_Frequently,277,Research & Development,40,Bachelor,Marketing,Low,Femme,60,High,5,Manager,Low,Divorced,40216,321728,0,0,26,Outstanding,Medium,3,24,6,Best,11,5,2,2,Jeune,Paris
18,No,Travel_Rarely,154,Human Resources,48,College,Technical Degree,Medium,Homme,166,High,5,Sales Executive,Low,Married,17658,211896,4,1,23,Excellent,Low,3,27,5,Best,18,11,17,14,Jeune,Marseille
36,No,Travel_Frequently,922,Sales,44,Doctor,Other,High,Femme,130,Very High,2,Manager,High,Married,10223,184014,7,1,41,Good,High,2,20,6,Best,20,17,18,15,Adulte,Lyon
41,No,Travel_Rarely,786,Sales,7,Doctor,Technical Degree,Low,Homme,138,Very High,2,Manager,Medium,Married,10096,242304,2,1,42,Outstanding,Very High,2,17,6,Best,17,12,4,4,Adulte,Lyon
53,Yes,Travel_Rarely,1339,Sales,25,College,Marketing,Very High,Homme,83,High,1,Research Director,High,Divorced,34602,242214,0,1,23,Outstanding,Very High,4,6,2,Good,5,4,2,3,Senior,Lyon
45,Yes,Travel_Frequently,1030,Hardware,3,Doctor,Life Sciences,Low,Femme,199,Medium,2,Manager,Medium,Single,6479,12958,1,0,35,Excellent,Low,4,2,4,Good,2,1,1,2,Adulte,Lille
34,No,Non-Travel,1360,Sales,36,Bachelor,Life Sciences,Medium,Homme,85,Very High,4,Manufacturing Director,Low,Divorced,49355,296130,0,1,48,Excellent,Very High,3,12,1,Bad,4,4,2,4,Adulte,Lyon
29,No,Travel_Rarely,1028,Support,14,Below College,Marketing,Low,Femme,200,High,2,Healthcare Representative,Medium,Divorced,49899,848283,2,1,22,Bad,Very High,1,18,3,Better,14,14,9,11,Jeune,Grenoble
46,Yes,Travel_Frequently,736,Software,39,Doctor,Marketing,Low,Femme,165,Very High,2,Sales Representative,Very High,Single,29392,881760,1,0,9,Excellent,Low,3,20,2,Good,20,7,1,19,Senior,Nantes
49,Yes,Travel_Rarely,1457,Human Resources,43,Below College,Technical Degree,Medium,Homme,152,Low,1,Sales Executive,Medium,Married,18269,328842,5,1,6,Good,Medium,3,33,6,Bad,5,5,1,1,Senior,Marseille
59,No,Travel_Frequently,580,Sales,11,Bachelor,Human Resources,High,Femme,169,Medium,3,Human Resources,Medium,Married,16531,247965,7,0,28,Bad,Low,4,28,1,Better,2,1,1,2,Senior,Lyon
31,No,Travel_Frequently,1092,Research & Development,40,Below College,Life Sciences,Low,Homme,138,Low,2,Sales Executive,Medium,Married,7690,223010,2,1,26,Outstanding,Very High,2,37,6,Bad,37,18,22,19,Adulte,Paris
38,No,Travel_Frequently,1410,Research & Development,21,Bachelor,Other,Low,Femme,84,Low,1,Healthcare Representative,Low,Divorced,21921,109605,1,1,7,Excellent,Medium,3,20,5,Bad,14,3,3,12,Adulte,Paris
21,Yes,Non-Travel,869,Sales,4,Doctor,Marketing,Very High,Femme,115,Very High,5,Research Director,Very High,Divorced,16025,176275,1,0,26,Good,Very High,2,3,6,Good,1,1,1,1,Jeune,Lyon
33,No,Travel_Frequently,189,Sales,28,College,Technical Degree,Medium,Femme,99,High,3,Healthcare Representative,Low,Single,20051,601530,8,1,40,Good,Very High,2,2,5,Bad,2,2,1,2,Adulte,Lyon
28,Yes,Non-Travel,590,Research & Development,28,Doctor,Technical Degree,High,Femme,131,Medium,2,Research Scientist,High,Single,37602,451224,0,0,25,Excellent,Medium,3,39,5,Good,5,3,5,1,Jeune,Paris
46,Yes,Non-Travel,325,Sales,41,Doctor,Life Sciences,Very High,Femme,93,Low,2,Manufacturing Director,Medium,Divorced,14066,28132,8,0,6,Excellent,Medium,1,38,4,Good,1,1,1,1,Senior,Lyon
29,No,Travel_Frequently,1331,Research & Development,19,College,Life Sciences,Medium,Homme,127,Medium,5,Research Scientist,Very High,Single,42482,42482,1,1,42,Outstanding,High,3,32,5,Bad,30,3,10,27,Jeune,Paris
42,Yes,Non-Travel,1326,Human Resources,47,Bachelor,Life Sciences,High,Femme,31,Medium,1,Sales Representative,Very High,Married,14549,160039,5,1,47,Outstanding,Low,2,5,4,Best,4,3,2,1,Adulte,Marseille
59,No,Travel_Frequently,402,Hardware,30,Master,Medical,Medium,Homme,91,Medium,5,Human Resources,High,Divorced,26243,288673,8,1,23,Outstanding,Very High,4,19,5,Better,7,6,2,6,Senior,Lille
42,Yes,Non-Travel,973,Sales,12,Doctor,Medical,Low,Femme,45,Medium,2,Sales Executive,Very High,Single,36465,328185,2,1,24,Good,High,1,19,3,Better,7,1,1,3,Adulte,Lyon
53,Yes,Non-Travel,1041,Human Resources,26,Doctor,Marketing,Medium,Femme,181,High,2,Sales Representative,Very High,Single,28704,775008,2,0,10,Outstanding,Very High,2,29,3,Good,14,12,4,14,Senior,Marseille
22,No,Non-Travel,1225,Hardware,24,College,Medical,Very High,Femme,42,Very High,4,Human Resources,High,Single,31467,566406,8,0,33,Bad,Low,3,10,4,Bad,8,7,4,7,Jeune,Lille
42,No,Non-Travel,550,Hardware,21,Bachelor,Marketing,Very High,Femme,118,Low,5,Research Scientist,High,Married,32532,32532,4,1,30,Excellent,Very High,2,19,5,Bad,13,1,12,7,Adulte,Lille
33,Yes,Travel_Rarely,999,Hardware,24,Master,Life Sciences,Medium,Femme,92,Low,3,Human Resources,Very High,Single,35231,598927,7,0,36,Excellent,High,4,33,4,Bad,15,9,14,15,Adulte,Lille
46,Yes,Travel_Frequently,788,Sales,49,Below College,Medical,Very High,Femme,109,Low,3,Sales Representative,Very High,Single,15177,318717,5,1,46,Excellent,High,2,4,2,Good,3,1,3,3,Senior,Lyon
51,No,Travel_Frequently,1335,Hardware,17,Below College,Technical Degree,Low,Homme,170,High,4,Human Resources,Very High,Married,22024,374408,3,0,35,Excellent,Medium,4,30,6,Good,7,5,6,3,Senior,Lille
29,Yes,Travel_Rarely,1224,Research & Development,32,Master,Marketing,Very High,Femme,148,Medium,1,Manufacturing Director,Medium,Single,40049,120147,6,0,2,Good,Very High,4,26,2,Bad,16,5,4,4,Jeune,Paris
54,Yes,Non-Travel,1206,Software,27,Below College,Life Sciences,Very High,Femme,63,Low,4,Developer,Medium,Married,21179,360043,8,1,4,Bad,Medium,1,11,4,Best,7,6,4,6,Senior,Nantes
49,Yes,Non-Travel,949,Research & Development,27,Master,Other,High,Homme,184,Low,2,Manager,Low,Divorced,35407,672733,0,0,2,Bad,Low,2,40,2,Best,25,15,20,5,Senior,Paris
55,Yes,Non-Travel,379,Human Resources,11,Below College,Marketing,Medium,Femme,158,Very High,1,Research Scientist,Low,Single,12681,266301,1,0,33,Excellent,Low,4,17,6,Better,16,9,5,9,Senior,Marseille
51,Yes,Travel_Frequently,1366,Research & Development,41,College,Marketing,Medium,Femme,152,High,4,Research Scientist,Low,Married,21872,524928,3,0,46,Bad,High,4,4,5,Bad,3,2,3,3,Senior,Paris
57,Yes,Travel_Rarely,884,Hardware,37,Master,Life Sciences,Very High,Homme,82,Medium,2,Research Scientist,Low,Divorced,31535,567630,6,1,30,Bad,High,3,18,6,Good,7,5,2,2,Senior,Lille
58,No,Travel_Rarely,248,Hardware,19,Master,Human Resources,Medium,Homme,59,Very High,5,Healthcare Representative,Medium,Married,12011,204187,5,1,46,Excellent,High,3,26,1,Bad,10,4,10,10,Senior,Lille
37,Yes,Non-Travel,379,Hardware,48,Doctor,Human Resources,Low,Femme,89,Medium,3,Healthcare Representative,High,Single,23112,439128,2,1,8,Outstanding,Very High,4,19,6,Good,3,1,2,3,Adulte,Lille
54,No,Travel_Frequently,393,Hardware,30,Bachelor,Technical Degree,Medium,Homme,37,High,4,Manufacturing Director,Low,Single,17930,251020,7,0,36,Bad,Medium,2,17,1,Better,15,4,11,2,Senior,Lille
52,No,Non-Travel,508,Sales,50,Bachelor,Marketing,Medium,Femme,32,High,4,Laboratory Technician,Very High,Married,4163,95749,3,1,21,Excellent,High,2,10,3,Bad,5,2,1,2,Senior,Lyon
35,No,Travel_Frequently,455,Human Resources,13,Bachelor,Technical Degree,Medium,Homme,147,Low,2,Developer,Low,Single,15311,183732,5,1,13,Outstanding,Low,1,9,2,Good,6,6,4,1,Adulte,Marseille
59,Yes,Non-Travel,411,Software,25,Doctor,Human Resources,Medium,Femme,44,Low,2,Sales Representative,Medium,Divorced,46675,1120200,7,1,11,Outstanding,Medium,4,25,5,Best,2,1,1,2,Senior,Nantes
20,No,Non-Travel,280,Sales,1,Below College,Life Sciences,Low,Femme,102,Medium,4,Sales Representative,Medium,Divorced,24836,745080,1,0,32,Excellent,High,3,2,4,Better,1,1,1,1,Jeune,Lyon
60,Yes,Non-Travel,577,Human Resources,20,Below College,Life Sciences,High,Femme,83,Low,2,Research Director,High,Single,14280,14280,7,0,5,Excellent,Low,4,4,2,Bad,3,3,2,1,Senior,Marseille
48,Yes,Non-Travel,241,Research & Development,50,Master,Medical,Very High,Femme,130,Low,5,Human Resources,High,Single,34427,1032810,2,0,8,Bad,High,2,22,4,Good,7,4,1,2,Senior,Paris
27,Yes,Travel_Rarely,528,Human Resources,3,Master,Other,Low,Homme,140,High,3,Research Scientist,Medium,Divorced,43376,694016,8,1,38,Bad,Low,1,18,5,Bad,17,9,14,11,Jeune,Marseille
52,No,Non-Travel,984,Human Resources,10,Master,Technical Degree,High,Femme,171,Very High,2,Human Resources,Low,Married,48241,1061302,3,1,32,Good,High,1,27,5,Best,7,5,1,4,Senior,Marseille
22,Yes,Travel_Rarely,801,Research & Development,49,Master,Medical,Very High,Homme,74,Medium,5,Laboratory Technician,Medium,Divorced,23675,71025,3,0,25,Excellent,Low,3,18,4,Better,5,3,3,5,Jeune,Paris
49,No,Travel_Frequently,581,Research & Development,12,Doctor,Other,Medium,Femme,77,Medium,2,Sales Representative,Medium,Single,10871,32613,6,0,33,Bad,Very High,4,20,3,Bad,4,4,2,3,Senior,Paris
30,No,Travel_Frequently,424,Sales,28,Bachelor,Other,Very High,Femme,101,Medium,4,Healthcare Representative,Very High,Divorced,45341,1042843,7,1,30,Good,Medium,2,40,2,Best,1,1,1,1,Jeune,Lyon
47,No,Travel_Rarely,421,Human Resources,7,College,Life Sciences,Very High,Homme,136,Very High,4,Laboratory Technician,Medium,Single,17669,300373,4,1,14,Excellent,Very High,3,9,6,Better,7,5,2,6,Senior,Marseille
25,No,Travel_Rarely,1049,Human Resources,37,College,Technical Degree,Low,Femme,127,Low,3,Developer,High,Divorced,42427,1018248,4,0,35,Outstanding,High,3,19,1,Good,10,10,3,1,Jeune,Marseille
39,No,Travel_Rarely,707,Hardware,22,Bachelor,Other,Low,Homme,72,Very High,4,Research Director,Medium,Divorced,34644,450372,1,1,13,Outstanding,Very High,2,11,5,Best,2,2,1,2,Adulte,Lille
21,No,Non-Travel,1248,Support,13,Doctor,Life Sciences,Low,Femme,68,Very High,4,Sales Executive,Low,Single,24782,123910,7,1,24,Excellent,Medium,2,28,4,Better,12,6,7,2,Jeune,Grenoble
19,Yes,Travel_Frequently,402,Software,41,Bachelor,Medical,Very High,Homme,198,Medium,3,Research Scientist,High,Married,13868,166416,0,1,5,Bad,High,3,28,2,Bad,15,13,14,9,Jeune,Nantes
22,No,Non-Travel,1230,Support,50,Bachelor,Technical Degree,High,Homme,112,Very High,2,Research Director,High,Married,3126,59394,2,1,13,Excellent,Very High,4,5,3,Bad,3,3,2,1,Jeune,Grenoble
33,No,Travel_Rarely,1410,Support,1,College,Other,Low,Femme,46,Very High,2,Manager,High,Single,2825,33900,7,1,1,Good,High,3,6,3,Bad,2,2,2,2,Adulte,Grenoble
52,Yes,Non-Travel,771,Research & Development,34,Bachelor,Medical,Medium,Femme,81,Low,5,Manufacturing Director,Medium,Single,24472,73416,0,1,21,Good,Medium,4,13,5,Bad,3,3,1,3,Senior,Paris
45,No,Travel_Frequently,301,Research & Development,31,Master,Marketing,Medium,Homme,127,Low,2,Sales Representative,Low,Divorced,8647,138352,8,0,10,Bad,High,2,26,2,Good,9,8,2,3,Adulte,Paris
38,Yes,Travel_Rarely,141,Software,43,Master,Marketing,Low,Homme,175,Low,3,Manager,High,Single,47592,761472,5,0,32,Good,Low,4,11,4,Good,7,3,4,2,Adulte,Nantes
35,Yes,Travel_Frequently,293,Sales,50,Master,Medical,Low,Femme,173,High,1,Research Scientist,High,Divorced,40667,813340,1,1,29,Excellent,High,4,15,2,Good,1,1,1,1,Adulte,Lyon
55,Yes,Travel_Rarely,101,Hardware,43,Bachelor,Life Sciences,Medium,Femme,122,Very High,1,Research Scientist,High,Divorced,50706,152118,0,1,18,Excellent,Very High,1,22,6,Better,4,3,4,1,Senior,Lille
55,No,Non-Travel,890,Hardware,42,Bachelor,Marketing,High,Femme,108,High,3,Sales Executive,Low,Single,17227,413448,5,1,0,Excellent,Medium,2,25,4,Better,12,2,10,6,Senior,Lille
35,No,Travel_Rarely,257,Software,8,Below College,Life Sciences,Low,Femme,123,High,3,Sales Representative,Low,Single,26088,730464,0,0,2,Outstanding,Very High,2,11,5,Bad,1,1,1,1,Adulte,Nantes
26,Yes,Travel_Rarely,1380,Human Resources,29,Master,Human Resources,High,Homme,107,Medium,5,Human Resources,Very High,Married,35191,211146,7,0,34,Excellent,Very High,3,13,2,Bad,7,3,5,3,Jeune,Marseille
20,Yes,Travel_Frequently,951,Support,32,College,Life Sciences,Low,Femme,197,High,3,Laboratory Technician,Very High,Married,28773,546687,6,1,3,Excellent,Low,3,16,1,Best,3,1,3,3,Jeune,Grenoble
60,No,Non-Travel,115,Hardware,35,College,Technical Degree,Medium,Femme,79,Medium,2,Human Resources,Very High,Married,13078,170014,1,0,12,Good,Medium,2,40,1,Best,18,11,4,4,Senior,Lille
56,No,Non-Travel,268,Software,15,College,Life Sciences,Low,Homme,30,Medium,2,Research Scientist,Medium,Divorced,9047,262363,4,1,16,Excellent,Medium,3,26,1,Bad,4,1,3,4,Senior,Nantes
42,Yes,Travel_Frequently,1259,Research & Development,10,College,Other,High,Homme,146,Very High,2,Sales Executive,Medium,Married,31279,437906,5,0,38,Excellent,Very High,3,37,5,Good,4,4,3,1,Adulte,Paris
50,No,Travel_Frequently,449,Support,23,Doctor,Human Resources,High,Femme,117,High,4,Research Scientist,Medium,Married,20926,523150,4,1,4,Bad,High,3,8,1,Good,3,2,3,1,Senior,Grenoble
42,Yes,Travel_Frequently,424,Human Resources,13,Doctor,Other,High,Femme,153,High,1,Manager,Low,Married,5268,100092,1,1,19,Good,High,2,40,4,Good,12,12,8,6,Adulte,Marseille
29,No,Travel_Frequently,572,Research & Development,37,College,Medical,Very High,Femme,55,High,4,Sales Representative,High,Single,11285,101565,8,1,11,Good,High,4,3,4,Best,3,1,1,2,Jeune,Paris
57,No,Non-Travel,793,Hardware,41,Below College,Other,High,Homme,40,Very High,5,Human Resources,High,Married,40269,1208070,5,1,46,Outstanding,Very High,4,15,2,Best,9,5,3,4,Senior,Lille
47,Yes,Travel_Rarely,309,Software,11,Master,Marketing,Medium,Homme,184,Medium,1,Research Scientist,Very High,Married,6850,191800,2,1,14,Excellent,High,3,25,5,Good,1,1,1,1,Senior,Nantes
37,No,Non-Travel,1045,Research & Development,49,Master,Life Sciences,Low,Homme,41,Medium,3,Manager,Medium,Single,28301,820729,6,0,3,Outstanding,Low,1,2,4,Best,1,1,1,1,Adulte,Paris
56,Yes,Travel_Rarely,715,Hardware,22,Below College,Technical Degree,Very High,Homme,107,High,3,Sales Representative,Very High,Divorced,28721,430815,2,1,45,Bad,High,1,26,4,Bad,24,8,3,19,Senior,Lille
42,Yes,Travel_Rarely,370,Hardware,14,Below College,Human Resources,Low,Homme,70,Very High,2,Manufacturing Director,Medium,Divorced,11046,11046,2,1,8,Bad,Very High,2,40,2,Better,37,18,20,19,Adulte,Lille
48,Yes,Travel_Frequently,947,Sales,22,Bachelor,Human Resources,Medium,Homme,200,Very High,4,Laboratory Technician,High,Divorced,26629,319548,6,0,17,Bad,Low,4,5,5,Best,4,4,3,3,Senior,Lyon
47,No,Travel_Frequently,413,Support,7,Doctor,Marketing,Very High,Femme,73,Medium,5,Sales Executive,High,Divorced,44468,533616,8,0,48,Excellent,Medium,2,11,3,Best,5,5,3,3,Senior,Grenoble
26,No,Non-Travel,1384,Sales,34,Master,Medical,Medium,Femme,85,Medium,3,Manager,Medium,Married,37599,563985,3,1,29,Excellent,High,1,15,4,Bad,1,1,1,1,Jeune,Lyon
37,Yes,Travel_Frequently,1108,Software,7,Below College,Human Resources,Low,Femme,116,High,1,Sales Executive,High,Divorced,13639,245502,2,1,32,Outstanding,Very High,2,19,4,Better,19,5,13,8,Adulte,Nantes
56,Yes,Travel_Rarely,139,Hardware,37,Bachelor,Technical Degree,Low,Femme,69,Very High,3,Sales Representative,Medium,Divorced,36219,905475,8,0,33,Bad,High,2,19,4,Best,2,1,1,1,Senior,Lille
57,No,Non-Travel,353,Software,44,College,Life Sciences,Very High,Femme,193,High,3,Research Director,Medium,Married,8686,95546,4,0,39,Excellent,High,3,11,6,Best,9,4,5,8,Senior,Nantes
55,No,Non-Travel,1141,Research & Development,5,Bachelor,Life Sciences,Low,Homme,149,High,3,Laboratory Technician,Low,Divorced,6200,117800,8,1,33,Good,High,4,34,2,Best,31,13,4,14,Senior,Paris
21,Yes,Travel_Frequently,804,Support,32,Bachelor,Other,Very High,Femme,134,High,1,Sales Representative,Very High,Married,35314,635652,0,0,24,Outstanding,High,4,8,4,Better,8,3,5,7,Jeune,Grenoble
18,Yes,Travel_Rarely,449,Research & Development,21,Doctor,Medical,Very High,Homme,86,Low,4,Manufacturing Director,High,Married,25410,635250,7,1,23,Bad,Low,1,26,4,Good,14,9,5,13,Jeune,Paris
51,No,Travel_Frequently,803,Hardware,7,Bachelor,Technical Degree,Low,Homme,38,High,3,Research Scientist,High,Married,45840,1375200,6,0,29,Outstanding,High,2,11,1,Better,9,5,6,7,Senior,Lille
33,Yes,Non-Travel,521,Sales,1,Bachelor,Medical,High,Homme,187,High,2,Research Director,Medium,Single,19068,152544,6,1,42,Good,Medium,4,11,2,Best,4,3,4,4,Adulte,Lyon
41,No,Non-Travel,1444,Human Resources,44,Master,Technical Degree,Medium,Femme,163,Very High,5,Healthcare Representative,Very High,Married,39166,548324,8,0,32,Excellent,Very High,2,40,4,Good,15,3,3,4,Adulte,Marseille
59,No,Travel_Frequently,180,Human Resources,26,Below College,Medical,Very High,Homme,84,High,5,Manufacturing Director,Low,Married,48300,1449000,2,0,5,Outstanding,Medium,4,39,3,Good,4,3,2,1,Senior,Marseille
55,Yes,Travel_Rarely,492,Research & Development,7,Below College,Technical Degree,Low,Femme,76,Medium,4,Manager,High,Married,40634,1097118,7,0,16,Good,High,1,11,4,Best,10,7,2,6,Senior,Paris
46,No,Travel_Rarely,872,Software,49,Doctor,Life Sciences,Very High,Femme,171,High,2,Developer,Very High,Married,13724,233308,6,0,34,Excellent,Very High,3,28,6,Better,26,14,19,8,Senior,Nantes
27,No,Travel_Frequently,247,Human Resources,20,Bachelor,Other,Low,Femme,36,Very High,4,Research Scientist,Medium,Married,35212,809876,6,0,6,Bad,Low,3,4,3,Best,1,1,1,1,Jeune,Marseille
53,No,Non-Travel,105,Research & Development,41,Master,Life Sciences,Medium,Homme,161,Low,2,Healthcare Representative,Low,Married,16265,325300,7,1,39,Outstanding,High,1,17,1,Bad,17,14,13,1,Senior,Paris
48,No,Travel_Rarely,772,Hardware,47,Doctor,Other,High,Femme,52,Medium,4,Sales Executive,Low,Divorced,39926,1197780,1,0,35,Excellent,Very High,3,29,6,Bad,7,6,4,3,Senior,Lille
25,No,Non-Travel,739,Software,23,Bachelor,Technical Degree,Medium,Femme,51,High,4,Human Resources,High,Married,29887,508079,3,0,11,Good,High,1,21,4,Best,3,2,3,3,Jeune,Nantes
24,Yes,Travel_Frequently,678,Human Resources,41,College,Human Resources,High,Femme,159,High,5,Sales Representative,Medium,Single,13991,97937,2,1,16,Excellent,Low,3,6,6,Better,6,1,3,5,Jeune,Marseille
51,No,Travel_Rarely,719,Research & Development,20,Master,Life Sciences,Very High,Femme,70,Medium,3,Research Scientist,Low,Single,3421,30789,1,1,16,Good,High,4,11,6,Good,1,1,1,1,Senior,Paris
60,Yes,Non-Travel,1394,Hardware,16,College,Other,Very High,Homme,46,Very High,3,Sales Executive,Medium,Married,17578,281248,6,0,4,Good,Medium,2,10,4,Better,4,4,2,1,Senior,Lille
20,Yes,Non-Travel,1012,Human Resources,6,College,Marketing,High,Homme,199,Very High,2,Sales Executive,Very High,Divorced,21191,339056,7,0,7,Bad,Medium,2,7,3,Bad,7,1,7,5,Jeune,Marseille
26,No,Travel_Frequently,1394,Sales,45,Bachelor,Human Resources,Low,Femme,101,High,2,Laboratory Technician,Very High,Married,42649,127947,6,1,39,Bad,Medium,4,34,5,Bad,4,1,1,3,Jeune,Lyon
43,Yes,Travel_Frequently,1264,Support,13,Below College,Life Sciences,Low,Homme,37,Low,5,Manager,Low,Divorced,14601,233616,4,0,15,Excellent,High,4,37,3,Better,15,11,1,2,Adulte,Grenoble
28,Yes,Travel_Rarely,834,Software,44,Bachelor,Marketing,Medium,Homme,32,Low,2,Developer,High,Single,1797,26955,6,0,47,Outstanding,High,1,29,1,Good,10,6,4,4,Jeune,Nantes
47,Yes,Travel_Frequently,612,Support,42,College,Human Resources,High,Femme,191,Very High,1,Developer,Very High,Divorced,29405,352860,0,0,43,Excellent,High,4,6,2,Bad,4,4,2,4,Senior,Grenoble
18,No,Non-Travel,949,Human Resources,36,Below College,Other,High,Homme,149,Low,2,Research Scientist,Very High,Single,23539,235390,4,0,4,Outstanding,Low,3,15,1,Bad,4,4,3,1,Jeune,Marseille
28,Yes,Travel_Frequently,488,Research & Development,12,Doctor,Marketing,Low,Femme,71,Medium,1,Manufacturing Director,Low,Single,15816,173976,1,0,20,Excellent,High,1,3,4,Good,2,2,1,1,Jeune,Paris
41,Yes,Travel_Rarely,1176,Sales,18,College,Medical,Low,Homme,163,Very High,3,Healthcare Representative,Medium,Single,14981,89886,6,0,15,Outstanding,Medium,2,23,3,Better,17,6,8,6,Adulte,Lyon
33,Yes,Non-Travel,934,Software,25,Bachelor,Other,Medium,Femme,190,Medium,1,Research Scientist,Very High,Single,21154,359618,2,0,2,Outstanding,High,3,7,3,Best,6,3,4,5,Adulte,Nantes
46,No,Non-Travel,1450,Sales,8,Below College,Marketing,Very High,Femme,160,Medium,1,Human Resources,Very High,Married,15314,306280,6,0,47,Bad,Very High,4,23,6,Good,7,1,1,1,Senior,Lyon
45,Yes,Travel_Frequently,568,Software,9,Bachelor,Other,Low,Femme,174,High,4,Human Resources,High,Single,27229,408435,0,0,1,Outstanding,High,2,39,3,Good,8,6,1,1,Adulte,Nantes
43,No,Travel_Frequently,736,Hardware,16,Master,Other,Medium,Homme,73,Medium,2,Manager,Very High,Married,26060,182420,3,0,28,Good,Low,3,12,6,Bad,8,7,2,6,Adulte,Lille
28,No,Travel_Rarely,836,Human Resources,32,Below College,Other,Very High,Femme,153,High,3,Healthcare Representative,Very High,Single,37131,74262,1,0,17,Bad,Very High,4,32,4,Good,27,20,12,12,Jeune,Marseille
23,Yes,Travel_Rarely,1354,Research & Development,37,College,Other,Medium,Homme,162,Low,5,Research Scientist,Low,Single,16518,165180,2,1,39,Good,Very High,1,35,5,Best,11,9,8,2,Jeune,Paris
56,No,Travel_Frequently,167,Hardware,21,College,Other,Medium,Femme,82,Low,2,Manufacturing Director,Medium,Single,28623,57246,8,0,10,Excellent,High,2,6,4,Bad,3,1,3,2,Senior,Lille
60,Yes,Non-Travel,1042,Hardware,48,Bachelor,Human Resources,Very High,Homme,105,Low,5,Sales Executive,Low,Married,15340,199420,6,1,30,Outstanding,Very High,1,11,2,Bad,8,1,7,7,Senior,Lille
49,No,Travel_Rarely,382,Sales,26,Doctor,Other,Low,Femme,111,Medium,5,Research Director,Low,Single,3823,80283,0,1,23,Good,Very High,1,1,3,Best,1,1,1,1,Senior,Lyon
32,Yes,Travel_Rarely,1229,Hardware,22,Doctor,Life Sciences,Medium,Homme,156,Medium,5,Manager,Very High,Married,11680,163520,1,0,15,Good,High,4,37,2,Good,27,23,22,9,Adulte,Lille
42,Yes,Travel_Rarely,459,Sales,15,Below College,Marketing,High,Homme,79,Very High,5,Research Scientist,Low,Divorced,27367,519973,5,0,29,Excellent,High,3,8,1,Best,1,1,1,1,Adulte,Lyon
52,Yes,Travel_Rarely,160,Software,12,Bachelor,Technical Degree,High,Femme,185,Medium,1,Research Director,Low,Married,1849,22188,1,0,49,Bad,Medium,2,32,1,Bad,4,3,4,3,Senior,Nantes
52,Yes,Travel_Rarely,730,Human Resources,23,Master,Life Sciences,Very High,Homme,137,Very High,1,Manufacturing Director,Very High,Single,7727,177721,6,0,13,Bad,Medium,4,15,3,Good,5,4,3,4,Senior,Marseille
29,Yes,Travel_Frequently,1449,Research & Development,3,Bachelor,Marketing,High,Femme,120,Very High,4,Laboratory Technician,Medium,Divorced,29913,448695,4,1,20,Outstanding,Low,4,4,1,Bad,2,1,2,1,Jeune,Paris
32,No,Travel_Frequently,285,Human Resources,15,Below College,Marketing,Low,Homme,132,Medium,3,Sales Executive,Very High,Single,38889,194445,0,0,47,Good,Medium,2,35,3,Bad,28,16,16,5,Adulte,Marseille
33,Yes,Travel_Frequently,378,Research & Development,10,College,Marketing,Very High,Femme,107,Medium,2,Sales Executive,High,Divorced,33179,895833,1,0,28,Good,Low,3,19,3,Best,17,17,12,4,Adulte,Paris
55,No,Non-Travel,173,Sales,19,College,Human Resources,Medium,Homme,30,Low,3,Sales Representative,Medium,Single,32066,673386,5,0,14,Excellent,Medium,2,2,6,Bad,2,2,2,1,Senior,Lyon
36,Yes,Travel_Frequently,254,Support,32,Doctor,Other,Very High,Femme,57,High,1,Developer,Very High,Single,16000,432000,1,1,18,Outstanding,High,4,23,3,Good,1,1,1,1,Adulte,Grenoble
53,No,Non-Travel,1477,Research & Development,3,College,Other,Low,Femme,110,Low,2,Research Director,Very High,Married,29639,563141,7,1,33,Outstanding,Low,2,22,4,Good,10,7,6,9,Senior,Paris
31,Yes,Non-Travel,824,Hardware,32,Master,Marketing,Very High,Homme,38,Very High,3,Research Scientist,Low,Single,37832,1097128,6,1,11,Excellent,Medium,1,22,1,Bad,22,8,9,1,Adulte,Lille
44,Yes,Travel_Rarely,333,Sales,29,Bachelor,Life Sciences,Low,Homme,56,High,4,Research Director,Medium,Single,6012,24048,2,1,29,Excellent,Medium,1,19,4,Better,10,6,2,1,Adulte,Lyon
38,No,Travel_Rarely,549,Research & Development,13,Master,Other,Medium,Homme,97,Very High,1,Research Scientist,Medium,Married,13994,125946,0,1,16,Excellent,Low,4,13,6,Best,11,4,1,1,Adulte,Paris
49,Yes,Travel_Frequently,514,Support,41,Below College,Technical Degree,Low,Femme,200,Low,4,Laboratory Technician,Low,Married,22565,383605,1,0,34,Bad,Low,3,28,1,Best,2,2,2,1,Senior,Grenoble
57,Yes,Non-Travel,255,Sales,47,Bachelor,Human Resources,Very High,Homme,196,Medium,4,Research Scientist,Medium,Divorced,40058,961392,1,1,3,Good,Low,3,39,1,Good,39,1,20,5,Senior,Lyon
33,No,Travel_Frequently,1497,Software,38,Below College,Life Sciences,Medium,Femme,198,High,1,Manager,Low,Married,16403,180433,6,1,27,Outstanding,Low,3,40,2,Bad,40,14,21,20,Adulte,Nantes
25,Yes,Travel_Rarely,259,Software,46,Doctor,Life Sciences,Low,Femme,110,High,4,Manager,Low,Single,13308,173004,0,0,44,Bad,Low,3,29,1,Bad,21,12,12,3,Jeune,Nantes
25,No,Travel_Frequently,152,Research & Development,9,College,Human Resources,Very High,Homme,187,Very High,4,Manager,Medium,Married,15075,30150,2,0,26,Good,Medium,3,34,2,Bad,11,2,11,2,Jeune,Paris
39,Yes,Travel_Frequently,178,Hardware,8,Bachelor,Other,Low,Homme,75,Very High,5,Research Scientist,Low,Single,37206,297648,6,0,24,Outstanding,Very High,1,9,3,Bad,9,2,1,9,Adulte,Lille
40,No,Travel_Frequently,1109,Software,19,Below College,Technical Degree,Medium,Homme,136,High,5,Manufacturing Director,Medium,Married,31962,671202,7,0,14,Bad,Low,2,36,1,Bad,18,3,12,17,Adulte,Nantes
41,No,Travel_Rarely,1231,Research & Development,45,Bachelor,Medical,Medium,Homme,65,Low,1,Developer,Low,Married,7310,204680,8,0,1,Excellent,Medium,1,2,1,Best,1,1,1,1,Adulte,Paris
32,No,Travel_Frequently,376,Software,45,College,Human Resources,Medium,Homme,128,High,3,Healthcare Representative,Very High,Married,9511,266308,6,0,38,Bad,High,1,26,2,Better,8,8,5,5,Adulte,Nantes
37,Yes,Non-Travel,1331,Sales,20,Below College,Life Sciences,Medium,Homme,98,High,1,Manager,Low,Divorced,39564,474768,1,0,46,Outstanding,High,3,29,4,Best,23,20,3,19,Adulte,Lyon
31,No,Travel_Frequently,1013,Hardware,8,College,Marketing,Medium,Femme,112,Medium,5,Research Director,Very High,Divorced,40014,360126,4,0,49,Good,Medium,1,24,4,Better,15,13,6,15,Adulte,Lille
31,Yes,Travel_Rarely,285,Software,7,Below College,Other,Very High,Homme,73,Low,1,Sales Executive,Low,Married,14419,374894,7,0,18,Excellent,Very High,3,22,3,Best,14,4,5,8,Adulte,Nantes
29,No,Travel_Rarely,922,Support,7,Below College,Human Resources,Low,Femme,54,Medium,3,Human Resources,High,Married,6112,24448,0,1,26,Excellent,High,4,8,2,Better,4,2,4,3,Jeune,Grenoble
21,Yes,Travel_Frequently,507,Support,23,Doctor,Human Resources,Medium,Femme,60,Very High,3,Human Resources,High,Divorced,22702,272424,8,1,28,Bad,Low,1,14,5,Bad,11,7,3,4,Jeune,Grenoble
48,No,Non-Travel,1041,Hardware,46,Master,Medical,Low,Femme,147,Medium,5,Sales Executive,High,Divorced,45709,411381,1,0,38,Excellent,High,3,6,1,Bad,2,2,2,1,Senior,Lille
41,Yes,Travel_Frequently,226,Support,50,Master,Other,High,Homme,146,Very High,1,Research Director,Low,Divorced,11693,280632,4,1,23,Good,Medium,2,21,3,Bad,19,5,14,15,Adulte,Grenoble
60,No,Travel_Frequently,1339,Human Resources,47,Master,Life Sciences,Medium,Femme,50,Low,1,Developer,Low,Divorced,8490,84900,1,1,21,Good,Medium,3,31,6,Good,19,9,4,11,Senior,Marseille
18,No,Travel_Rarely,342,Software,32,College,Marketing,Very High,Femme,187,Very High,5,Research Scientist,Very High,Single,42318,719406,1,0,18,Good,Very High,3,10,1,Best,2,1,2,1,Jeune,Nantes
49,No,Travel_Frequently,1355,Hardware,27,Master,Marketing,High,Homme,135,Medium,2,Research Scientist,Very High,Single,33734,67468,3,0,28,Outstanding,Low,4,40,2,Better,10,10,8,4,Senior,Lille
44,Yes,Non-Travel,186,Software,15,Bachelor,Other,Medium,Homme,157,High,1,Sales Representative,Medium,Divorced,30929,927870,4,0,30,Excellent,Medium,1,32,5,Good,23,10,10,8,Adulte,Nantes
60,No,Non-Travel,1411,Sales,36,Doctor,Life Sciences,Low,Femme,42,High,1,Healthcare Representative,High,Divorced,41593,1206197,0,0,30,Excellent,Medium,2,22,2,Best,18,3,9,18,Senior,Lyon
48,No,Travel_Frequently,1232,Human Resources,42,Doctor,Human Resources,Very High,Femme,182,Medium,3,Manager,High,Divorced,11581,289525,7,0,22,Good,Very High,2,36,6,Bad,21,5,13,7,Senior,Marseille
57,No,Non-Travel,936,Sales,19,Bachelor,Technical Degree,Very High,Femme,171,High,5,Manager,Low,Married,42540,978420,4,0,21,Outstanding,Very High,4,37,4,Best,7,5,5,6,Senior,Lyon
32,No,Travel_Rarely,332,Software,26,Master,Medical,Very High,Homme,190,Medium,4,Developer,Medium,Divorced,17254,500366,7,0,31,Outstanding,Very High,2,12,5,Best,6,5,2,1,Adulte,Nantes
44,No,Travel_Rarely,516,Research & Development,21,College,Life Sciences,High,Homme,134,Low,2,Human Resources,Medium,Single,32175,386100,7,0,7,Outstanding,Low,4,32,4,Better,23,13,6,8,Adulte,Paris
27,No,Travel_Frequently,615,Software,1,Bachelor,Marketing,Very High,Femme,196,High,1,Healthcare Representative,Medium,Married,40972,286804,7,0,24,Excellent,Medium,1,13,5,Best,11,1,6,8,Jeune,Nantes
21,Yes,Travel_Rarely,626,Research & Development,35,Below College,Medical,Low,Femme,46,Very High,3,Research Scientist,High,Single,1054,1054,0,0,47,Outstanding,Very High,3,12,2,Better,7,1,4,4,Jeune,Paris
33,Yes,Non-Travel,1321,Research & Development,10,Master,Marketing,Very High,Homme,81,High,2,Sales Executive,High,Married,50218,150654,7,0,8,Good,Medium,4,6,2,Good,1,1,1,1,Adulte,Paris
22,No,Travel_Frequently,145,Research & Development,22,Master,Life Sciences,Very High,Femme,134,Very High,5,Human Resources,High,Single,1766,15894,7,1,36,Good,Medium,3,8,6,Better,5,2,3,1,Jeune,Paris
32,Yes,Non-Travel,1005,Hardware,33,Doctor,Medical,Medium,Homme,125,High,2,Developer,Low,Single,40633,1097091,6,1,35,Bad,High,1,29,4,Better,23,14,21,15,Adulte,Lille
26,No,Travel_Frequently,920,Human Resources,28,College,Human Resources,Very High,Femme,175,Very High,1,Manufacturing Director,Low,Divorced,27901,195307,7,1,3,Excellent,Very High,1,24,3,Bad,20,16,10,14,Jeune,Marseille
59,Yes,Travel_Rarely,1300,Hardware,42,Master,Medical,High,Homme,195,Very High,3,Research Scientist,Very High,Divorced,27388,629924,6,0,1,Excellent,Very High,1,28,4,Best,22,20,16,7,Senior,Lille
46,No,Travel_Rarely,1169,Support,14,Doctor,Life Sciences,Medium,Homme,154,Low,1,Developer,High,Single,22141,154987,1,0,16,Bad,Low,1,18,5,Good,9,2,2,5,Senior,Grenoble
53,Yes,Travel_Rarely,158,Human Resources,36,Bachelor,Technical Degree,Medium,Homme,160,Medium,4,Research Scientist,Very High,Divorced,35207,1021003,0,1,37,Good,Very High,1,10,6,Better,9,2,2,2,Senior,Marseille
51,No,Non-Travel,103,Human Resources,41,Doctor,Human Resources,Medium,Femme,151,Medium,4,Laboratory Technician,Very High,Single,43122,733074,6,1,49,Bad,High,2,4,3,Bad,2,1,2,1,Senior,Marseille
54,Yes,Travel_Frequently,260,Research & Development,38,Below College,Life Sciences,Low,Femme,191,High,3,Healthcare Representative,Very High,Single,10444,135772,5,1,42,Good,Low,1,37,5,Better,5,1,1,5,Senior,Paris
49,No,Non-Travel,1449,Software,3,Master,Life Sciences,Low,Femme,48,Very High,4,Developer,Very High,Single,33287,765601,6,0,24,Bad,Low,2,8,2,Better,8,2,8,6,Senior,Nantes
58,Yes,Non-Travel,1215,Support,40,Bachelor,Human Resources,High,Homme,171,Low,3,Human Resources,Low,Divorced,41182,205910,4,0,5,Outstanding,Low,3,2,6,Bad,1,1,1,1,Senior,Grenoble
29,No,Travel_Rarely,1145,Support,22,Master,Human Resources,High,Femme,97,Medium,1,Human Resources,High,Divorced,42392,975016,4,1,22,Good,Very High,1,33,5,Bad,2,2,2,1,Jeune,Grenoble
33,Yes,Non-Travel,542,Human Resources,18,College,Marketing,Medium,Femme,58,Low,3,Research Scientist,High,Divorced,33769,202614,5,1,6,Bad,Medium,2,10,6,Best,7,3,5,3,Adulte,Marseille
48,No,Travel_Rarely,807,Human Resources,26,Below College,Medical,Very High,Femme,94,Very High,4,Research Director,Very High,Divorced,23872,405824,4,0,31,Good,Medium,1,3,4,Better,2,1,1,1,Senior,Marseille
29,No,Travel_Frequently,765,Software,16,Bachelor,Other,Very High,Femme,162,Medium,5,Research Scientist,High,Divorced,6738,60642,5,1,27,Bad,Medium,3,22,6,Better,2,1,1,1,Jeune,Nantes
50,Yes,Travel_Rarely,735,Human Resources,1,Master,Life Sciences,High,Homme,168,Low,1,Developer,Medium,Single,33741,776043,6,1,11,Good,Medium,4,36,4,Better,15,15,12,15,Senior,Marseille
55,Yes,Travel_Rarely,685,Research & Development,33,Bachelor,Medical,Low,Femme,169,Very High,1,Laboratory Technician,Low,Divorced,25547,434299,4,1,13,Excellent,Very High,2,13,6,Bad,4,2,3,1,Senior,Paris
51,Yes,Travel_Rarely,740,Software,8,Master,Technical Degree,Medium,Femme,178,Low,3,Developer,Low,Single,24217,484340,4,1,28,Bad,Medium,2,2,4,Bad,1,1,1,1,Senior,Nantes
51,No,Travel_Frequently,1085,Hardware,14,College,Other,Low,Homme,91,High,3,Human Resources,Very High,Married,14084,42252,1,0,1,Excellent,High,3,1,6,Better,1,1,1,1,Senior,Lille
19,No,Travel_Rarely,1080,Research & Development,32,Bachelor,Life Sciences,High,Homme,102,Low,5,Healthcare Representative,Low,Married,36769,955994,4,0,40,Excellent,Medium,2,37,3,Best,32,27,23,18,Jeune,Paris
43,No,Travel_Frequently,832,Sales,45,Bachelor,Marketing,Medium,Homme,170,Medium,4,Human Resources,Low,Divorced,41353,537589,2,1,0,Bad,Very High,1,12,1,Best,6,2,5,2,Adulte,Lyon
58,Yes,Travel_Frequently,284,Research & Development,33,Master,Human Resources,Very High,Homme,53,Very High,2,Research Director,Low,Single,11759,141108,0,1,27,Excellent,Very High,4,3,3,Better,3,1,2,2,Senior,Paris
22,No,Travel_Rarely,312,Software,6,Doctor,Technical Degree,Low,Homme,70,Medium,5,Healthcare Representative,Low,Single,44309,576017,4,1,32,Outstanding,Medium,3,14,5,Bad,8,7,4,4,Jeune,Nantes
52,Yes,Non-Travel,1040,Sales,40,Doctor,Other,Low,Femme,174,Low,4,Developer,Medium,Married,44370,1153620,7,1,22,Good,Very High,3,28,2,Bad,13,3,6,6,Senior,Lyon
30,Yes,Travel_Frequently,1484,Sales,36,Master,Marketing,Very High,Femme,150,Medium,3,Sales Representative,High,Divorced,10250,51250,0,0,11,Bad,High,3,6,1,Good,1,1,1,1,Jeune,Lyon
38,Yes,Non-Travel,634,Sales,27,Master,Technical Degree,High,Femme,141,Low,5,Research Scientist,High,Single,29024,145120,1,0,9,Bad,Low,3,38,5,Best,30,3,6,11,Adulte,Lyon
20,Yes,Travel_Frequently,1173,Support,35,Below College,Marketing,High,Homme,90,Very High,4,Laboratory Technician,Medium,Single,4723,75568,8,0,0,Outstanding,Low,3,5,3,Best,1,1,1,1,Jeune,Grenoble
24,No,Travel_Rarely,220,Support,43,Doctor,Human Resources,Very High,Homme,154,High,3,Manufacturing Director,Medium,Single,46946,1173650,3,1,17,Good,High,3,14,3,Best,9,7,2,5,Jeune,Grenoble
43,Yes,Non-Travel,1200,Sales,11,College,Life Sciences,Low,Homme,132,Low,4,Manager,Low,Married,43378,477158,6,0,34,Excellent,Very High,1,18,5,Good,2,1,2,1,Adulte,Lyon
40,No,Non-Travel,304,Human Resources,8,Doctor,Life Sciences,Medium,Homme,169,High,2,Sales Executive,Low,Divorced,14096,253728,0,1,47,Outstanding,High,1,17,1,Better,5,2,1,3,Adulte,Marseille
39,Yes,Travel_Rarely,461,Research & Development,41,Doctor,Human Resources,Low,Homme,143,Medium,1,Research Director,Medium,Divorced,18698,355262,4,1,35,Good,High,3,37,6,Better,11,4,4,9,Adulte,Paris
28,Yes,Travel_Frequently,611,Hardware,25,Doctor,Technical Degree,Low,Homme,172,Low,4,Research Scientist,High,Single,19128,382560,8,0,6,Excellent,High,3,16,3,Good,3,2,1,1,Jeune,Lille
35,No,Travel_Frequently,254,Hardware,27,College,Medical,High,Femme,124,High,4,Developer,Medium,Single,5054,50540,5,0,18,Excellent,Medium,4,8,1,Better,6,4,1,6,Adulte,Lille
56,Yes,Travel_Frequently,445,Sales,40,Bachelor,Other,Low,Homme,58,Very High,3,Manager,Very High,Single,43582,43582,7,1,34,Excellent,Medium,1,22,2,Best,5,1,4,2,Senior,Lyon
33,No,Travel_Rarely,1269,Hardware,35,College,Life Sciences,High,Femme,30,Very High,5,Laboratory Technician,Very High,Divorced,28016,812464,4,0,9,Excellent,Very High,1,32,5,Better,20,9,6,9,Adulte,Lille
35,Yes,Non-Travel,180,Support,26,College,Life Sciences,Very High,Femme,103,High,5,Research Director,Very High,Married,18992,227904,3,1,32,Excellent,High,4,15,3,Bad,11,11,6,11,Adulte,Grenoble
40,No,Travel_Rarely,436,Human Resources,28,Master,Life Sciences,Medium,Homme,41,High,5,Manager,Medium,Married,46361,231805,8,1,37,Bad,Medium,1,3,3,Better,3,2,1,1,Adulte,Marseille
29,Yes,Travel_Frequently,714,Software,5,Doctor,Life Sciences,Medium,Homme,184,Low,5,Manager,Very High,Married,38086,190430,5,0,24,Outstanding,Low,1,9,3,Best,8,6,8,5,Jeune,Nantes
54,No,Non-Travel,359,Hardware,47,Bachelor,Human Resources,High,Femme,84,Medium,1,Healthcare Representative,Very High,Married,7711,169642,3,1,38,Excellent,Low,4,7,2,Better,4,3,1,4,Senior,Lille
30,No,Travel_Rarely,813,Software,46,Master,Marketing,High,Homme,179,Low,5,Sales Representative,Very High,Divorced,49785,348495,6,0,46,Outstanding,Medium,1,17,2,Good,5,2,5,3,Jeune,Nantes
43,Yes,Non-Travel,1005,Human Resources,44,Doctor,Human Resources,High,Homme,187,Medium,1,Laboratory Technician,Very High,Single,1245,1245,5,1,28,Outstanding,Medium,2,31,5,Bad,22,3,6,4,Adulte,Marseille
38,Yes,Travel_Frequently,1083,Support,39,Below College,Human Resources,Medium,Femme,128,Medium,4,Manager,Low,Married,30172,30172,6,1,45,Outstanding,Medium,2,8,3,Best,2,1,1,2,Adulte,Grenoble
23,Yes,Travel_Rarely,1099,Sales,26,Master,Technical Degree,Medium,Femme,34,High,4,Developer,Medium,Married,43413,564369,4,1,45,Excellent,High,2,33,6,Bad,8,6,5,8,Jeune,Lyon
33,Yes,Travel_Frequently,1199,Research & Development,7,Bachelor,Other,High,Femme,112,High,4,Manager,Medium,Divorced,34133,238931,2,1,17,Excellent,High,1,16,5,Better,16,7,11,9,Adulte,Paris
30,No,Non-Travel,592,Research & Development,4,Master,Medical,High,Homme,60,Very High,5,Sales Representative,Low,Single,45104,811872,0,0,37,Good,Medium,4,32,5,Good,31,27,21,1,Jeune,Paris
21,No,Travel_Frequently,1211,Human Resources,25,Below College,Medical,Medium,Homme,47,Medium,4,Research Director,Medium,Single,44838,1345140,8,0,8,Excellent,Low,4,4,3,Bad,2,1,2,2,Jeune,Marseille
21,No,Travel_Rarely,135,Support,15,Doctor,Marketing,High,Femme,156,High,4,Healthcare Representative,High,Single,21189,381402,1,1,38,Outstanding,Very High,3,8,1,Better,1,1,1,1,Jeune,Grenoble
45,No,Travel_Frequently,1280,Software,34,Below College,Medical,Medium,Homme,138,High,2,Healthcare Representative,Low,Single,50770,152310,5,0,10,Good,High,4,2,1,Good,1,1,1,1,Adulte,Nantes
48,Yes,Travel_Rarely,854,Human Resources,9,College,Other,High,Homme,120,Medium,1,Developer,Low,Single,15887,365401,0,1,23,Bad,Medium,2,9,3,Good,5,3,5,3,Senior,Marseille
35,No,Non-Travel,153,Human Resources,4,Doctor,Other,Very High,Femme,200,Low,3,Laboratory Technician,Very High,Divorced,42480,552240,5,1,43,Outstanding,High,3,28,5,Good,12,10,11,5,Adulte,Marseille
29,No,Travel_Frequently,1025,Support,25,Doctor,Marketing,Very High,Femme,56,Very High,3,Research Scientist,Low,Married,29891,567929,2,1,3,Excellent,Very High,2,36,4,Best,5,1,5,3,Jeune,Grenoble
49,Yes,Travel_Rarely,1434,Human Resources,43,Doctor,Human Resources,High,Femme,56,Low,3,Research Director,Medium,Divorced,33750,303750,3,1,22,Bad,Very High,4,22,3,Best,9,9,4,6,Senior,Marseille
21,No,Travel_Rarely,676,Research & Development,21,Master,Technical Degree,Medium,Homme,163,Medium,1,Healthcare Representative,High,Divorced,47686,1001406,4,0,38,Excellent,Very High,4,40,6,Best,38,24,26,23,Jeune,Paris
35,No,Non-Travel,636,Research & Development,46,Bachelor,Other,High,Homme,171,Very High,1,Laboratory Technician,Very High,Single,24365,121825,1,0,40,Excellent,Very High,2,30,2,Bad,24,21,4,10,Adulte,Paris
31,Yes,Non-Travel,206,Sales,30,Bachelor,Technical Degree,Medium,Homme,70,Low,3,Sales Executive,Very High,Divorced,26000,598000,7,0,2,Bad,Low,2,25,1,Good,13,11,2,4,Adulte,Lyon
59,Yes,Travel_Frequently,619,Support,43,Below College,Human Resources,Low,Homme,180,Very High,5,Human Resources,Very High,Married,34169,136676,8,1,28,Bad,Medium,2,5,3,Best,2,1,2,1,Senior,Grenoble
46,Yes,Travel_Rarely,526,Hardware,7,Below College,Marketing,High,Femme,153,Low,5,Human Resources,Low,Divorced,16828,488012,1,1,0,Excellent,Medium,3,14,1,Good,6,4,6,4,Senior,Lille
28,Yes,Travel_Rarely,1062,Support,30,Below College,Life Sciences,High,Homme,200,High,1,Human Resources,Low,Single,50598,860166,8,1,5,Outstanding,Low,2,24,4,Better,20,11,3,14,Jeune,Grenoble
38,No,Travel_Rarely,1340,Sales,25,Bachelor,Medical,Medium,Homme,138,Medium,4,Manager,Medium,Divorced,10963,219260,8,0,39,Excellent,Very High,4,4,6,Best,4,4,1,3,Adulte,Lyon
59,No,Travel_Frequently,465,Support,1,Bachelor,Technical Degree,High,Homme,124,Medium,5,Developer,High,Single,44382,710112,3,1,48,Good,Low,4,6,2,Better,2,1,2,1,Senior,Grenoble
56,Yes,Travel_Frequently,157,Support,8,Bachelor,Other,Low,Homme,48,High,5,Sales Executive,Medium,Married,50470,252350,5,1,46,Bad,Very High,1,15,4,Bad,2,1,2,2,Senior,Grenoble
51,No,Travel_Frequently,480,Support,46,Master,Medical,Very High,Femme,146,High,4,Sales Executive,Medium,Divorced,20590,329440,1,0,28,Outstanding,Low,1,20,3,Best,19,16,17,17,Senior,Grenoble
32,Yes,Travel_Rarely,571,Human Resources,41,Doctor,Marketing,Very High,Femme,92,High,4,Healthcare Representative,High,Married,21046,505104,0,1,40,Good,High,4,15,5,Bad,13,4,13,2,Adulte,Marseille
33,Yes,Non-Travel,1311,Software,20,Master,Medical,High,Homme,188,High,4,Manufacturing Director,High,Divorced,34723,763906,7,0,14,Excellent,High,3,14,2,Bad,7,5,6,6,Adulte,Nantes
54,Yes,Travel_Rarely,859,Human Resources,7,Bachelor,Life Sciences,Medium,Homme,30,Low,4,Research Scientist,High,Divorced,47695,763120,6,0,40,Excellent,Very High,4,1,5,Good,1,1,1,1,Senior,Marseille
35,No,Travel_Rarely,1107,Research & Development,49,Below College,Other,Very High,Homme,47,Very High,2,Human Resources,High,Divorced,16026,80130,7,0,12,Good,High,1,33,1,Bad,9,4,4,9,Adulte,Paris
58,No,Travel_Rarely,172,Support,26,Bachelor,Life Sciences,Low,Homme,154,Medium,3,Research Director,Low,Divorced,29670,415380,2,0,40,Bad,Medium,4,16,3,Good,8,7,7,4,Senior,Grenoble
48,No,Travel_Frequently,1398,Human Resources,28,College,Other,High,Homme,49,Medium,2,Sales Executive,Very High,Divorced,2723,21784,1,0,16,Excellent,Very High,2,10,2,Better,8,2,1,1,Senior,Marseille
57,Yes,Travel_Frequently,1065,Hardware,18,Master,Other,Medium,Femme,79,Very High,1,Manager,Medium,Divorced,13101,379929,1,1,42,Good,High,3,13,6,Better,6,3,6,1,Senior,Lille
30,No,Travel_Rarely,1380,Research & Development,31,Doctor,Life Sciences,Low,Homme,197,High,3,Manufacturing Director,Medium,Married,6339,44373,0,0,20,Excellent,Medium,1,29,2,Good,10,3,7,6,Jeune,Paris
19,Yes,Non-Travel,112,Support,38,Doctor,Other,Very High,Femme,110,High,3,Research Scientist,Very High,Divorced,12260,306500,0,0,34,Good,Very High,3,34,4,Good,14,2,6,12,Jeune,Grenoble
54,Yes,Non-Travel,606,Human Resources,31,Below College,Life Sciences,Low,Femme,64,High,1,Manufacturing Director,Low,Single,34829,417948,2,0,42,Bad,Medium,2,38,4,Better,30,9,20,2,Senior,Marseille
48,Yes,Travel_Frequently,698,Sales,36,Bachelor,Life Sciences,High,Femme,115,High,5,Sales Representative,High,Divorced,2897,23176,8,0,43,Excellent,Low,3,26,6,Better,18,10,13,10,Senior,Lyon
43,No,Non-Travel,586,Software,7,Master,Other,Medium,Femme,79,Medium,3,Research Scientist,Low,Divorced,16670,66680,4,0,25,Bad,Very High,4,3,3,Good,3,1,2,3,Adulte,Nantes
47,Yes,Travel_Frequently,1188,Sales,4,Bachelor,Marketing,Very High,Femme,67,High,1,Developer,Very High,Divorced,23585,188680,0,1,48,Outstanding,Very High,3,6,4,Better,6,3,6,5,Senior,Lyon
30,Yes,Non-Travel,354,Software,27,Bachelor,Medical,Low,Femme,47,Medium,4,Manager,Medium,Divorced,30623,581837,3,0,46,Bad,Low,2,3,4,Best,3,2,1,2,Jeune,Nantes
25,No,Non-Travel,284,Sales,49,Bachelor,Marketing,Low,Femme,173,Low,3,Manager,High,Single,33501,670020,7,0,9,Good,Medium,3,22,2,Good,2,2,1,1,Jeune,Lyon
25,Yes,Non-Travel,1018,Software,6,Bachelor,Life Sciences,Medium,Femme,69,Low,4,Sales Representative,Medium,Married,8345,41725,5,0,32,Excellent,Medium,3,16,4,Best,8,6,4,1,Jeune,Nantes
59,No,Non-Travel,1499,Sales,31,Master,Other,Very High,Homme,55,Very High,5,Manager,Low,Single,37605,75210,5,1,8,Bad,High,2,29,6,Best,14,2,4,6,Senior,Lyon
59,No,Non-Travel,1029,Support,36,Bachelor,Technical Degree,Medium,Homme,146,Very High,1,Research Director,Medium,Divorced,39540,474480,8,1,21,Bad,Low,3,1,3,Good,1,1,1,1,Senior,Grenoble
23,Yes,Non-Travel,397,Research & Development,10,Master,Human Resources,High,Femme,113,High,5,Sales Representative,Low,Single,2626,36764,2,1,43,Good,High,2,23,4,Best,15,12,4,12,Jeune,Paris
33,No,Travel_Rarely,695,Sales,37,Below College,Technical Degree,Low,Homme,112,Very High,3,Healthcare Representative,Very High,Married,21839,524136,1,1,7,Bad,Medium,2,16,6,Bad,1,1,1,1,Adulte,Lyon
22,Yes,Travel_Rarely,282,Sales,42,Below College,Marketing,Low,Femme,183,High,3,Healthcare Representative,High,Married,49813,199252,5,0,38,Outstanding,High,4,24,2,Better,11,7,11,2,Jeune,Lyon
28,No,Non-Travel,1183,Research & Development,36,Bachelor,Technical Degree,High,Homme,46,High,2,Developer,Low,Married,10089,70623,0,1,32,Bad,Very High,1,21,5,Better,10,1,7,7,Jeune,Paris
55,No,Travel_Rarely,1465,Hardware,25,College,Marketing,High,Homme,58,High,5,Healthcare Representative,Low,Single,22879,68637,4,0,3,Excellent,Medium,2,20,5,Bad,1,1,1,1,Senior,Lille
24,No,Travel_Rarely,424,Support,2,Doctor,Human Resources,Low,Femme,142,Very High,4,Manager,Low,Single,32248,451472,8,1,20,Bad,High,2,21,5,Better,14,6,3,4,Jeune,Grenoble
51,No,Travel_Rarely,683,Human Resources,17,Doctor,Medical,Low,Femme,159,High,2,Research Scientist,Low,Single,42077,378693,6,1,7,Excellent,High,4,9,5,Better,5,2,5,4,Senior,Marseille
25,Yes,Travel_Rarely,1273,Support,17,College,Technical Degree,Low,Homme,103,Medium,3,Manufacturing Director,Very High,Single,1568,1568,5,1,20,Bad,Very High,3,9,4,Bad,8,1,4,8,Jeune,Grenoble
22,No,Travel_Frequently,1122,Support,2,College,Other,Medium,Femme,182,High,5,Research Director,Very High,Divorced,17852,196372,5,0,38,Bad,Low,2,29,6,Good,21,11,20,14,Jeune,Grenoble
41,No,Travel_Frequently,1424,Support,37,Bachelor,Marketing,Medium,Homme,42,Low,3,Sales Representative,Low,Divorced,17253,258795,2,0,2,Outstanding,Very High,4,29,3,Best,25,19,13,12,Adulte,Grenoble
41,Yes,Travel_Frequently,288,Sales,49,College,Technical Degree,High,Homme,43,Medium,3,Laboratory Technician,High,Single,9989,149835,1,0,45,Outstanding,High,2,16,5,Better,1,1,1,1,Adulte,Lyon
54,Yes,Non-Travel,751,Sales,48,Below College,Human Resources,Medium,Homme,119,High,2,Healthcare Representative,Medium,Divorced,8285,132560,8,0,12,Good,Medium,3,32,5,Bad,22,11,20,3,Senior,Lyon
21,No,Travel_Frequently,311,Human Resources,15,Bachelor,Marketing,High,Femme,40,Low,3,Manufacturing Director,High,Single,30720,768000,2,0,33,Good,Very High,4,37,6,Good,11,1,7,7,Jeune,Marseille
22,No,Travel_Rarely,477,Sales,1,Master,Medical,High,Femme,147,Low,5,Laboratory Technician,Very High,Divorced,37594,112782,5,0,9,Outstanding,Low,2,29,3,Bad,28,19,5,10,Jeune,Lyon
52,Yes,Travel_Rarely,201,Support,12,Doctor,Medical,Very High,Femme,190,Medium,4,Manager,High,Married,2703,37842,4,1,20,Good,Low,3,30,1,Good,27,9,9,10,Senior,Grenoble
33,Yes,Non-Travel,1106,Sales,49,Bachelor,Human Resources,Medium,Femme,47,Very High,4,Sales Executive,Very High,Single,46277,370216,4,0,45,Excellent,Low,2,4,6,Better,4,3,1,2,Adulte,Lyon
21,No,Travel_Frequently,1344,Support,22,Doctor,Marketing,Medium,Femme,158,Very High,4,Developer,High,Married,45329,906580,2,1,17,Good,Very High,1,40,3,Best,9,2,7,8,Jeune,Grenoble
55,No,Travel_Rarely,860,Software,42,Doctor,Human Resources,Medium,Homme,95,Very High,3,Manufacturing Director,Very High,Single,30035,90105,8,1,7,Bad,Low,3,10,5,Better,7,3,5,4,Senior,Nantes
48,Yes,Travel_Frequently,472,Human Resources,40,Master,Human Resources,Medium,Femme,43,Medium,2,Research Scientist,Low,Married,25281,429777,4,0,31,Bad,High,4,4,1,Better,2,2,2,2,Senior,Marseille
41,Yes,Travel_Frequently,850,Support,38,Below College,Marketing,Very High,Homme,51,Medium,5,Healthcare Representative,Low,Single,2529,30348,2,0,1,Excellent,Very High,3,28,5,Good,22,12,6,8,Adulte,Grenoble
20,No,Travel_Frequently,691,Support,11,Master,Other,High,Femme,68,High,1,Developer,High,Divorced,19793,356274,1,0,34,Outstanding,Low,1,11,4,Bad,7,6,4,4,Jeune,Grenoble
37,No,Travel_Rarely,1199,Software,11,Below College,Life Sciences,Medium,Homme,103,Low,4,Research Director,Medium,Married,12836,102688,6,1,13,Outstanding,High,1,28,6,Good,17,10,16,10,Adulte,Nantes
40,No,Travel_Frequently,1476,Support,22,Below College,Marketing,High,Femme,43,Very High,2,Manager,Very High,Married,3539,102631,7,1,6,Bad,High,3,14,4,Best,2,2,2,2,Adulte,Grenoble
36,No,Non-Travel,666,Hardware,26,Below College,Life Sciences,High,Femme,100,High,4,Sales Executive,High,Married,46691,326837,0,1,10,Bad,Very High,1,25,5,Bad,4,3,1,4,Adulte,Lille
41,Yes,Non-Travel,346,Sales,39,Doctor,Marketing,Very High,Femme,162,Low,2,Sales Executive,Very High,Divorced,32590,32590,8,1,29,Excellent,Medium,1,34,2,Better,13,9,12,5,Adulte,Lyon
33,No,Travel_Frequently,1490,Software,50,Doctor,Marketing,High,Homme,66,Very High,4,Research Director,Very High,Single,3716,55740,6,0,48,Bad,High,4,40,2,Good,10,7,6,8,Adulte,Nantes
25,No,Non-Travel,1436,Support,8,Below College,Marketing,High,Femme,157,High,1,Research Director,Medium,Single,11387,307449,4,1,19,Bad,Low,1,23,1,Better,7,6,3,6,Jeune,Grenoble
39,No,Travel_Frequently,491,Human Resources,38,Bachelor,Marketing,Medium,Homme,111,Low,4,Sales Executive,Medium,Married,5298,95364,1,1,9,Outstanding,Low,2,12,1,Better,7,3,4,3,Adulte,Marseille
55,Yes,Non-Travel,1328,Human Resources,4,Below College,Human Resources,High,Femme,155,Very High,5,Research Director,Very High,Single,41149,987576,5,0,40,Outstanding,High,4,14,6,Good,11,8,7,7,Senior,Marseille
46,No,Travel_Rarely,1061,Support,39,Doctor,Other,Very High,Homme,69,Medium,1,Human Resources,High,Single,50331,1308606,7,0,12,Good,Medium,3,29,1,Better,8,2,3,8,Senior,Grenoble
19,Yes,Travel_Frequently,1311,Support,22,Below College,Life Sciences,High,Femme,173,Medium,1,Research Director,High,Single,10674,106740,6,0,17,Excellent,Very High,3,9,1,Best,6,1,2,5,Jeune,Grenoble
46,Yes,Travel_Rarely,1165,Hardware,37,Below College,Other,Medium,Femme,142,Medium,4,Manager,High,Divorced,48489,1066758,3,1,15,Outstanding,High,3,32,5,Bad,14,11,10,3,Senior,Lille
39,Yes,Non-Travel,323,Hardware,9,Master,Technical Degree,High,Homme,166,Very High,2,Human Resources,Low,Married,2951,50167,5,0,12,Outstanding,High,4,30,5,Bad,27,11,10,13,Adulte,Lille
54,Yes,Travel_Frequently,1094,Human Resources,49,Doctor,Life Sciences,Low,Femme,82,Low,5,Manufacturing Director,Low,Single,23232,69696,1,0,5,Good,High,1,15,4,Better,15,9,15,14,Senior,Marseille
58,No,Non-Travel,213,Support,50,College,Medical,High,Homme,190,Very High,4,Sales Representative,Very High,Single,3535,91910,4,0,11,Bad,Very High,3,28,5,Best,25,12,18,23,Senior,Grenoble
20,No,Non-Travel,810,Hardware,14,College,Medical,Medium,Homme,111,Low,4,Laboratory Technician,High,Single,39223,274561,6,1,18,Outstanding,Medium,4,13,5,Best,11,4,6,11,Jeune,Lille
53,Yes,Non-Travel,705,Human Resources,6,Master,Human Resources,Very High,Homme,125,Very High,2,Developer,High,Single,9118,27354,0,0,13,Bad,Medium,2,25,1,Best,13,9,10,2,Senior,Marseille
55,Yes,Non-Travel,481,Sales,20,Master,Life Sciences,High,Femme,47,Low,1,Research Scientist,Very High,Divorced,21344,106720,6,1,29,Outstanding,Very High,4,5,2,Better,5,3,1,1,Senior,Lyon
41,Yes,Travel_Rarely,997,Human Resources,26,Below College,Marketing,Medium,Femme,141,Low,1,Research Scientist,Low,Single,47230,1039060,2,1,27,Good,High,4,7,4,Best,1,1,1,1,Adulte,Marseille
33,Yes,Travel_Rarely,1384,Sales,42,Bachelor,Life Sciences,Medium,Femme,69,Medium,3,Sales Executive,High,Single,45004,810072,3,0,21,Outstanding,Medium,4,40,2,Best,11,11,7,10,Adulte,Lyon
58,No,Travel_Rarely,1475,Sales,45,Doctor,Life Sciences,Low,Femme,80,High,5,Developer,Medium,Single,30509,274581,6,0,20,Good,High,4,25,2,Best,9,1,5,8,Senior,Lyon
42,No,Non-Travel,451,Sales,40,College,Technical Degree,Very High,Femme,174,High,3,Laboratory Technician,Very High,Married,39926,359334,2,1,37,Outstanding,Low,1,22,2,Best,18,1,8,5,Adulte,Lyon
55,Yes,Travel_Frequently,775,Sales,42,Below College,Life Sciences,Medium,Homme,34,Medium,3,Sales Executive,High,Divorced,31488,220416,7,0,20,Bad,Very High,3,25,6,Good,8,1,7,1,Senior,Lyon
29,No,Travel_Frequently,160,Human Resources,37,College,Other,High,Femme,176,Low,2,Human Resources,High,Married,12093,145116,1,0,9,Excellent,Very High,4,30,5,Bad,20,4,19,11,Jeune,Marseille
18,No,Non-Travel,569,Support,29,Below College,Human Resources,Medium,Femme,38,Very High,5,Healthcare Representative,High,Married,26313,657825,0,0,14,Bad,Low,2,37,6,Good,16,16,12,9,Jeune,Grenoble
27,Yes,Travel_Frequently,1125,Sales,40,Doctor,Life Sciences,Very High,Femme,79,Low,1,Human Resources,Very High,Married,1046,4184,0,1,3,Good,Very High,3,33,2,Best,29,21,20,28,Jeune,Lyon
60,No,Travel_Rarely,1409,Research & Development,14,College,Medical,High,Femme,66,Medium,3,Healthcare Representative,Very High,Divorced,18356,183560,4,1,3,Good,Low,2,6,4,Best,1,1,1,1,Senior,Paris
28,No,Travel_Rarely,1177,Support,42,Doctor,Other,Medium,Femme,42,Low,3,Sales Executive,High,Married,2229,26748,6,0,22,Bad,High,4,25,4,Bad,2,1,1,2,Jeune,Grenoble
36,No,Travel_Rarely,1313,Software,47,Master,Medical,Low,Homme,182,Very High,4,Sales Executive,High,Married,15142,333124,3,0,40,Excellent,Very High,1,18,5,Good,14,4,5,9,Adulte,Nantes
38,No,Non-Travel,1237,Sales,10,College,Medical,Very High,Femme,198,Medium,1,Sales Executive,High,Married,46547,139641,8,1,5,Bad,Very High,2,2,4,Good,1,1,1,1,Adulte,Lyon
28,No,Non-Travel,725,Sales,14,Bachelor,Human Resources,Medium,Homme,97,Very High,1,Research Scientist,Medium,Divorced,44537,668055,4,0,37,Excellent,Very High,1,20,6,Good,13,12,8,1,Jeune,Lyon
36,Yes,Travel_Rarely,421,Human Resources,11,Bachelor,Marketing,Very High,Femme,146,Low,1,Developer,Medium,Married,41850,544050,0,1,37,Outstanding,Medium,4,8,3,Good,3,3,3,1,Adulte,Marseille
50,Yes,Travel_Frequently,1022,Sales,5,Doctor,Life Sciences,Very High,Homme,111,Medium,3,Research Director,High,Divorced,8627,138032,4,1,29,Excellent,Very High,3,32,5,Better,1,1,1,1,Senior,Lyon
36,No,Travel_Frequently,1002,Software,9,College,Life Sciences,Medium,Homme,155,Medium,2,Research Scientist,Very High,Single,43515,87030,3,1,15,Excellent,Very High,1,34,3,Bad,31,10,14,20,Adulte,Nantes
34,Yes,Travel_Frequently,904,Human Resources,10,Below College,Life Sciences,High,Femme,196,High,2,Human Resources,High,Married,36236,942136,4,0,32,Excellent,Very High,4,32,1,Best,8,2,4,2,Adulte,Marseille
60,Yes,Travel_Frequently,772,Sales,12,Doctor,Marketing,Medium,Femme,68,Medium,1,Laboratory Technician,Very High,Divorced,33811,811464,0,0,24,Excellent,Very High,1,18,5,Good,9,5,1,6,Senior,Lyon
38,No,Travel_Frequently,957,Human Resources,27,Bachelor,Marketing,Medium,Femme,173,Medium,2,Human Resources,Very High,Married,7509,82599,4,0,28,Outstanding,High,2,31,5,Best,2,2,1,1,Adulte,Marseille
58,Yes,Travel_Frequently,1125,Support,11,Bachelor,Medical,Low,Femme,86,Low,1,Research Scientist,Medium,Married,2250,27000,5,0,3,Excellent,Medium,1,10,4,Best,9,8,3,2,Senior,Grenoble
27,Yes,Travel_Frequently,401,Support,24,Below College,Medical,High,Homme,193,Very High,3,Sales Executive,Very High,Single,36505,584080,1,0,12,Good,High,4,30,5,Better,14,8,6,6,Jeune,Grenoble
39,Yes,Travel_Frequently,692,Research & Development,45,Master,Other,Very High,Femme,170,Low,1,Developer,Medium,Divorced,31597,695134,6,1,2,Bad,Low,1,23,4,Better,13,12,5,6,Adulte,Paris
27,Yes,Travel_Rarely,1226,Research & Development,15,Master,Life Sciences,Very High,Homme,109,Medium,2,Laboratory Technician,Low,Single,10235,153525,8,1,49,Good,Medium,3,2,1,Bad,2,1,2,1,Jeune,Paris
32,No,Travel_Frequently,771,Sales,39,Master,Life Sciences,High,Femme,126,Very High,1,Research Director,Low,Single,6733,188524,1,0,10,Good,Low,3,31,4,Best,4,2,1,2,Adulte,Lyon
33,Yes,Travel_Rarely,227,Software,1,Master,Life Sciences,Low,Femme,142,Very High,1,Laboratory Technician,Medium,Divorced,45084,270504,2,1,44,Bad,Very High,4,33,1,Best,7,6,1,4,Adulte,Nantes
49,No,Travel_Rarely,1467,Research & Development,17,College,Medical,Very High,Femme,80,Medium,4,Healthcare Representative,Low,Divorced,26053,130265,6,1,18,Good,Very High,1,12,1,Best,11,11,7,7,Senior,Paris
24,No,Travel_Frequently,237,Sales,28,Bachelor,Human Resources,Low,Homme,122,Low,5,Developer,High,Single,34050,68100,8,1,25,Outstanding,Very High,1,3,4,Bad,2,1,2,1,Jeune,Lyon
23,No,Travel_Frequently,1482,Software,33,Master,Human Resources,Medium,Femme,103,High,2,Human Resources,Very High,Divorced,7597,151940,5,1,24,Excellent,Medium,2,33,1,Good,4,1,4,1,Jeune,Nantes
32,No,Travel_Frequently,776,Software,36,Doctor,Human Resources,Very High,Femme,135,Low,1,Laboratory Technician,Very High,Divorced,20747,41494,3,1,27,Bad,Low,2,32,4,Best,15,10,4,13,Adulte,Nantes
44,No,Travel_Rarely,795,Human Resources,33,Below College,Life Sciences,Very High,Femme,116,Low,2,Sales Representative,Low,Married,44591,1248548,4,0,29,Bad,High,4,16,2,Better,16,11,10,15,Adulte,Marseille
49,No,Non-Travel,103,Research & Development,13,Master,Other,Low,Homme,124,High,4,Human Resources,Low,Single,48593,194372,6,1,35,Bad,Low,4,10,1,Bad,2,2,2,1,Senior,Paris
31,Yes,Travel_Rarely,238,Sales,17,College,Human Resources,Medium,Homme,136,Medium,5,Manufacturing Director,Very High,Married,27591,55182,1,1,27,Excellent,Very High,4,10,2,Best,9,2,6,2,Adulte,Lyon
50,No,Travel_Rarely,404,Hardware,19,Bachelor,Other,Low,Femme,160,Low,2,Sales Executive,High,Single,46144,1107456,0,0,42,Excellent,Very High,2,24,1,Better,21,14,20,1,Senior,Lille
41,No,Travel_Frequently,731,Human Resources,46,Bachelor,Medical,Medium,Homme,198,High,4,Sales Representative,Very High,Single,12916,361648,0,1,4,Outstanding,Medium,2,15,2,Best,12,4,9,8,Adulte,Marseille
41,Yes,Travel_Rarely,1193,Support,8,Bachelor,Life Sciences,High,Femme,37,Very High,2,Research Director,Very High,Single,21988,505724,5,0,35,Outstanding,Very High,3,15,3,Good,10,7,1,7,Adulte,Grenoble
40,No,Travel_Rarely,1076,Sales,31,Below College,Marketing,Low,Femme,79,High,1,Manager,High,Married,29555,325105,7,0,45,Excellent,Very High,2,11,5,Good,6,4,1,4,Adulte,Lyon
19,Yes,Travel_Frequently,1358,Sales,41,Doctor,Human Resources,High,Femme,170,Low,4,Sales Representative,Very High,Single,5148,10296,4,1,20,Bad,Low,1,15,6,Bad,14,14,2,3,Jeune,Lyon
48,No,Travel_Frequently,573,Support,24,Doctor,Technical Degree,Very High,Homme,162,Low,5,Manufacturing Director,Very High,Single,29243,614103,3,0,37,Good,Medium,1,19,4,Better,15,2,15,11,Senior,Grenoble
39,Yes,Travel_Frequently,1236,Software,50,Master,Human Resources,High,Femme,144,Very High,2,Laboratory Technician,Medium,Single,29439,529902,7,1,4,Excellent,High,1,11,3,Better,4,2,1,3,Adulte,Nantes
54,No,Travel_Frequently,454,Sales,31,College,Marketing,Low,Homme,195,Medium,2,Laboratory Technician,Very High,Divorced,46884,703260,6,0,20,Outstanding,Medium,1,21,3,Better,2,2,1,2,Senior,Lyon
18,No,Travel_Frequently,648,Sales,10,Bachelor,Technical Degree,Low,Homme,35,Low,3,Laboratory Technician,Medium,Divorced,22694,68082,8,1,20,Outstanding,Medium,3,28,6,Good,25,2,23,2,Jeune,Lyon
59,No,Travel_Frequently,1306,Sales,29,Master,Human Resources,High,Homme,124,Low,3,Developer,Low,Divorced,1015,6090,1,1,19,Excellent,Low,2,35,2,Best,22,1,7,3,Senior,Lyon
28,Yes,Non-Travel,373,Hardware,5,Doctor,Marketing,Very High,Femme,118,High,4,Human Resources,High,Single,24324,510804,8,1,2,Outstanding,Low,4,30,5,Good,26,11,13,10,Jeune,Lille
38,Yes,Travel_Frequently,970,Sales,45,Below College,Technical Degree,High,Femme,179,Medium,5,Human Resources,High,Married,26498,423968,7,0,42,Bad,Very High,1,18,5,Better,4,3,3,3,Adulte,Lyon
24,No,Travel_Rarely,886,Human Resources,33,Master,Marketing,Medium,Homme,33,High,2,Manager,High,Married,17126,239764,4,1,13,Bad,Low,2,7,1,Better,7,3,2,6,Jeune,Marseille
52,No,Travel_Rarely,591,Sales,1,Below College,Other,Low,Homme,199,Very High,3,Sales Representative,Low,Married,44123,1235444,5,1,23,Excellent,Medium,3,9,4,Best,1,1,1,1,Senior,Lyon
55,No,Travel_Frequently,963,Human Resources,50,College,Medical,High,Homme,136,Very High,3,Developer,Very High,Divorced,21790,196110,5,0,45,Bad,High,4,29,6,Best,16,11,2,12,Senior,Marseille
60,No,Travel_Rarely,219,Sales,45,Bachelor,Other,Medium,Homme,88,Low,1,Research Director,Very High,Single,34314,549024,2,0,36,Excellent,Low,1,36,2,Best,26,10,22,21,Senior,Lyon
48,Yes,Non-Travel,455,Support,11,Master,Marketing,High,Femme,30,Low,5,Laboratory Technician,Medium,Single,15040,105280,8,1,43,Bad,Very High,4,10,5,Good,3,2,3,3,Senior,Grenoble
39,Yes,Travel_Rarely,706,Sales,17,Doctor,Medical,Medium,Femme,90,Low,1,Manager,Low,Divorced,44624,267744,6,0,7,Bad,Low,2,16,5,Good,15,14,8,2,Adulte,Lyon
53,No,Travel_Frequently,734,Hardware,22,Master,Marketing,High,Femme,164,Low,4,Manager,Medium,Married,44843,269058,7,1,33,Bad,Medium,1,29,3,Better,28,14,20,28,Senior,Lille
43,No,Travel_Rarely,1022,Hardware,31,Master,Marketing,Medium,Femme,131,Low,2,Sales Executive,Medium,Divorced,23208,139248,0,0,23,Bad,Very High,3,1,4,Bad,1,1,1,1,Adulte,Lille
34,Yes,Travel_Rarely,839,Support,39,Bachelor,Medical,Low,Homme,60,Medium,5,Healthcare Representative,Low,Divorced,28628,343536,3,1,33,Good,Very High,3,9,4,Good,4,3,1,3,Adulte,Grenoble
48,Yes,Non-Travel,1438,Sales,1,College,Medical,Low,Homme,91,Very High,4,Manager,High,Married,32958,593244,2,1,26,Outstanding,Medium,2,14,6,Good,8,2,6,7,Senior,Lyon
20,No,Travel_Rarely,286,Research & Development,33,Below College,Marketing,High,Homme,135,Very High,5,Developer,Low,Single,32947,230629,4,0,0,Bad,Low,2,19,3,Best,1,1,1,1,Jeune,Paris
54,Yes,Travel_Rarely,979,Human Resources,25,Bachelor,Technical Degree,Very High,Homme,149,Low,4,Manager,Very High,Married,13490,107920,1,0,36,Outstanding,High,4,11,6,Bad,6,5,4,4,Senior,Marseille
21,Yes,Non-Travel,304,Human Resources,28,Bachelor,Medical,Medium,Homme,106,High,1,Manufacturing Director,Very High,Divorced,45521,500731,2,0,20,Outstanding,Low,3,23,6,Bad,16,10,9,6,Jeune,Marseille
22,No,Non-Travel,317,Research & Development,6,College,Technical Degree,High,Homme,82,Medium,4,Developer,High,Single,20670,537420,5,0,2,Good,Low,3,22,3,Best,1,1,1,1,Jeune,Paris
37,No,Non-Travel,1146,Software,43,Below College,Marketing,Low,Homme,170,Low,1,Healthcare Representative,Low,Married,13111,380219,3,1,22,Bad,High,2,36,1,Bad,34,8,2,29,Adulte,Nantes
35,Yes,Non-Travel,591,Research & Development,31,Master,Technical Degree,Very High,Homme,170,High,5,Research Director,Medium,Divorced,35869,896725,3,1,0,Outstanding,High,4,39,4,Good,14,14,4,8,Adulte,Paris
55,No,Non-Travel,525,Human Resources,36,Below College,Other,Medium,Homme,77,Very High,5,Research Scientist,High,Single,31135,840645,4,0,40,Excellent,Medium,1,19,6,Good,5,1,5,1,Senior,Marseille
35,Yes,Non-Travel,220,Hardware,46,College,Life Sciences,Low,Femme,99,High,2,Manufacturing Director,Very High,Divorced,49628,1339956,7,0,13,Excellent,High,1,10,5,Bad,8,2,1,6,Adulte,Lille
39,Yes,Travel_Rarely,1365,Research & Development,45,Master,Medical,Low,Femme,158,Low,2,Sales Executive,Very High,Divorced,33490,703290,0,1,36,Excellent,Medium,1,7,2,Bad,6,4,1,4,Adulte,Paris
24,No,Non-Travel,525,Human Resources,9,Below College,Marketing,Medium,Femme,149,Low,1,Manager,Medium,Married,36926,36926,6,1,25,Excellent,Low,3,26,6,Best,2,2,1,1,Jeune,Marseille
38,No,Travel_Frequently,962,Hardware,7,Bachelor,Marketing,Medium,Homme,188,Medium,2,Research Scientist,High,Divorced,43509,261054,1,0,31,Excellent,Medium,3,25,2,Better,7,3,5,2,Adulte,Lille
46,No,Travel_Frequently,497,Support,10,Doctor,Human Resources,Low,Homme,101,Low,4,Manager,Low,Single,3740,18700,3,1,43,Outstanding,Very High,2,14,4,Better,7,6,2,7,Senior,Grenoble
28,No,Travel_Frequently,1282,Sales,15,Master,Marketing,Very High,Femme,66,Low,5,Sales Representative,Medium,Divorced,9474,198954,1,0,27,Bad,High,3,14,1,Better,11,3,3,4,Jeune,Lyon
46,No,Travel_Frequently,629,Software,3,College,Other,Very High,Homme,93,Very High,5,Manufacturing Director,Low,Single,47076,1412280,7,0,12,Bad,High,2,5,1,Bad,5,5,4,5,Senior,Nantes
44,Yes,Travel_Rarely,590,Research & Development,30,College,Technical Degree,High,Femme,169,Medium,1,Human Resources,Medium,Divorced,10656,85248,3,0,1,Good,Very High,2,10,5,Bad,8,6,6,8,Adulte,Paris
43,Yes,Travel_Rarely,1071,Human Resources,14,Master,Other,High,Femme,113,Very High,3,Sales Executive,Low,Married,33172,33172,5,0,44,Excellent,High,3,17,6,Good,13,5,13,13,Adulte,Marseille
34,No,Travel_Frequently,1218,Human Resources,26,Below College,Medical,High,Homme,117,Medium,3,Human Resources,Medium,Single,32283,645660,8,0,21,Outstanding,High,4,31,4,Good,24,24,18,17,Adulte,Marseille
47,Yes,Travel_Frequently,698,Human Resources,40,Master,Technical Degree,Very High,Femme,62,Low,5,Human Resources,High,Single,11044,320276,1,0,22,Good,Medium,4,21,6,Better,19,10,18,15,Senior,Marseille
58,Yes,Travel_Rarely,1378,Sales,9,Bachelor,Other,Low,Homme,72,High,5,Research Scientist,Very High,Married,20403,326448,6,0,49,Excellent,High,4,18,6,Bad,16,10,13,14,Senior,Lyon
39,No,Non-Travel,1274,Software,39,Bachelor,Medical,Very High,Homme,76,High,5,Laboratory Technician,High,Married,41073,944679,3,0,8,Outstanding,High,3,33,6,Better,18,7,18,16,Adulte,Nantes
54,Yes,Non-Travel,931,Software,19,Below College,Marketing,Very High,Femme,152,Very High,2,Research Director,High,Single,40061,600915,2,1,45,Excellent,High,4,8,4,Good,7,6,6,4,Senior,Nantes
20,No,Travel_Rarely,188,Hardware,41,Bachelor,Medical,High,Femme,32,High,2,Healthcare Representative,Medium,Married,30827,739848,5,0,3,Excellent,Very High,2,26,6,Bad,3,2,2,2,Jeune,Lille
60,No,Non-Travel,913,Research & Development,35,College,Marketing,Low,Homme,82,Medium,1,Sales Executive,Low,Married,22734,477414,0,1,14,Good,High,1,30,6,Better,13,12,4,8,Senior,Paris
23,Yes,Non-Travel,442,Human Resources,14,Bachelor,Medical,Low,Femme,78,High,2,Manager,Medium,Married,32785,491775,2,1,5,Excellent,Medium,3,10,1,Better,7,2,7,7,Jeune,Marseille
27,Yes,Travel_Rarely,822,Sales,42,Below College,Human Resources,Medium,Femme,75,Low,2,Healthcare Representative,Medium,Single,1468,13212,2,1,49,Excellent,High,2,35,4,Best,32,20,2,15,Jeune,Lyon
52,No,Travel_Rarely,1084,Research & Development,35,Master,Technical Degree,High,Homme,156,High,3,Sales Executive,Low,Single,21170,296380,8,1,38,Outstanding,High,2,23,4,Best,10,5,8,1,Senior,Paris
43,Yes,Non-Travel,784,Support,38,Doctor,Life Sciences,Very High,Femme,31,Very High,5,Developer,Medium,Single,44637,1115925,1,1,18,Good,Very High,1,33,2,Bad,21,12,10,10,Adulte,Grenoble
59,Yes,Non-Travel,250,Research & Development,22,Doctor,Medical,Low,Femme,119,Low,4,Manager,Medium,Divorced,27568,441088,7,1,33,Excellent,Medium,2,16,4,Best,11,3,2,1,Senior,Paris
58,No,Non-Travel,686,Software,47,Bachelor,Technical Degree,Very High,Femme,151,Low,3,Sales Representative,Low,Divorced,11779,176685,8,0,36,Excellent,Low,4,2,2,Best,1,1,1,1,Senior,Nantes
40,Yes,Non-Travel,1315,Software,3,Below College,Marketing,High,Femme,198,Low,2,Healthcare Representative,Medium,Divorced,27527,192689,8,1,46,Outstanding,Very High,2,21,4,Good,15,6,4,9,Adulte,Nantes
30,Yes,Travel_Frequently,1306,Sales,38,Below College,Life Sciences,Low,Femme,162,Very High,5,Sales Representative,Low,Single,17443,383746,4,0,36,Excellent,Low,4,25,1,Good,6,1,4,5,Jeune,Lyon
45,Yes,Travel_Rarely,408,Support,13,Doctor,Life Sciences,High,Homme,82,High,3,Research Director,Very High,Married,32816,787584,8,0,29,Outstanding,Very High,1,5,3,Bad,1,1,1,1,Adulte,Grenoble
28,No,Travel_Rarely,216,Hardware,5,Bachelor,Marketing,Low,Homme,165,High,1,Human Resources,High,Married,1471,20594,6,1,13,Outstanding,High,2,20,1,Bad,3,1,3,2,Jeune,Lille
59,No,Travel_Frequently,1116,Sales,12,College,Medical,Very High,Homme,49,Very High,2,Research Director,Very High,Married,6538,124222,0,1,2,Bad,High,2,39,1,Better,27,6,14,11,Senior,Lyon
28,Yes,Travel_Rarely,799,Human Resources,14,Doctor,Technical Degree,Low,Femme,38,Low,1,Research Scientist,Low,Divorced,16674,266784,4,1,24,Good,Very High,1,24,2,Bad,13,11,4,11,Jeune,Marseille
51,No,Travel_Frequently,298,Support,32,College,Medical,Medium,Femme,100,Medium,5,Research Director,Very High,Single,30778,800228,7,0,41,Bad,Very High,1,19,6,Better,4,1,4,2,Senior,Grenoble
48,No,Travel_Rarely,1254,Research & Development,25,Master,Human Resources,Low,Homme,153,Medium,2,Human Resources,Low,Married,7321,43926,0,1,46,Bad,Very High,3,22,3,Bad,7,6,5,3,Senior,Paris
55,No,Non-Travel,1352,Human Resources,35,Master,Life Sciences,Very High,Femme,107,Low,1,Developer,Medium,Divorced,18989,550681,5,0,18,Excellent,Low,1,1,5,Bad,1,1,1,1,Senior,Marseille
26,No,Non-Travel,818,Research & Development,35,Bachelor,Life Sciences,Low,Homme,75,Very High,1,Developer,Very High,Single,14386,258948,1,1,5,Bad,Medium,3,14,1,Good,4,3,1,4,Jeune,Paris
56,Yes,Travel_Frequently,966,Research & Development,10,Doctor,Marketing,Low,Homme,98,Very High,3,Manufacturing Director,Low,Divorced,27774,611028,7,0,19,Outstanding,Low,1,12,5,Better,8,7,6,5,Senior,Paris
57,Yes,Non-Travel,597,Support,48,College,Other,High,Femme,156,Medium,4,Sales Representative,Very High,Divorced,5997,47976,5,0,34,Excellent,Very High,1,12,3,Best,1,1,1,1,Senior,Grenoble
24,Yes,Travel_Frequently,775,Support,14,Master,Human Resources,Low,Homme,163,Low,5,Developer,Low,Single,35287,952749,6,1,34,Bad,Low,4,40,5,Better,36,22,31,15,Jeune,Grenoble
52,Yes,Non-Travel,526,Support,50,College,Medical,High,Femme,199,Medium,1,Research Director,High,Divorced,44010,836190,3,0,25,Outstanding,Very High,2,11,5,Good,9,2,4,6,Senior,Grenoble
47,Yes,Travel_Frequently,463,Research & Development,13,College,Human Resources,Low,Homme,73,Very High,3,Manager,High,Single,15914,159140,0,0,12,Good,Low,1,36,4,Good,21,1,10,16,Senior,Paris
33,No,Travel_Rarely,1348,Hardware,40,Below College,Technical Degree,Medium,Homme,186,Low,5,Laboratory Technician,Low,Married,10157,30471,5,1,39,Good,Low,2,35,3,Best,4,4,3,2,Adulte,Lille
26,No,Non-Travel,643,Hardware,48,Bachelor,Marketing,Low,Femme,40,Medium,4,Manager,Very High,Married,3428,58276,3,0,25,Bad,Medium,3,13,4,Bad,1,1,1,1,Jeune,Lille
28,Yes,Travel_Rarely,1231,Software,48,Bachelor,Human Resources,Medium,Femme,89,Low,5,Research Scientist,High,Divorced,27700,27700,7,1,15,Bad,High,3,33,5,Bad,33,6,31,19,Jeune,Nantes
36,Yes,Travel_Rarely,735,Support,10,College,Medical,Medium,Femme,68,Low,3,Developer,Very High,Married,47320,1419600,1,0,29,Excellent,Low,3,5,3,Good,1,1,1,1,Adulte,Grenoble
42,No,Travel_Frequently,821,Sales,6,Master,Human Resources,Very High,Femme,58,High,2,Research Scientist,High,Divorced,27034,378476,1,1,33,Excellent,Low,2,10,1,Good,6,3,4,4,Adulte,Lyon
38,Yes,Travel_Rarely,1287,Human Resources,36,Bachelor,Life Sciences,Very High,Femme,100,Low,1,Sales Executive,Very High,Divorced,29464,412496,8,0,18,Excellent,Low,1,23,4,Best,19,15,18,1,Adulte,Marseille
55,Yes,Travel_Frequently,1453,Hardware,22,Below College,Human Resources,Low,Femme,150,Very High,4,Healthcare Representative,High,Single,16171,177881,5,1,22,Outstanding,Low,2,21,2,Best,11,10,5,2,Senior,Lille
53,No,Travel_Frequently,862,Human Resources,1,Bachelor,Technical Degree,Medium,Homme,190,High,3,Manager,Low,Divorced,20841,145887,3,1,14,Good,Very High,3,19,6,Good,19,18,18,11,Senior,Marseille
43,Yes,Non-Travel,1192,Hardware,13,Master,Other,Medium,Homme,131,Medium,3,Laboratory Technician,Low,Single,29540,118160,2,1,12,Bad,High,4,6,1,Good,6,4,4,4,Adulte,Lille
37,No,Travel_Frequently,424,Support,38,Doctor,Human Resources,Medium,Femme,95,High,2,Research Director,Low,Divorced,20471,102355,2,0,25,Bad,Low,3,35,1,Good,34,6,24,8,Adulte,Grenoble
35,Yes,Travel_Frequently,760,Hardware,3,Below College,Life Sciences,Low,Homme,130,High,1,Manufacturing Director,Medium,Single,41051,574714,2,0,44,Bad,High,4,33,4,Bad,5,3,5,2,Adulte,Lille
56,No,Travel_Rarely,454,Software,3,Bachelor,Life Sciences,Low,Femme,162,Medium,2,Developer,High,Divorced,31274,688028,1,0,34,Bad,Low,2,28,4,Good,24,3,8,17,Senior,Nantes
47,Yes,Travel_Frequently,904,Human Resources,31,College,Medical,High,Femme,30,Medium,4,Manufacturing Director,Low,Single,39851,39851,8,1,7,Bad,Low,4,5,2,Better,5,3,1,2,Senior,Marseille
45,No,Travel_Frequently,226,Research & Development,47,Doctor,Medical,Low,Femme,95,High,3,Laboratory Technician,High,Single,40020,880440,8,0,32,Bad,Low,1,23,2,Better,10,5,9,4,Adulte,Paris
24,Yes,Travel_Frequently,1148,Research & Development,1,College,Technical Degree,Medium,Homme,173,High,4,Research Scientist,Very High,Married,29715,297150,6,0,37,Bad,Medium,2,25,4,Best,25,11,5,15,Jeune,Paris
31,Yes,Non-Travel,584,Support,5,Master,Other,Low,Femme,106,Low,4,Developer,Low,Single,31081,808106,1,0,25,Bad,Low,2,18,5,Best,16,15,3,6,Adulte,Grenoble
24,No,Travel_Frequently,418,Hardware,27,Below College,Life Sciences,Medium,Femme,151,Medium,2,Manager,High,Divorced,25505,178535,8,0,28,Bad,High,4,4,1,Better,3,3,3,2,Jeune,Lille
58,No,Travel_Frequently,731,Support,18,Doctor,Human Resources,Very High,Homme,109,Low,2,Research Scientist,High,Divorced,26146,705942,3,0,7,Excellent,High,1,39,6,Bad,31,9,27,18,Senior,Grenoble
40,Yes,Travel_Frequently,358,Human Resources,8,Master,Human Resources,High,Femme,42,High,5,Manager,Medium,Single,32637,685377,7,0,26,Outstanding,High,1,21,1,Good,19,11,10,15,Adulte,Marseille
49,No,Non-Travel,886,Support,33,Below College,Technical Degree,High,Femme,181,Very High,3,Human Resources,Medium,Married,4611,129108,1,1,8,Excellent,Very High,1,13,6,Better,1,1,1,1,Senior,Grenoble
43,No,Non-Travel,1321,Hardware,29,Doctor,Medical,Very High,Femme,129,High,3,Developer,Very High,Divorced,7996,159920,2,0,4,Outstanding,Medium,3,37,5,Best,36,23,3,21,Adulte,Lille
33,Yes,Travel_Rarely,614,Human Resources,19,College,Life Sciences,Very High,Femme,76,High,1,Sales Representative,Low,Single,21815,610820,4,1,19,Excellent,Medium,3,22,5,Bad,4,3,2,1,Adulte,Marseille
59,No,Non-Travel,968,Human Resources,21,Bachelor,Medical,Low,Homme,83,Low,3,Developer,Very High,Single,13230,158760,7,1,35,Excellent,High,2,40,5,Best,16,15,3,10,Senior,Marseille
49,Yes,Travel_Rarely,1190,Support,26,College,Technical Degree,Medium,Femme,85,Low,1,Laboratory Technician,Very High,Single,4815,38520,0,1,7,Excellent,Medium,1,3,4,Better,2,2,2,2,Senior,Grenoble
30,Yes,Non-Travel,169,Software,49,Below College,Other,High,Femme,88,High,2,Manager,High,Divorced,33867,745074,0,0,40,Bad,Low,1,16,3,Better,15,4,4,13,Jeune,Nantes
50,No,Non-Travel,1096,Sales,37,Below College,Marketing,High,Femme,80,Medium,4,Manufacturing Director,Low,Married,17891,214692,1,1,15,Bad,Low,4,9,5,Good,8,1,2,5,Senior,Lyon
54,No,Travel_Rarely,209,Human Resources,20,Doctor,Technical Degree,Low,Femme,188,Low,5,Manufacturing Director,Low,Married,50189,602268,8,0,26,Excellent,Low,2,40,6,Best,18,2,17,4,Senior,Marseille
42,Yes,Travel_Rarely,715,Research & Development,27,College,Medical,Very High,Femme,149,Very High,1,Human Resources,Low,Single,2465,73950,6,0,45,Bad,High,2,1,6,Better,1,1,1,1,Adulte,Paris
55,No,Travel_Frequently,905,Human Resources,23,Below College,Other,High,Homme,50,Very High,5,Manager,Low,Married,8302,74718,0,1,45,Bad,Low,3,16,4,Better,15,9,3,3,Senior,Marseille
60,Yes,Travel_Rarely,417,Sales,49,Bachelor,Life Sciences,Medium,Homme,90,Low,4,Sales Executive,Medium,Married,8612,137792,6,0,15,Excellent,Medium,2,3,5,Good,3,1,3,3,Senior,Lyon
54,Yes,Non-Travel,1154,Sales,10,Bachelor,Technical Degree,Medium,Femme,166,Low,5,Developer,Very High,Married,2337,63099,3,1,2,Bad,Very High,3,29,1,Good,4,3,1,4,Senior,Lyon
43,Yes,Travel_Rarely,411,Support,35,Doctor,Human Resources,Very High,Femme,64,Medium,1,Research Scientist,High,Divorced,47875,861750,7,0,33,Outstanding,Medium,2,38,2,Bad,6,3,6,5,Adulte,Grenoble
29,No,Travel_Frequently,998,Research & Development,6,Below College,Technical Degree,High,Homme,69,High,5,Developer,Low,Married,41222,1154216,0,1,11,Bad,Low,3,11,2,Best,10,2,6,4,Jeune,Paris
31,Yes,Travel_Rarely,1247,Human Resources,7,Doctor,Life Sciences,Very High,Homme,85,High,2,Developer,Low,Single,9549,105039,3,1,18,Good,Very High,3,4,5,Best,3,1,1,1,Adulte,Marseille
38,No,Travel_Frequently,434,Human Resources,28,Below College,Human Resources,Very High,Femme,159,High,1,Manager,Medium,Single,35966,575456,1,1,19,Excellent,Very High,4,27,1,Bad,16,4,1,5,Adulte,Marseille
46,Yes,Non-Travel,1447,Human Resources,19,Bachelor,Other,High,Femme,63,High,2,Research Scientist,High,Married,45121,270726,3,0,40,Bad,Low,3,39,4,Best,30,25,5,21,Senior,Marseille
53,Yes,Non-Travel,352,Sales,37,College,Other,High,Homme,69,Low,3,Sales Executive,Very High,Divorced,5880,76440,0,1,7,Outstanding,Medium,2,24,1,Best,8,3,7,4,Senior,Lyon
58,Yes,Travel_Frequently,251,Support,34,Below College,Other,Medium,Femme,50,Very High,1,Developer,Low,Married,38082,913968,4,0,20,Excellent,High,4,14,2,Best,4,2,4,3,Senior,Grenoble
57,Yes,Travel_Rarely,128,Human Resources,11,College,Marketing,Low,Femme,70,Low,4,Laboratory Technician,Very High,Single,14686,102802,4,0,17,Good,Very High,4,40,4,Good,17,3,9,11,Senior,Marseille
55,No,Travel_Rarely,1253,Software,47,Master,Marketing,Low,Femme,78,High,4,Manager,Low,Divorced,38755,736345,6,0,10,Excellent,High,4,30,2,Bad,3,1,2,1,Senior,Nantes
54,No,Non-Travel,763,Research & Development,10,College,Human Resources,Low,Femme,70,Very High,1,Research Director,High,Married,9949,169133,2,0,43,Outstanding,Very High,2,39,3,Best,15,12,11,15,Senior,Paris
56,Yes,Non-Travel,409,Sales,30,Below College,Technical Degree,Low,Femme,191,Medium,4,Sales Representative,High,Single,6367,191010,6,1,43,Outstanding,Medium,3,14,6,Good,10,10,3,7,Senior,Lyon
59,Yes,Travel_Frequently,385,Software,26,Below College,Technical Degree,Very High,Femme,65,Low,5,Research Scientist,Medium,Divorced,1762,47574,6,1,8,Bad,Medium,4,38,1,Better,6,1,2,2,Senior,Nantes
42,No,Travel_Rarely,1109,Sales,25,Doctor,Human Resources,Very High,Femme,147,Very High,4,Human Resources,High,Divorced,13026,91182,4,1,7,Bad,Medium,4,3,4,Good,1,1,1,1,Adulte,Lyon
21,Yes,Travel_Frequently,114,Sales,16,Below College,Medical,Low,Homme,102,High,3,Healthcare Representative,Low,Single,29124,844596,2,0,38,Excellent,Low,1,13,4,Good,5,4,3,3,Jeune,Lyon
26,Yes,Travel_Frequently,1277,Human Resources,47,Below College,Technical Degree,High,Femme,158,High,4,Research Director,High,Divorced,26803,160818,5,0,28,Good,Medium,1,25,6,Good,3,1,3,3,Jeune,Marseille
36,Yes,Travel_Rarely,802,Research & Development,10,Below College,Other,Low,Femme,87,Medium,1,Research Scientist,Medium,Single,24961,374415,6,0,29,Excellent,High,3,29,1,Best,25,14,20,24,Adulte,Paris
40,No,Travel_Rarely,1491,Software,48,Below College,Other,Very High,Homme,175,Very High,3,Research Scientist,Low,Divorced,3601,32409,4,1,7,Excellent,High,4,21,6,Good,15,9,3,10,Adulte,Nantes
53,No,Travel_Rarely,937,Sales,35,Bachelor,Human Resources,Very High,Homme,178,Medium,2,Human Resources,Medium,Married,3207,38484,0,0,3,Bad,Medium,2,9,6,Best,1,1,1,1,Senior,Lyon
21,Yes,Travel_Rarely,805,Support,20,Below College,Other,Medium,Femme,30,Low,4,Developer,High,Divorced,30002,420028,1,0,43,Good,Very High,3,24,1,Best,21,1,16,9,Jeune,Grenoble
47,Yes,Travel_Rarely,752,Research & Development,33,Below College,Other,High,Homme,103,Medium,4,Research Director,Low,Divorced,3898,66266,6,1,7,Outstanding,Very High,3,20,2,Bad,9,2,9,9,Senior,Paris
38,No,Travel_Frequently,552,Software,18,Doctor,Marketing,Very High,Femme,82,High,3,Research Director,Low,Married,21780,413820,0,0,12,Good,Very High,2,18,6,Bad,18,4,3,7,Adulte,Nantes
60,Yes,Travel_Frequently,1106,Software,4,Bachelor,Human Resources,Very High,Femme,128,Medium,1,Laboratory Technician,Very High,Single,44709,447090,7,0,39,Excellent,Very High,2,25,6,Good,7,4,2,7,Senior,Nantes
52,Yes,Travel_Frequently,303,Software,13,Bachelor,Technical Degree,Low,Femme,139,Low,3,Manager,High,Married,45258,1357740,8,1,47,Outstanding,High,1,29,6,Good,10,9,9,6,Senior,Nantes
32,No,Non-Travel,1467,Support,8,Bachelor,Human Resources,Very High,Femme,43,High,5,Developer,Medium,Divorced,39876,877272,0,0,34,Outstanding,Medium,1,33,1,Better,24,7,24,11,Adulte,Grenoble
56,No,Travel_Rarely,1374,Software,18,Doctor,Life Sciences,High,Femme,161,High,2,Manufacturing Director,Very High,Married,41217,247302,8,1,26,Bad,Medium,1,12,5,Good,12,11,11,11,Senior,Nantes
40,Yes,Non-Travel,298,Software,38,Doctor,Technical Degree,High,Homme,162,Very High,2,Sales Executive,High,Divorced,9937,168929,3,0,45,Excellent,Low,2,31,1,Best,3,3,1,3,Adulte,Nantes
30,No,Travel_Rarely,1355,Software,29,College,Technical Degree,Medium,Femme,84,Medium,2,Sales Representative,Medium,Married,43515,652725,0,1,26,Outstanding,Medium,2,31,6,Good,26,26,26,3,Jeune,Nantes
37,Yes,Travel_Frequently,1458,Hardware,26,College,Human Resources,High,Femme,132,High,2,Laboratory Technician,Very High,Divorced,18230,291680,8,0,9,Excellent,High,3,40,1,Bad,39,20,28,15,Adulte,Lille
54,Yes,Non-Travel,1347,Software,3,Bachelor,Medical,Low,Femme,119,Low,5,Human Resources,Very High,Divorced,47138,471380,6,1,40,Good,Very High,1,37,1,Bad,24,21,7,24,Senior,Nantes
25,Yes,Travel_Rarely,1196,Human Resources,17,Doctor,Other,Very High,Femme,111,Medium,3,Sales Representative,Very High,Divorced,32591,228137,8,1,37,Bad,Medium,1,15,4,Best,2,1,2,1,Jeune,Marseille
36,No,Travel_Frequently,284,Support,31,Doctor,Medical,Very High,Femme,180,Medium,2,Research Scientist,Very High,Single,42837,985251,2,0,29,Excellent,Low,2,22,5,Bad,20,1,6,5,Adulte,Grenoble
47,No,Non-Travel,699,Sales,47,College,Medical,Low,Femme,63,Medium,4,Sales Executive,High,Single,23175,440325,1,0,42,Outstanding,Low,2,40,2,Better,26,1,21,19,Senior,Lyon
32,Yes,Travel_Frequently,120,Research & Development,5,Master,Life Sciences,Very High,Homme,198,High,3,Developer,Medium,Divorced,48062,1441860,2,1,31,Outstanding,Very High,4,21,5,Better,10,5,1,7,Adulte,Paris
30,No,Travel_Rarely,1237,Support,36,Master,Human Resources,High,Femme,73,Low,5,Research Scientist,High,Divorced,19859,99295,4,1,36,Bad,Medium,1,38,5,Good,17,14,12,9,Jeune,Grenoble
29,Yes,Travel_Rarely,1173,Support,24,College,Medical,High,Homme,52,Medium,1,Manufacturing Director,High,Divorced,26374,632976,6,1,29,Bad,Medium,2,26,4,Bad,17,2,8,13,Jeune,Grenoble
58,No,Travel_Rarely,957,Software,8,Doctor,Medical,Medium,Homme,96,Very High,4,Manager,Low,Single,15144,30288,7,0,16,Excellent,Medium,4,18,1,Good,11,10,4,3,Senior,Nantes
51,No,Travel_Rarely,887,Support,43,Master,Medical,High,Homme,136,Low,4,Research Director,High,Married,50016,350112,2,1,25,Good,Very High,4,19,1,Better,3,1,1,3,Senior,Grenoble
20,Yes,Travel_Rarely,117,Support,18,College,Life Sciences,Low,Femme,82,High,1,Sales Representative,High,Married,11007,33021,0,0,9,Excellent,Low,2,25,3,Good,1,1,1,1,Jeune,Grenoble
51,Yes,Non-Travel,1224,Hardware,2,Master,Technical Degree,Medium,Homme,161,Very High,2,Research Scientist,Very High,Single,22835,548040,1,1,40,Outstanding,Medium,2,24,5,Better,13,1,2,7,Senior,Lille
24,No,Travel_Rarely,863,Support,37,Bachelor,Other,Low,Femme,148,High,4,Developer,Very High,Single,20635,577780,2,0,14,Excellent,Very High,3,39,4,Better,3,3,3,3,Jeune,Grenoble
46,No,Travel_Rarely,825,Support,5,College,Life Sciences,Very High,Femme,32,Very High,5,Research Director,High,Divorced,43254,129762,1,0,20,Good,Medium,3,26,1,Best,2,2,1,2,Senior,Grenoble
57,Yes,Non-Travel,650,Human Resources,34,Bachelor,Life Sciences,Medium,Femme,155,Very High,5,Human Resources,High,Single,48477,1114971,1,1,32,Excellent,Low,3,40,2,Better,23,17,11,22,Senior,Marseille
43,Yes,Non-Travel,274,Support,8,College,Technical Degree,Very High,Femme,143,High,5,Human Resources,Low,Divorced,49453,989060,8,0,43,Outstanding,Very High,3,11,4,Good,3,1,1,1,Adulte,Grenoble
28,No,Travel_Rarely,1144,Software,37,Doctor,Life Sciences,Low,Homme,117,Very High,1,Laboratory Technician,Very High,Married,34555,276440,5,0,11,Outstanding,High,4,30,1,Best,13,9,11,10,Jeune,Nantes
43,No,Non-Travel,1489,Sales,32,College,Marketing,Very High,Homme,69,Very High,2,Laboratory Technician,Low,Married,1481,25177,5,0,23,Bad,Very High,4,34,4,Good,9,6,1,1,Adulte,Lyon
29,No,Travel_Rarely,161,Sales,44,Bachelor,Human Resources,High,Homme,50,High,3,Human Resources,High,Single,11476,195092,7,0,8,Outstanding,Very High,4,11,4,Better,11,3,1,8,Jeune,Lyon
25,No,Travel_Rarely,868,Sales,3,Below College,Medical,Very High,Homme,82,Medium,5,Developer,Very High,Married,17455,349100,4,1,38,Bad,High,3,18,4,Good,17,2,8,12,Jeune,Lyon
42,Yes,Non-Travel,403,Hardware,28,Master,Technical Degree,Medium,Homme,89,Very High,3,Research Scientist,Low,Single,35064,1051920,7,0,25,Bad,Very High,4,8,4,Bad,6,3,6,1,Adulte,Lille
42,No,Travel_Frequently,1350,Support,29,Bachelor,Marketing,Very High,Femme,106,Low,4,Developer,Low,Divorced,43564,1263356,3,0,1,Excellent,High,1,23,4,Best,5,4,3,5,Adulte,Grenoble
30,No,Travel_Rarely,448,Support,44,Doctor,Medical,Medium,Homme,78,Very High,5,Human Resources,Very High,Married,12075,338100,2,0,2,Excellent,Very High,2,30,5,Good,26,25,23,17,Jeune,Grenoble
24,Yes,Non-Travel,267,Hardware,50,Master,Life Sciences,Medium,Femme,128,Low,3,Research Director,Low,Divorced,50032,500320,3,0,38,Good,Very High,3,25,2,Good,20,18,2,15,Jeune,Lille
32,No,Travel_Rarely,1044,Hardware,1,Bachelor,Technical Degree,Medium,Femme,61,Medium,4,Sales Executive,Very High,Single,10914,174624,5,1,34,Bad,Low,1,8,4,Better,8,6,2,4,Adulte,Lille
32,No,Non-Travel,1288,Hardware,21,Master,Other,Very High,Homme,165,High,4,Sales Representative,Medium,Single,7759,93108,7,0,40,Excellent,High,2,39,1,Best,18,17,5,5,Adulte,Lille
28,No,Travel_Frequently,1278,Research & Development,29,Bachelor,Technical Degree,Very High,Homme,93,Low,4,Sales Representative,Very High,Single,3797,98722,7,0,38,Outstanding,Medium,1,18,1,Good,15,6,4,8,Jeune,Paris
59,No,Travel_Rarely,1016,Support,10,Bachelor,Marketing,Very High,Homme,148,High,2,Research Director,Medium,Married,12806,256120,7,0,48,Outstanding,Medium,2,9,2,Best,6,3,5,5,Senior,Grenoble
37,No,Non-Travel,150,Hardware,37,Below College,Marketing,Very High,Femme,62,High,5,Manufacturing Director,Very High,Married,1300,9100,0,1,49,Good,Very High,2,9,6,Bad,1,1,1,1,Adulte,Lille
29,No,Non-Travel,630,Support,36,Below College,Technical Degree,Very High,Homme,109,Medium,3,Manufacturing Director,Very High,Married,38422,806862,2,0,19,Excellent,High,2,4,3,Best,4,1,1,1,Jeune,Grenoble
51,Yes,Travel_Frequently,1246,Human Resources,15,Bachelor,Technical Degree,Very High,Homme,50,High,5,Human Resources,Medium,Divorced,2718,48924,3,0,4,Bad,Very High,2,2,3,Best,1,1,1,1,Senior,Marseille
47,No,Non-Travel,859,Human Resources,4,Master,Medical,Medium,Femme,112,Very High,4,Human Resources,Medium,Married,6798,115566,2,0,37,Outstanding,Low,3,36,4,Better,21,8,19,3,Senior,Marseille
42,Yes,Travel_Rarely,316,Human Resources,40,Master,Technical Degree,High,Femme,137,Low,3,Research Scientist,Medium,Married,48198,289188,4,0,8,Outstanding,Medium,1,40,4,Good,31,25,25,16,Adulte,Marseille
28,No,Travel_Rarely,544,Human Resources,43,College,Other,Very High,Femme,45,High,5,Healthcare Representative,Low,Married,35233,352330,8,0,2,Bad,Very High,2,18,3,Bad,2,1,2,1,Jeune,Marseille
47,Yes,Non-Travel,375,Support,29,Below College,Life Sciences,Low,Femme,100,High,4,Sales Executive,Low,Divorced,21053,378954,8,1,27,Good,High,3,1,5,Better,1,1,1,1,Senior,Grenoble
24,No,Travel_Rarely,1208,Software,28,Master,Technical Degree,Medium,Homme,172,High,3,Manager,Medium,Divorced,23901,310713,6,1,37,Outstanding,Medium,4,6,5,Better,6,2,3,6,Jeune,Nantes
35,Yes,Travel_Rarely,1221,Sales,23,Doctor,Marketing,Very High,Femme,34,High,5,Laboratory Technician,High,Single,11213,201834,5,1,26,Good,Medium,2,9,5,Better,9,8,8,7,Adulte,Lyon
57,No,Non-Travel,774,Support,4,Below College,Human Resources,High,Homme,85,Medium,3,Manager,Very High,Married,14912,298240,2,1,28,Good,High,3,22,6,Good,12,10,1,4,Senior,Grenoble
51,No,Non-Travel,271,Human Resources,5,College,Medical,Very High,Homme,45,Medium,3,Manufacturing Director,Low,Divorced,13253,291566,1,0,7,Good,Low,4,8,4,Best,8,2,5,2,Senior,Marseille
29,No,Travel_Rarely,553,Support,40,Doctor,Life Sciences,Medium,Femme,107,Low,1,Research Director,Medium,Single,14843,74215,5,0,43,Outstanding,High,1,8,6,Good,8,5,2,6,Jeune,Grenoble
26,Yes,Non-Travel,1357,Human Resources,23,Doctor,Marketing,Very High,Femme,131,Medium,5,Developer,Low,Married,44919,1078056,0,0,12,Bad,Medium,3,28,5,Better,2,2,1,1,Jeune,Marseille
28,No,Travel_Rarely,938,Human Resources,39,Below College,Human Resources,Low,Homme,153,High,4,Developer,Low,Married,35440,744240,1,1,33,Excellent,Medium,3,4,3,Better,4,4,4,1,Jeune,Marseille
20,No,Travel_Rarely,423,Support,48,Bachelor,Other,Low,Femme,196,Very High,3,Human Resources,Very High,Divorced,34604,968912,0,1,8,Outstanding,High,3,8,3,Good,4,1,2,4,Jeune,Grenoble
49,No,Travel_Frequently,834,Research & Development,8,Bachelor,Medical,Low,Homme,173,Low,3,Human Resources,Medium,Married,19661,196610,5,1,37,Outstanding,Very High,2,2,6,Bad,1,1,1,1,Senior,Paris
46,No,Travel_Frequently,111,Sales,10,College,Life Sciences,Medium,Femme,187,Medium,5,Sales Representative,Low,Divorced,38706,193530,6,1,43,Good,Very High,1,22,1,Bad,1,1,1,1,Senior,Lyon
22,No,Travel_Frequently,761,Software,4,Master,Marketing,Very High,Homme,175,Low,3,Research Director,Very High,Divorced,32775,688275,3,1,16,Bad,Low,2,6,2,Bad,1,1,1,1,Jeune,Nantes
25,Yes,Non-Travel,460,Sales,8,Below College,Marketing,Low,Femme,62,Medium,4,Developer,Very High,Single,12309,258489,1,1,21,Good,High,4,23,5,Better,17,9,8,1,Jeune,Lyon
50,No,Travel_Frequently,150,Software,15,Doctor,Medical,High,Homme,117,Very High,4,Manufacturing Director,Medium,Single,10667,160005,0,0,12,Bad,Low,4,36,3,Bad,15,2,2,8,Senior,Nantes
55,Yes,Travel_Frequently,193,Software,24,College,Medical,High,Femme,175,High,2,Laboratory Technician,Very High,Divorced,19119,439737,3,0,7,Good,Low,1,32,3,Better,1,1,1,1,Senior,Nantes
37,No,Travel_Frequently,673,Support,31,Bachelor,Medical,Medium,Femme,137,Medium,5,Manufacturing Director,Low,Married,20074,200740,5,0,31,Excellent,Medium,3,20,2,Best,18,6,7,7,Adulte,Grenoble
20,Yes,Non-Travel,1351,Support,14,Master,Medical,Medium,Homme,147,Very High,4,Manager,Very High,Married,29094,261846,2,0,35,Outstanding,Low,4,34,1,Better,18,11,16,15,Jeune,Grenoble
31,Yes,Non-Travel,1231,Research & Development,32,Doctor,Human Resources,Low,Femme,118,High,4,Research Scientist,Medium,Divorced,47915,1389535,0,0,22,Good,High,3,31,6,Better,9,3,2,6,Adulte,Paris
46,No,Travel_Frequently,608,Support,15,College,Life Sciences,Low,Homme,150,High,4,Manufacturing Director,High,Married,14709,264762,8,1,4,Outstanding,High,4,8,6,Bad,1,1,1,1,Senior,Grenoble
35,No,Travel_Frequently,1343,Sales,28,Doctor,Marketing,High,Homme,193,Low,3,Research Director,Very High,Divorced,49409,1334043,6,0,32,Excellent,Very High,2,23,4,Best,16,14,7,10,Adulte,Lyon
56,Yes,Non-Travel,1358,Support,28,Below College,Human Resources,Low,Femme,39,Medium,2,Research Scientist,Very High,Single,19294,482350,5,0,18,Good,Very High,1,2,5,Good,1,1,1,1,Senior,Grenoble
34,No,Travel_Rarely,648,Hardware,50,College,Other,Very High,Femme,53,High,1,Manufacturing Director,Medium,Divorced,47174,1132176,0,1,30,Bad,Medium,2,10,5,Better,6,1,6,6,Adulte,Lille
22,Yes,Travel_Frequently,1190,Human Resources,47,Below College,Human Resources,Very High,Femme,145,Low,5,Sales Executive,Medium,Divorced,33371,834275,7,0,12,Outstanding,Low,4,7,2,Good,3,1,2,1,Jeune,Marseille
51,Yes,Travel_Frequently,774,Human Resources,48,College,Technical Degree,Very High,Femme,126,Very High,5,Sales Representative,High,Divorced,35987,1007636,6,1,40,Outstanding,Very High,2,13,6,Good,4,3,2,4,Senior,Marseille
27,Yes,Travel_Frequently,744,Hardware,1,Master,Human Resources,High,Femme,126,High,1,Research Scientist,Very High,Single,27449,658776,8,1,16,Good,Medium,3,9,4,Best,4,4,1,1,Jeune,Lille
44,No,Travel_Frequently,782,Human Resources,29,Master,Technical Degree,Low,Homme,182,Low,1,Research Director,Low,Single,10395,239085,5,1,32,Bad,High,3,31,5,Best,11,5,6,11,Adulte,Marseille
35,No,Travel_Rarely,477,Support,20,Doctor,Other,Low,Homme,113,Low,1,Manufacturing Director,High,Married,2189,39402,6,0,11,Bad,Low,1,10,2,Bad,10,5,5,7,Adulte,Grenoble
52,Yes,Travel_Rarely,141,Software,12,Below College,Other,Very High,Homme,52,High,4,Developer,High,Married,44868,1256304,7,1,12,Bad,Very High,1,20,3,Good,10,7,1,9,Senior,Nantes
34,Yes,Non-Travel,1219,Research & Development,4,Master,Other,Medium,Femme,108,High,1,Healthcare Representative,Low,Single,29398,793746,7,1,8,Bad,High,3,20,3,Bad,4,4,2,4,Adulte,Paris
25,Yes,Travel_Frequently,1140,Hardware,4,Doctor,Human Resources,High,Femme,159,High,4,Sales Representative,High,Divorced,18677,541633,5,0,35,Bad,Very High,4,33,1,Best,32,19,2,3,Jeune,Lille
54,No,Travel_Frequently,944,Human Resources,46,Bachelor,Human Resources,Low,Homme,91,Very High,2,Human Resources,High,Divorced,19780,356040,1,1,28,Bad,Medium,1,21,4,Good,20,16,9,15,Senior,Marseille
26,Yes,Non-Travel,186,Human Resources,2,Below College,Life Sciences,High,Femme,136,High,1,Human Resources,Low,Single,40185,642960,6,0,29,Bad,Low,4,2,5,Good,1,1,1,1,Jeune,Marseille
28,No,Non-Travel,150,Human Resources,7,College,Other,Medium,Homme,117,High,1,Sales Representative,Very High,Single,15874,396850,4,0,33,Outstanding,Medium,3,10,3,Bad,5,1,2,1,Jeune,Marseille
56,No,Travel_Frequently,1218,Software,6,Master,Other,High,Homme,145,Medium,1,Sales Representative,Medium,Married,37740,452880,4,0,0,Good,Very High,1,25,2,Good,5,4,1,5,Senior,Nantes
22,No,Non-Travel,572,Software,48,Doctor,Life Sciences,High,Femme,51,Low,5,Research Director,Very High,Married,21138,295932,4,1,33,Excellent,Medium,1,20,2,Better,12,7,3,7,Jeune,Nantes
29,Yes,Non-Travel,753,Research & Development,11,College,Marketing,High,Femme,189,High,3,Manager,Medium,Single,46861,937220,5,0,48,Excellent,Medium,2,1,2,Bad,1,1,1,1,Jeune,Paris
21,Yes,Travel_Rarely,508,Hardware,35,College,Marketing,High,Femme,169,Low,5,Sales Executive,High,Divorced,38594,771880,0,1,15,Outstanding,Low,4,15,6,Bad,13,5,9,12,Jeune,Lille
40,No,Travel_Rarely,918,Support,48,Below College,Technical Degree,Medium,Femme,73,Medium,5,Human Resources,Medium,Divorced,35893,933218,6,0,46,Good,High,2,39,4,Best,23,4,14,9,Adulte,Grenoble
55,Yes,Travel_Frequently,187,Hardware,9,Doctor,Life Sciences,High,Femme,151,High,5,Healthcare Representative,Very High,Single,4980,144420,1,1,11,Outstanding,Low,2,2,3,Bad,2,1,2,1,Senior,Lille
39,Yes,Non-Travel,680,Software,11,College,Technical Degree,Low,Femme,153,Very High,1,Research Director,Very High,Divorced,24831,124155,2,0,12,Excellent,Low,3,13,2,Bad,12,11,11,10,Adulte,Nantes
48,Yes,Travel_Frequently,176,Research & Development,26,Below College,Medical,Medium,Femme,172,High,2,Sales Representative,Medium,Divorced,18857,188570,2,0,19,Excellent,Low,1,5,4,Good,1,1,1,1,Senior,Paris
38,No,Travel_Rarely,1315,Human Resources,19,Below College,Other,Very High,Femme,164,Very High,2,Manufacturing Director,Medium,Single,14498,101486,0,1,23,Excellent,High,1,16,5,Good,6,5,6,2,Adulte,Marseille
42,Yes,Travel_Frequently,1331,Sales,42,Master,Human Resources,High,Homme,159,Medium,2,Manager,Very High,Single,23585,448115,6,1,33,Outstanding,High,1,33,6,Good,26,15,23,17,Adulte,Lyon
27,Yes,Travel_Frequently,843,Human Resources,26,Below College,Marketing,High,Homme,118,Very High,1,Research Scientist,Low,Single,5755,97835,0,0,22,Excellent,Medium,1,7,1,Best,2,1,1,2,Jeune,Marseille
58,No,Non-Travel,1199,Support,5,Bachelor,Human Resources,Low,Femme,147,Low,4,Manager,Low,Single,18634,186340,2,1,2,Bad,Medium,1,1,5,Good,1,1,1,1,Senior,Grenoble
44,No,Non-Travel,169,Software,43,Bachelor,Other,Low,Homme,109,Low,1,Developer,Medium,Married,50945,1273625,6,1,35,Good,Very High,2,17,5,Bad,4,4,3,1,Adulte,Nantes
36,No,Non-Travel,288,Hardware,23,Bachelor,Medical,High,Femme,126,High,2,Human Resources,Low,Divorced,35140,667660,2,0,1,Good,High,1,29,3,Best,29,26,11,6,Adulte,Lille
45,No,Travel_Frequently,544,Hardware,25,College,Technical Degree,Low,Femme,47,Low,5,Laboratory Technician,Very High,Single,42244,168976,7,1,27,Outstanding,Medium,3,18,1,Good,12,5,5,1,Adulte,Lille
32,Yes,Travel_Frequently,1188,Support,25,Master,Technical Degree,Low,Femme,152,Medium,3,Manufacturing Director,Very High,Single,24166,459154,1,1,35,Outstanding,Low,4,36,3,Best,31,13,31,25,Adulte,Grenoble
32,Yes,Non-Travel,396,Research & Development,1,Master,Life Sciences,High,Femme,176,Medium,5,Research Director,Low,Divorced,4119,123570,7,1,41,Bad,High,2,12,6,Good,7,4,5,7,Adulte,Paris
50,No,Travel_Rarely,672,Software,31,Bachelor,Other,Medium,Femme,75,Low,1,Developer,Low,Single,18586,538994,8,0,46,Good,Low,4,30,5,Best,18,15,8,14,Senior,Nantes
19,Yes,Travel_Rarely,1252,Software,25,Master,Human Resources,Medium,Femme,46,Medium,3,Laboratory Technician,Low,Divorced,19573,137011,0,0,23,Good,Medium,2,20,1,Good,4,3,2,4,Jeune,Nantes
60,No,Travel_Frequently,473,Sales,10,Master,Marketing,Very High,Femme,75,Very High,1,Research Scientist,Low,Single,42053,42053,2,0,42,Bad,Low,4,17,4,Bad,12,2,9,2,Senior,Lyon
59,Yes,Travel_Rarely,679,Human Resources,13,Bachelor,Life Sciences,High,Homme,144,Medium,4,Sales Representative,Very High,Single,32365,258920,0,0,3,Bad,Low,3,29,2,Bad,28,2,20,19,Senior,Marseille
42,No,Travel_Frequently,1146,Support,7,College,Life Sciences,High,Femme,72,Low,2,Healthcare Representative,Low,Single,50958,1070118,5,1,46,Excellent,Medium,2,1,3,Bad,1,1,1,1,Adulte,Grenoble
28,Yes,Travel_Frequently,892,Sales,3,Bachelor,Marketing,Medium,Homme,173,Very High,1,Research Director,High,Married,29901,657822,8,0,11,Bad,Medium,4,1,6,Bad,1,1,1,1,Jeune,Lyon
49,Yes,Non-Travel,1210,Sales,20,Bachelor,Technical Degree,Low,Homme,156,High,5,Sales Representative,High,Married,7851,141318,7,1,40,Excellent,Medium,4,32,6,Best,27,15,25,19,Senior,Lyon
36,Yes,Travel_Frequently,434,Human Resources,36,Master,Medical,Medium,Homme,151,Very High,4,Research Director,Very High,Single,23963,119815,6,0,10,Outstanding,Medium,2,4,2,Better,4,2,4,1,Adulte,Marseille
30,No,Travel_Rarely,302,Hardware,16,Below College,Human Resources,Medium,Femme,170,High,1,Laboratory Technician,Low,Divorced,47231,802927,6,0,0,Outstanding,High,3,40,4,Better,39,5,30,15,Jeune,Lille
39,No,Travel_Frequently,1089,Hardware,24,Below College,Human Resources,Medium,Femme,112,Low,4,Human Resources,High,Divorced,8992,251776,1,0,25,Outstanding,High,3,17,2,Good,13,8,2,4,Adulte,Lille
46,No,Travel_Rarely,1225,Human Resources,28,Below College,Marketing,High,Femme,182,High,3,Research Scientist,Medium,Divorced,7165,78815,0,0,1,Good,High,4,22,6,Best,16,13,15,10,Senior,Marseille
59,No,Travel_Frequently,929,Sales,20,Bachelor,Life Sciences,High,Homme,50,Low,1,Developer,High,Divorced,40089,80178,2,1,5,Bad,Medium,1,30,6,Best,27,26,18,14,Senior,Lyon
53,No,Non-Travel,495,Research & Development,33,Below College,Human Resources,High,Femme,52,High,1,Research Scientist,High,Married,12662,379860,1,0,23,Outstanding,Medium,1,9,3,Good,4,2,4,1,Senior,Paris
26,No,Travel_Frequently,757,Software,33,Master,Medical,Medium,Homme,88,Low,3,Developer,Low,Married,35432,637776,2,1,20,Good,High,4,10,4,Better,1,1,1,1,Jeune,Nantes
48,No,Travel_Rarely,826,Sales,50,Doctor,Marketing,High,Femme,94,High,4,Healthcare Representative,Medium,Married,9243,101673,3,0,20,Excellent,Medium,4,33,2,Best,7,1,1,7,Senior,Lyon
33,Yes,Non-Travel,1146,Research & Development,32,Below College,Life Sciences,Medium,Femme,180,Medium,3,Sales Representative,High,Married,20293,284102,1,0,28,Outstanding,Very High,4,26,3,Good,2,2,2,1,Adulte,Paris
56,Yes,Travel_Frequently,813,Support,34,Bachelor,Life Sciences,High,Femme,90,Very High,3,Research Director,High,Single,7639,7639,5,0,42,Bad,Low,4,36,5,Best,3,2,2,3,Senior,Grenoble
34,No,Travel_Rarely,1238,Software,6,Bachelor,Marketing,Very High,Femme,121,Low,5,Manager,Medium,Single,42348,127044,6,0,15,Good,Very High,4,35,3,Good,31,9,27,28,Adulte,Nantes
40,No,Travel_Rarely,153,Sales,50,Master,Other,Medium,Femme,122,Medium,3,Research Director,High,Divorced,13068,352836,3,0,4,Excellent,Very High,3,32,5,Better,10,5,6,1,Adulte,Lyon
29,Yes,Non-Travel,998,Support,39,Master,Human Resources,Low,Femme,117,High,2,Manager,Very High,Single,50460,252300,2,0,24,Excellent,Medium,1,7,3,Good,3,3,3,1,Jeune,Grenoble
41,No,Travel_Frequently,207,Hardware,2,Master,Medical,Medium,Femme,44,Medium,5,Research Director,Medium,Married,25015,600360,6,1,17,Bad,Very High,4,2,3,Better,1,1,1,1,Adulte,Lille
20,Yes,Non-Travel,595,Sales,13,Master,Medical,High,Homme,171,Low,1,Laboratory Technician,Low,Single,41627,291389,7,1,11,Outstanding,Very High,3,24,2,Bad,13,7,3,3,Jeune,Lyon
53,No,Travel_Frequently,1082,Research & Development,48,College,Other,High,Homme,112,Low,4,Developer,High,Single,5954,148850,5,1,11,Outstanding,Medium,2,12,2,Bad,3,3,2,2,Senior,Paris
51,Yes,Non-Travel,696,Sales,1,Doctor,Technical Degree,Very High,Femme,45,Very High,4,Research Scientist,Very High,Single,43282,432820,1,1,9,Excellent,Very High,4,14,6,Bad,11,5,6,4,Senior,Lyon
58,Yes,Travel_Rarely,976,Software,42,Below College,Technical Degree,Medium,Femme,38,Low,1,Human Resources,Medium,Divorced,29961,29961,0,0,15,Outstanding,Low,3,34,3,Better,30,7,29,10,Senior,Nantes
59,Yes,Travel_Frequently,852,Human Resources,49,Master,Medical,High,Homme,154,Medium,1,Manager,Very High,Single,10633,233926,0,1,12,Good,Low,3,29,4,Best,17,9,13,16,Senior,Marseille
43,Yes,Travel_Frequently,1072,Support,50,College,Other,Medium,Homme,86,Medium,1,Research Scientist,High,Single,34639,658141,5,1,16,Outstanding,High,3,29,3,Best,1,1,1,1,Adulte,Grenoble
34,No,Travel_Rarely,461,Research & Development,34,Master,Life Sciences,Medium,Femme,112,Medium,3,Healthcare Representative,Very High,Divorced,31226,936780,2,1,49,Good,Low,4,3,6,Good,2,1,1,1,Adulte,Paris
39,No,Travel_Rarely,1386,Hardware,18,Doctor,Other,Very High,Homme,199,High,2,Developer,Medium,Divorced,12307,36921,5,1,48,Good,Medium,2,4,2,Bad,2,1,2,2,Adulte,Lille
43,Yes,Travel_Rarely,183,Sales,20,College,Technical Degree,Low,Femme,178,Low,5,Developer,Low,Single,41429,704293,2,1,13,Good,Very High,3,9,6,Bad,2,2,1,1,Adulte,Lyon
58,Yes,Travel_Rarely,1379,Research & Development,25,Bachelor,Medical,Medium,Femme,168,High,3,Manufacturing Director,Medium,Married,38879,38879,1,1,27,Excellent,Low,2,10,1,Good,8,3,4,5,Senior,Paris
58,No,Travel_Frequently,595,Research & Development,27,College,Human Resources,Low,Homme,165,Very High,1,Developer,Very High,Married,22005,396090,0,1,7,Bad,High,4,30,3,Good,5,3,4,2,Senior,Paris
60,Yes,Travel_Frequently,1252,Software,39,College,Medical,High,Homme,178,High,3,Laboratory Technician,Low,Divorced,1381,35906,6,0,30,Good,High,3,40,6,Better,28,6,5,13,Senior,Nantes
34,No,Non-Travel,858,Research & Development,50,College,Marketing,Very High,Homme,131,Very High,1,Sales Executive,High,Married,2493,2493,2,1,47,Good,Medium,4,12,1,Bad,12,4,2,4,Adulte,Paris
56,No,Travel_Rarely,200,Research & Development,13,College,Marketing,High,Femme,33,Low,2,Manufacturing Director,Low,Divorced,47538,713070,3,0,17,Outstanding,Very High,1,11,2,Bad,3,1,3,2,Senior,Paris
24,Yes,Travel_Rarely,491,Sales,31,Bachelor,Other,Medium,Homme,53,High,2,Healthcare Representative,Low,Divorced,16544,496320,2,1,45,Bad,High,4,10,4,Best,10,9,3,4,Jeune,Lyon
